Office,Precinct,Early Ballots Cast,Election Ballots Cast,Total Ballots Cast,Registered Voters,Percent Turnout,REP Orlando Sanchez,DEM David Rosen,Totals
County Treasurer,0001,417,466,883,2358,37.45%,304,535,839
County Treasurer,0002,333,313,646,1961,32.94%,279,338,617
County Treasurer,0003,325,405,731,1560,46.86%,274,406,680
County Treasurer,0004,359,487,856,1668,51,32%,335,477,812
County Treasurer,0005,279,448,727,1417,51.31%,269,418,687
County Treasurer,0006,555,456,1112,3702,30.04%,649,433,1082
County Treasurer,0007,209,110,319,1017,31.37%,15,296,311
County Treasurer,0008,393,310,703,1744,40.31%,364,320,684
County Treasurer,0009,205,223,429,1874,22.89%,127,270,397
County Treasurer,0010,255,171,426,1753,24.30%,137,262,399
County Treasurer,0011,184,176,360,1785,20.17%,82,255,337
County Treasurer,0012,55,66,152,735,20.68%,87,61,148
County Treasurer,0013,548,361,909,2689,33.80%,664,213,877
County Treasurer,0014,442,495,937,1870,50.11%,500,390,890
County Treasurer,0015,597,898,1495,2878,51.95%,868,550,1418
County Treasurer,0016,239,137,376,1071,35.11%,176,182,358
County Treasurer,0017,185,215,400,1162,34.42%,187,198,385
County Treasurer,0018,371,351,722,1443,50.03%,342,344,686
County Treasurer,0019,170,207,377,1170,32.22%,128,233,361
County Treasurer,0020,311,287,598,2646,22.60%,184,393,577
County Treasurer,0021,175,184,360,1122,32.09%,78,267,345
County Treasurer,0022,397,322,719,2473,29.07%,145,553,698
County Treasurer,0023,31,22,53,541,9.80%,12,39,51
County Treasurer,0024,106,88,194,655,29.62%,16,170,186
County Treasurer,0025,104,143,247,1086,22.74%,12,231,243
County Treasurer,0026,239,277,516,1845,27.97%,160,319,479
County Treasurer,0027,463,427,890,3074,28.95%,276,580,856
County Treasurer,0028,535,405,1041,3029,34.37%,675,329,1004
County Treasurer,0029,194,237,431,2638,16.34%,184,227,411
County Treasurer,0030,358,391,759,2403,31.59%,204,532,736
County Treasurer,0031,453,280,733,2511,29.19%,22,690,712
County Treasurer,0032,318,405,723,2398,30.15%,306,378,684
County Treasurer,0033,707,615,1322,3706,35.67%,445,811,1256
County Treasurer,0034,625,579,1204,2786,43.22%,297,862,1159
County Treasurer,0035,4,0,4,11,36.36%,1,3,4
County Treasurer,0036,416,318,734,2927,25.08%,218,484,702
County Treasurer,0037,542,436,978,2106,46.44%,297,630,927
County Treasurer,0038,784,589,1373,2875,47.76%,490,828,1318
County Treasurer,0039,657,575,1232,2759,44.65%,317,853,1170
County Treasurer,0040,136,152,288,541,53.23%,146,130,276
County Treasurer,0041,176,230,406,1334,30.43%,171,222,393
County Treasurer,0042,228,109,337,1071,31.47%,5,322,327
County Treasurer,0043,293,210,503,1695,29.68%,278,210,488
County Treasurer,0044,204,222,426,2001,21.29%,113,292,405
County Treasurer,0045,894,750,1644,6698,24.54%,331,1274,1605
County Treasurer,0046,290,247,537,2511,21.39%,127,389,516
County Treasurer,0047,213,218,431,1627,26.49%,17,401,418
County Treasurer,0048,157,142,299,940,31.81%,26,264,290
County Treasurer,0049,584,482,1066,3343,31.89%,775,263,1038
County Treasurer,0050,785,771,1556,5211,29.86%,861,659,1520
County Treasurer,0051,353,243,596,1689,35.29%,435,142,577
County Treasurer,0052,422,447,869,2457,35.37%,427,406,833
County Treasurer,0053,564,726,1290,2971,43.42%,550,667,1217
County Treasurer,0054,269,364,633,1487,42.57%,332,275,607
County Treasurer,0055,191,251,442,1506,29.35%,202,216,418
County Treasurer,0056,282,278,560,1326,42.23%,389,150,539
County Treasurer,0057,710,831,1541,3153,48.87%,633,822,1455
County Treasurer,0058,469,556,1025,2690,38.10%,437,548,985
County Treasurer,0059,555,609,1164,2544,45.75%,476,624,1100
County Treasurer,0060,498,564,1062,2453,43.29%,267,739,1006
County Treasurer,0061,172,204,376,1773,21.21%,167,185,352
County Treasurer,0062,145,322,467,2181,21.41%,144,304,448
County Treasurer,0063,264,354,618,1826,33.84%,492,111,603
County Treasurer,0064,191,221,412,2141,19.24%,98,289,387
County Treasurer,0065,172,230,402,2167,18.55%,119,267,386
County Treasurer,0066,69,143,212,1098,19.31%,41,159,200
County Treasurer,0067,304,282,586,2794,20.97%,190,367,557
County Treasurer,0068,553,352,905,2924,30.95%,20,865,885
County Treasurer,0069,80,124,204,1284,15.89%,53,140,193
County Treasurer,0070,882,664,1546,3337,46.33%,930,538,1468
County Treasurer,0071,602,722,1324,4197,31.55%,662,600,1262
County Treasurer,0072,220,293,513,1924,26.66%,203,294,497
County Treasurer,0073,252,414,666,1555,42.83%,384,251,635
County Treasurer,0074,1153,782,1935,3583,54.01%,1520,352,1872
County Treasurer,0075,254,280,534,1444,36.98%,211,299,510
County Treasurer,0076,373,374,747,2362,31.63%,457,266,723
County Treasurer,0077,43,46,89,566,15.72%,22,64,86
County Treasurer,0078,180,201,381,1522,25.03%,163,207,370
County Treasurer,0079,205,306,511,2927,17.46%,173,308,481
County Treasurer,0080,501,351,852,2725,31.27%,237,586,823
County Treasurer,0081,183,187,370,1835,20.16%,149,200,349
County Treasurer,0082,639,671,1310,3368,38.90%,992,290,1282
County Treasurer,0083,1296,888,2184,6625,32.97%,1091,1031,2122
County Treasurer,0084,208,218,426,1373,31.03%,306,104,410
County Treasurer,0085,271,248,519,2173,23.88%,26,487,513
County Treasurer,0086,447,568,1015,2910,34.88%,484,486,970
County Treasurer,0087,574,787,1461,2818,51.85%,933,455,1388
County Treasurer,0088,123,118,241,693,34.78%,156,77,233
County Treasurer,0089,165,371,536,1094,48.99%,297,206,503
County Treasurer,0090,844,790,1634,3700,44.16%,1207,363,1570
County Treasurer,0091,219,222,441,1505,29.30%,265,159,424
County Treasurer,0092,695,462,1157,2242,51.61%,784,315,1099
County Treasurer,0093,381,301,682,3356,20.32%,291,353,644
County Treasurer,0094,51,43,94,549,17.12%,32,60,92
County Treasurer,0095,917,576,1493,3177,46.99%,1110,342,1452
County Treasurer,0096,83,83,166,1296,12.81%,23,142,165
County Treasurer,0097,1024,725,1749,4828,36.23%,1304,406,1710
County Treasurer,0098,403,488,891,2651,33.61%,728,136,864
County Treasurer,0099,254,184,438,2092,20.94%,213,213,426
County Treasurer,0100,155,173,338,1730,19.54%,180,148,328
County Treasurer,0101,72,58,130,946,13.74%,49,79,128
County Treasurer,0102,207,121,328,1872,17.52%,100,218,318
County Treasurer,0103,700,714,1414,5371,26.33%,804,571,1375
County Treasurer,0104,530,231,761,1905,39.95%,22,722,744
County Treasurer,0105,195,210,406,2165,18.75%,144,231,375
County Treasurer,0106,15,7,25,294,8.50%,15,9,24
County Treasurer,0107,154,197,351,2032,17.27%,66,271,337
County Treasurer,0108,558,272,940,3365,27.93%,580,336,916
County Treasurer,0109,529,245,774,2824,27.41%,10,744,754
County Treasurer,0110,554,494,1148,3042,37.74%,746,370,1116
County Treasurer,0111,815,795,1611,4102,39.27%,1185,365,1550
County Treasurer,0112,542,485,1027,2976,34.51%,762,227,989
County Treasurer,0113,552,429,991,2647,37.44%,613,339,952
County Treasurer,0114,707,547,1254,3311,37.87%,1009,223,1232
County Treasurer,0115,238,150,388,1800,21.56%,56,322,378
County Treasurer,0116,982,776,1758,3147,55.86%,1369,318,1687
County Treasurer,0117,215,226,441,1880,23.46%,223,204,427
County Treasurer,0118,304,123,427,759,56.26%,361,54,415
County Treasurer,0119,1288,1024,2312,5500,42.04%,1880,365,2245
County Treasurer,0120,712,422,1134,3191,35.54%,761,343,1104
County Treasurer,0121,92,178,270,848,31.84%,190,71,251
County Treasurer,0122,352,225,577,1890,30.53%,21,532,553
County Treasurer,0123,284,288,572,1392,41.09%,153,398,551
County Treasurer,0124,1734,1292,3026,7254,41.71%,2421,540,2961
County Treasurer,0125,415,332,747,2405,31.06%,458,266,724
County Treasurer,0126,893,467,1360,3100,43.87%,1204,127,1331
County Treasurer,0127,435,154,589,1836,32.08%,421,140,561
County Treasurer,0128,445,707,1152,2290,50.31%,738,356,1094
County Treasurer,0129,1030,1200,2230,5746,38.81%,1439,711,2150
County Treasurer,0130,727,523,1250,2333,53.58%,944,263,1207
County Treasurer,0131,251,259,510,1935,26.36%,130,357,487
County Treasurer,0132,593,323,916,2387,38.37%,24,869,893
County Treasurer,0133,513,858,1371,2662,51.50%,820,469,1289
County Treasurer,0134,192,265,457,1437,31.80%,223,215,438
County Treasurer,0135,727,579,1306,2671,48.90%,912,330,1242
County Treasurer,0136,503,371,874,2013,43.42%,48,802,850
County Treasurer,0137,166,141,307,716,42.88%,155,135,290
County Treasurer,0138,296,199,495,1699,29.13%,25,463,488
County Treasurer,0139,699,551,1250,3037,41.16%,570,633,1203
County Treasurer,0140,699,480,1179,3214,36.68%,148,995,1143
County Treasurer,0141,80,80,160,855,18.71%,95,59,154
County Treasurer,0142,87,103,190,902,21.06%,69,114,183
County Treasurer,0143,1962,580,2542,6386,39.81%,1843,650,2493
County Treasurer,0144,216,158,374,1093,34.22%,9,355,364
County Treasurer,0145,264,213,477,1538,31.01%,10,455,465
County Treasurer,0146,426,519,945,2008,47.06%,441,469,910
County Treasurer,0147,689,329,1018,3008,33.84%,134,864,998
County Treasurer,0148,500,780,1280,2540,50.39%,525,698,1223
County Treasurer,0149,1621,737,2358,7993,29.50%,1246,1060,2306
County Treasurer,0150,236,169,405,1256,32.25%,11,389,400
County Treasurer,0151,137,79,216,826,26.15%,13,198,211
County Treasurer,0152,213,299,512,2788,18.36%,153,340,493
County Treasurer,0153,125,206,331,1808,18.31%,121,200,321
County Treasurer,0154,249,183,432,2190,19.73%,147,269,416
County Treasurer,0155,1022,619,1641,4109,39.94%,1162,431,1593
County Treasurer,0156,799,326,1125,3071,36.63%,53,1047,1100
County Treasurer,0157,448,214,662,2236,29.61%,31,615,646
County Treasurer,0158,600,315,915,3035,30.15%,23,867,890
County Treasurer,0159,116,127,243,998,24.35%,39,197,236
County Treasurer,0160,122,73,195,696,28.02%,4,189,193
County Treasurer,0161,163,141,304,991,30.68%,7,288,295
County Treasurer,0162,101,83,184,1265,14.55%,73,100,173
County Treasurer,0163,230,320,550,3037,18.11%,246,276,522
County Treasurer,0164,182,205,387,1420,27.25%,12,368,380
County Treasurer,0165,535,483,1018,2334,43.62%,677,302,979
County Treasurer,0166,158,233,391,1028,38.04%,114,255,369
County Treasurer,0167,3,0,3,24,12.50%,0,3,3
County Treasurer,0168,92,58,150,503,29.82%,6,140,146
County Treasurer,0169,518,251,767,2513,30.52%,14,734,748
County Treasurer,0170,271,141,412,1869,22.04%,228,164,392
County Treasurer,0171,202,198,400,1604,24.94%,15,373,388
County Treasurer,0172,88,80,166,621,26.73%,81,79,160
County Treasurer,0173,817,739,1556,3599,43.23%,1263,251,1514
County Treasurer,0174,829,733,1562,3296,47.39%,1109,390,1499
County Treasurer,0175,557,749,1306,2618,49.89%,687,552,1239
County Treasurer,0176,344,451,795,1602,49.63%,415,334,749
County Treasurer,0177,278,326,604,1496,40.37%,348,230,578
County Treasurer,0178,504,365,869,1765,49.24%,607,218,825
County Treasurer,0179,256,188,444,1575,28.19%,248,177,425
County Treasurer,0180,470,343,813,2834,28.69%,22,752,774
County Treasurer,0181,175,262,437,2061,21.20%,158,264,422
County Treasurer,0182,590,974,1564,3405,45.93%,952,519,1471
County Treasurer,0183,519,794,1313,2491,52.71%,870,378,1248
County Treasurer,0184,106,135,241,994,24.25%,94,126,220
County Treasurer,0185,283,292,575,1933,29.75%,218,335,553
County Treasurer,0186,97,106,203,798,25.44%,46,151,197
County Treasurer,0187,21,25,46,311,14.79%,15,28,43
County Treasurer,0188,153,146,299,1637,18.27%,148,143,291
County Treasurer,0189,239,360,599,1465,40.89%,324,242,566
County Treasurer,0190,120,177,297,1723,17.24%,135,152,287
County Treasurer,0191,79,126,205,1366,15.01%,98,102,200
County Treasurer,0192,380,225,605,1959,30.88%,30,559,589
County Treasurer,0193,173,187,360,1074,33.52%,13,336,349
County Treasurer,0194,350,431,781,1912,40.85%,248,503,751
County Treasurer,0195,269,278,547,1694,32.29%,24,511,535
County Treasurer,0196,52,32,84,316,26.58%,6,76,82
County Treasurer,0197,543,309,852,2914,29.24%,16,823,839
County Treasurer,0198,53,74,127,642,19.78%,5,119,124
County Treasurer,0199,812,661,1473,3216,45.80%,1154,261,1415
County Treasurer,0200,962,536,1498,3382,44.29%,698,721,1419
County Treasurer,0201,98,87,185,724,25.55%,3,178,181
County Treasurer,0202,217,189,406,1464,27.73%,13,384,397
County Treasurer,0203,107,68,175,960,18.23%,53,115,168
County Treasurer,0204,816,784,1600,3487,45.88%,919,604,1523
County Treasurer,0205,464,171,635,1664,38.16%,19,607,626
County Treasurer,0206,362,462,824,2779,29.65%,274,518,792
County Treasurer,0207,265,261,526,1188,44.28%,199,307,506
County Treasurer,0208,322,262,584,2195,26.61%,191,372,563
County Treasurer,0209,0,2,2,0,0.00%,2,0,2
County Treasurer,0210,502,467,969,2533,38.26%,112,834,946
County Treasurer,0211,307,386,693,2914,23.78%,296,366,662
County Treasurer,0212,96,155,251,1300,19.31%,64,180,244
County Treasurer,0213,826,913,1739,3350,51.91%,1385,270,1655
County Treasurer,0214,404,491,895,1854,48.27%,586,277,863
County Treasurer,0215,421,711,1132,2258,50.13%,693,384,1077
County Treasurer,0216,362,223,585,1945,30.08%,46,527,573
County Treasurer,0217,844,631,1475,2678,55.08%,970,410,1380
County Treasurer,0218,391,402,793,2292,34.60%,288,465,753
County Treasurer,0219,496,436,932,2767,33.68%,57,842,899
County Treasurer,0220,325,187,512,2310,22.16%,365,135,500
County Treasurer,0221,332,369,701,2529,27.72%,328,344,672
County Treasurer,0222,623,674,1297,2501,51.86%,604,621,1225
County Treasurer,0223,563,377,940,3582,26.24%,267,625,892
County Treasurer,0224,530,456,986,2238,44.06%,482,453,935
County Treasurer,0225,376,405,781,3305,23.63%,398,362,760
County Treasurer,0226,227,307,534,2436,21.92%,160,350,510
County Treasurer,0227,558,423,981,1785,54.96%,745,180,925
County Treasurer,0228,362,195,557,1050,53.05%,26,512,538
County Treasurer,0229,31,96,127,815,15.58%,63,59,122
County Treasurer,0230,185,116,301,1089,27.64%,8,283,291
County Treasurer,0231,233,264,497,2232,22.27%,143,333,476
County Treasurer,0232,361,474,835,1760,47.44%,469,325,794
County Treasurer,0233,890,801,1691,4445,38.04%,827,763,1590
County Treasurer,0234,1192,913,2105,3993,52.72%,1615,391,2006
County Treasurer,0235,240,158,398,1356,29.35%,12,374,386
County Treasurer,0236,354,235,589,2079,28.33%,18,559,577
County Treasurer,0237,416,253,669,2161,30.96%,15,635,650
County Treasurer,0238,339,245,584,1925,30.34%,16,555,571
County Treasurer,0239,383,236,619,1964,31.52%,25,587,612
County Treasurer,0240,585,243,828,2649,31.26%,31,779,810
County Treasurer,0241,222,229,451,2372,19.01%,193,238,431
County Treasurer,0242,173,162,335,1596,20.99%,198,123,321
County Treasurer,0243,138,43,181,457,39.61%,1,179,180
County Treasurer,0244,480,425,905,3117,29.03%,514,354,868
County Treasurer,0245,945,799,1745,5828,29.94%,1239,468,1707
County Treasurer,0246,584,513,1197,3315,36.11%,865,303,1168
County Treasurer,0247,173,254,427,1582,26.99%,18,403,421
County Treasurer,0248,161,167,328,2100,15.62%,96,219,315
County Treasurer,0249,461,348,809,2719,29.75%,565,221,786
County Treasurer,0250,109,164,273,964,28.32%,9,260,269
County Treasurer,0251,278,436,714,2089,34.18%,31,671,702
County Treasurer,0252,504,312,816,2377,34.33%,15,784,799
County Treasurer,0253,379,222,601,2177,27.61%,11,576,587
County Treasurer,0254,93,112,205,1550,13.23%,69,127,196
County Treasurer,0255,525,648,1173,2482,47.26%,570,553,1123
County Treasurer,0256,575,449,1024,3254,31.47%,498,477,975
County Treasurer,0257,204,245,449,2523,17.80%,148,284,432
County Treasurer,0258,839,800,1539,3322,49.34%,1222,347,1569
County Treasurer,0259,555,382,1038,2361,43.96%,26,985,1011
County Treasurer,0260,162,145,307,1260,24.37%,183,112,295
County Treasurer,0261,124,120,244,1417,17.22%,106,129,235
County Treasurer,0262,758,600,1358,4397,30.88%,863,439,1302
County Treasurer,0263,858,712,1570,3693,42.51%,1215,311,1526
County Treasurer,0264,480,457,937,2963,31.62%,593,303,896
County Treasurer,0265,988,759,1747,3584,48.74%,1335,334,1669
County Treasurer,0266,259,257,516,2104,24.52%,268,225,493
County Treasurer,0267,146,166,312,1327,23.51%,162,130,292
County Treasurer,0268,435,717,1152,2493,46.21%,662,417,1079
County Treasurer,0269,702,453,1155,2030,56.90%,930,181,1111
County Treasurer,0270,817,672,1489,3605,41.30%,860,574,1434
County Treasurer,0271,656,382,1038,2518,41.22%,30,997,1027
County Treasurer,0272,264,292,555,2162,25.72%,235,306,541
County Treasurer,0273,548,689,1237,2470,50.08%,1013,181,1194
County Treasurer,0274,588,346,934,2153,43.38%,645,252,897
County Treasurer,0275,207,236,443,1850,23.95%,115,318,433
County Treasurer,0276,572,231,803,2536,31.66%,13,776,789
County Treasurer,0277,170,186,356,1492,23.86%,172,171,343
County Treasurer,0278,421,320,741,2454,30.20%,426,289,715
County Treasurer,0279,250,223,473,1941,24.37%,279,177,456
County Treasurer,0280,130,188,318,1524,20.87%,147,159,306
County Treasurer,0281,655,742,1397,2633,53.06%,674,648,1322
County Treasurer,0282,314,455,769,2042,37.66%,508,233,741
County Treasurer,0283,0,0,0,0,0.00%,0,0,0
County Treasurer,0284,574,336,910,3172,28.69%,429,440,869
County Treasurer,0285,448,378,826,2540,32.52%,85,719,804
County Treasurer,0286,1255,821,2076,6170,33.65%,203,1812,2015
County Treasurer,0287,370,477,847,1621,52.25%,436,375,811
County Treasurer,0288,532,313,845,2210,38.24%,19,809,828
County Treasurer,0289,186,212,398,1564,25.45%,211,170,381
County Treasurer,0290,245,298,543,1642,33.07%,408,119,527
County Treasurer,0291,325,235,560,1225,45.71%,292,244,536
County Treasurer,0292,207,147,354,1356,26.11%,45,297,342
County Treasurer,0293,356,447,803,1759,45.65%,375,389,764
County Treasurer,0294,488,221,709,2097,33.81%,8,687,695
County Treasurer,0295,148,103,251,885,28.36%,9,237,246
County Treasurer,0296,327,340,667,1713,38.94%,391,233,624
County Treasurer,0297,280,249,529,2012,26.29%,242,256,498
County Treasurer,0298,415,358,773,2121,36.45%,463,273,736
County Treasurer,0299,178,117,295,1353,21.80%,121,151,272
County Treasurer,0300,1,1389,1015,2405,5406,44.49%,1919,405,2324
County Treasurer,0301,210,255,465,2352,19.77%,191,252,443
County Treasurer,0302,353,343,696,2720,25.59%,408,270,678
County Treasurer,0303,922,784,1706,3245,52.57%,1392,255,1647
County Treasurer,0304,606,505,1111,2298,48.35%,631,430,1061
County Treasurer,0305,524,432,956,4191,22.81%,410,527,937
County Treasurer,0306,549,342,991,1879,52.74%,731,219,950
County Treasurer,0307,733,670,1403,3099,45.27%,968,364,1332
County Treasurer,0308,199,130,329,1296,25.39%,120,202,322
County Treasurer,0309,708,593,1301,2524,51.55%,1049,201,1250
County Treasurer,0310,386,279,665,1435,46.34%,465,168,633
County Treasurer,0311,486,421,907,2986,30.38%,507,349,856
County Treasurer,0312,742,457,1199,3636,32.98%,804,357,1161
County Treasurer,0313,9,0,9,62,14.52%,7,1,8
County Treasurer,0314,1121,913,2034,5647,36.02%,1291,685,1976
County Treasurer,0315,478,388,866,1608,53.86%,505,328,833
County Treasurer,0316,412,341,753,1537,48.99%,426,290,716
County Treasurer,0317,248,209,457,1588,28.78%,148,290,438
County Treasurer,0318,834,568,1402,3660,38.31%,87,1286,1373
County Treasurer,0319,512,230,742,2158,34.38%,48,664,712
County Treasurer,0320,234,168,402,1537,26.15%,209,180,389
County Treasurer,0321,262,191,453,2346,19.31%,186,246,432
County Treasurer,0322,181,129,310,1226,25.29%,104,195,299
County Treasurer,0323,278,211,489,1722,28.40%,244,227,471
County Treasurer,0324,532,646,1178,2336,50.43%,755,364,1119
County Treasurer,0325,289,193,482,2112,22.82%,111,352,463
County Treasurer,0326,87,74,161,698,23.07%,81,74,155
County Treasurer,0327,380,129,509,1729,29.44%,7,489,496
County Treasurer,0328,151,140,291,1434,20.29%,138,144,282
County Treasurer,0329,189,184,373,1397,26.70%,155,203,358
County Treasurer,0330,334,253,587,1936,30.32%,341,224,565
County Treasurer,0331,0,0,0,0,0.00%,0,0,0
County Treasurer,0332,18,7,25,138,18.12%,16,8,24
County Treasurer,0333,524,714,1238,3021,40.98%,866,320,1186
County Treasurer,0334,83,42,125,742,16.85%,21,97,118
County Treasurer,0335,121,98,219,1300,16.85%,86,123,209
County Treasurer,0336,866,624,1490,4051,36.78%,140,1325,1465
County Treasurer,0337,124,103,227,1029,22.06%,40,176,216
County Treasurer,0338,730,391,1121,4934,22.72%,400,649,1049
County Treasurer,0339,202,222,424,1757,24.13%,126,276,402
County Treasurer,0340,1038,594,1632,3765,43.35%,1244,325,1569
County Treasurer,0341,91,167,258,1290,20.00%,94,157,251
County Treasurer,0342,675,605,1280,6526,19.61%,221,1027,1248
County Treasurer,0343,189,271,460,1964,23.42%,156,283,439
County Treasurer,0344,154,172,326,1160,28.10%,16,297,313
County Treasurer,0345,156,165,321,1804,17.79%,99,203,302
County Treasurer,0346,0,1,1,3,33.33%,1,0,1
County Treasurer,0347,592,436,1028,3387,30.35%,696,300,996
County Treasurer,0348,438,208,646,1708,37.82%,498,121,619
County Treasurer,0349,188,267,455,1349,33.73%,277,161,438
County Treasurer,0350,524,526,1050,2909,36.09%,426,562,988
County Treasurer,0351,1491,710,2201,4712,46.71%,1757,384,2141
County Treasurer,0352,520,339,859,3205,26.80%,625,209,834
County Treasurer,0353,665,451,1116,3862,28.90%,220,870,1090
County Treasurer,0354,715,338,1053,3388,31.08%,276,750,1026
County Treasurer,0355,301,264,565,1560,36.22%,59,493,552
County Treasurer,0356,594,538,1132,2972,38.09%,756,342,1098
County Treasurer,0357,837,575,1412,3517,40.15%,1041,336,1377
County Treasurer,0358,212,254,466,2492,18.70%,53,399,452
County Treasurer,0359,234,224,458,3061,14.96%,66,381,447
County Treasurer,0360,522,380,902,2146,42.03%,484,358,842
County Treasurer,0361,41,295,336,1673,20.08%,51,242,293
County Treasurer,0362,1138,887,2025,5086,39.82%,1513,433,1946
County Treasurer,0363,620,412,1032,3677,28.07%,475,535,1010
County Treasurer,0364,488,405,893,2658,33.60%,540,329,869
County Treasurer,0365,478,231,709,1305,54.33%,61,633,694
County Treasurer,0366,252,270,522,2454,21.27%,150,359,509
County Treasurer,0367,170,138,308,1130,27.26%,64,236,300
County Treasurer,0368,178,88,266,958,27.77%,75,183,258
County Treasurer,0369,32,29,61,559,10.91%,20,39,59
County Treasurer,0370,1532,1105,2637,6593,40.00%,2007,558,2565
County Treasurer,0371,122,52,174,502,34.66%,6,163,169
County Treasurer,0372,221,170,391,1224,31.94%,58,322,380
County Treasurer,0373,21,12,33,157,21.02%,2,29,31
County Treasurer,0374,65,93,158,738,21.41%,67,87,154
County Treasurer,0375,254,220,474,2645,17.92%,244,200,444
County Treasurer,0376,278,205,483,1910,25.29%,226,243,469
County Treasurer,0377,525,583,1109,2920,37.98%,814,248,1062
County Treasurer,0378,232,354,586,1829,32.04%,371,191,562
County Treasurer,0379,431,289,720,2027,35.52%,90,614,704
County Treasurer,0380,1299,995,2294,5666,40.49%,1278,958,2236
County Treasurer,0381,412,248,660,2855,23.12%,319,318,637
County Treasurer,0382,132,157,289,922,31.34%,209,73,282
County Treasurer,0383,289,263,552,2173,25.40%,241,296,537
County Treasurer,0384,573,373,946,2657,35.60%,199,723,922
County Treasurer,0385,583,670,1253,2207,56.77%,976,223,1199
County Treasurer,0386,662,469,1131,2922,38.71%,831,260,1091
County Treasurer,0387,555,672,1227,3935,31.18%,888,307,1195
County Treasurer,0388,1430,1010,2440,6888,35.42%,1437,945,2382
County Treasurer,0389,91,208,299,1026,29.14%,43,232,275
County Treasurer,0390,356,263,619,1480,41.82%,79,521,600
County Treasurer,0391,508,260,768,1883,40.79%,487,254,741
County Treasurer,0392,387,155,542,1446,37.48%,11,521,532
County Treasurer,0393,165,185,350,1292,27.09%,169,172,341
County Treasurer,0394,69,73,142,834,17.03%,72,66,138
County Treasurer,0395,469,404,873,1846,47.29%,645,193,838
County Treasurer,0396,622,216,838,2082,40.25%,20,795,815
County Treasurer,0397,86,78,164,760,21,58%,84,77,161
County Treasurer,0398,615,521,1136,4022,28.24%,617,494,1111
County Treasurer,0399,402,366,768,2791,27.52%,441,308,749
County Treasurer,0400,620,359,979,2411,40.61%,725,219,944
County Treasurer,0401,330,205,535,1913,27.97%,24,499,523
County Treasurer,0402,466,266,732,1794,40.80%,35,676,711
County Treasurer,0403,475,498,973,1715,56.73%,542,377,919
County Treasurer,0404,419,330,749,2585,28.97%,447,276,723
County Treasurer,0405,0,0,0,0,0.00%,0,0,0
County Treasurer,0406,137,67,204,628,32.48%,2,196,198
County Treasurer,0407,688,793,1481,3769,39.29%,1008,414,1422
County Treasurer,0408,146,153,299,1691,17.68%,151,137,288
County Treasurer,0409,122,149,271,1459,18.57%,117,146,263
County Treasurer,0410,132,80,212,899,23.58%,50,153,203
County Treasurer,0411,235,200,435,2339,18.60%,169,249,418
County Treasurer,0412,74,44,118,468,25.21%,7,106,113
County Treasurer,0413,767,386,1153,2992,38.54%,468,648,1116
County Treasurer,0414,654,480,1134,3453,32.84%,880,218,1098
County Treasurer,0415,539,598,1137,2203,51.61%,784,310,1094
County Treasurer,0416,538,558,1096,3791,28.91%,630,430,1060
County Treasurer,0417,353,385,738,2448,30.15%,394,320,714
County Treasurer,0418,403,469,872,3584,24.33%,377,461,838
County Treasurer,0419,571,324,895,2658,33.67%,612,247,859
County Treasurer,0420,1036,874,1910,4762,40.11%,1578,273,1851
County Treasurer,0421,36,37,73,410,17.80%,27,43,70
County Treasurer,0422,731,402,1133,3345,33.87%,37,1077,1114
County Treasurer,0423,108,120,228,1376,16.57%,82,139,221
County Treasurer,0424,240,111,351,967,36.30%,219,115,334
County Treasurer,0425,107,123,230,883,26.05%,94,127,221
County Treasurer,0426,260,183,443,1218,36.37%,272,153,425
County Treasurer,0427,179,134,313,1092,28.66%,141,158,299
County Treasurer,0428,619,421,1040,4538,22.92%,338,624,962
County Treasurer,0429,445,314,759,3197,23.74%,213,501,714
County Treasurer,0430,161,133,294,1657,17.74%,94,193,287
County Treasurer,0431,327,84,411,3417,12.03%,155,240,395
County Treasurer,0432,123,157,280,1455,19.24%,113,159,272
County Treasurer,0433,50,63,113,581,19.45%,27,79,106
County Treasurer,0434,370,289,659,1503,43.85%,421,210,631
County Treasurer,0435,855,636,1491,3252,45.85%,986,441,1427
County Treasurer,0436,629,531,1160,2933,39.55%,736,370,1106
County Treasurer,0437,521,512,1033,2033,50.81%,749,246,995
County Treasurer,0438,517,389,1006,1861,54.06%,787,182,969
County Treasurer,0439,710,884,1594,3554,44.85%,1168,357,1525
County Treasurer,0440,664,858,1522,2930,51.95%,1224,232,1456
County Treasurer,0441,345,420,765,1669,45.84%,591,147,738
County Treasurer,0442,612,574,1186,2575,46.06%,988,163,1151
County Treasurer,0443,225,138,354,646,56.35%,255,92,347
County Treasurer,0444,587,583,1270,3262,38.93%,822,396,1218
County Treasurer,0445,499,348,847,2026,41.81%,591,230,821
County Treasurer,0446,31,22,53,291,18.21%,25,25,50
County Treasurer,0447,93,86,179,637,28.10%,55,117,172
County Treasurer,0448,590,778,1368,3138,43.59%,783,522,1305
County Treasurer,0449,12,23,35,198,17.68%,4,31,35
County Treasurer,0450,435,328,763,2635,28.96%,242,496,738
County Treasurer,0451,1002,510,1512,2687,56.27%,1248,205,1453
County Treasurer,0452,554,444,998,3048,32.74%,738,234,972
County Treasurer,0453,231,262,493,1937,25.45%,207,267,474
County Treasurer,0454,594,248,842,2561,32.88%,10,816,826
County Treasurer,0455,367,165,532,1689,31.50%,22,502,524
County Treasurer,0456,482,362,844,3513,24.03%,488,337,825
County Treasurer,0457,0,0,0,0,0.00%,0,0,0
County Treasurer,0458,471,237,708,1924,36.80%,46,638,684
County Treasurer,0459,951,474,1425,3021,47.17%,1129,250,1379
County Treasurer,0460,554,331,885,2837,31.19%,249,620,869
County Treasurer,0461,1155,735,1900,3871,49.08%,1357,453,1810
County Treasurer,0462,674,619,1293,3384,38.21%,485,762,1247
County Treasurer,0463,480,404,884,3326,26.58%,415,441,856
County Treasurer,0464,356,430,786,2257,34.82%,569,196,765
County Treasurer,0465,687,520,1207,3564,33.87%,704,472,1176
County Treasurer,0466,1058,614,1672,4184,39.96%,986,645,1631
County Treasurer,0467,213,189,402,1270,31.65%,101,292,393
County Treasurer,0468,352,443,795,3598,22.10%,262,503,765
County Treasurer,0469,1294,547,1841,3985,46.20%,1465,314,1779
County Treasurer,0470,185,176,361,1326,27.22%,268,77,345
County Treasurer,0471,375,380,755,2387,31.63%,601,134,735
County Treasurer,0472,198,278,476,1081,44.03%,200,247,447
County Treasurer,0473,599,391,990,1806,54.82%,698,246,944
County Treasurer,0474,559,588,1147,3037,37.77%,798,310,1108
County Treasurer,0475,189,267,456,1809,25.21%,230,207,437
County Treasurer,0476,404,473,877,2430,36.09%,507,337,844
County Treasurer,0477,737,567,1304,3505,37.20%,996,265,1261
County Treasurer,0478,958,657,1615,4461,36.20%,1109,452,1561
County Treasurer,0479,638,612,1250,2714,46.06%,943,268,1211
County Treasurer,0480,493,450,943,2415,39.05%,686,221,907
County Treasurer,0481,770,623,1393,3482,40.01%,1070,281,1351
County Treasurer,0482,878,630,1508,4373,34.48%,1097,374,1471
County Treasurer,0483,1042,478,1520,4308,35.28%,906,565,1471
County Treasurer,0484,1107,930,2037,4979,40.91%,1493,487,1980
County Treasurer,0485,1095,911,2006,5388,37.23%,1562,400,1962
County Treasurer,0486,873,855,1728,3866,44.70%,1373,296,1669
County Treasurer,0487,570,294,864,3860,22.38%,324,475,799
County Treasurer,0488,268,254,522,1719,30.37%,202,280,482
County Treasurer,0489,350,290,640,1893,33.81%,231,381,612
County Treasurer,0490,444,368,812,1975,41.11%,296,488,784
County Treasurer,0491,314,372,686,1888,36.33%,418,245,663
County Treasurer,0492,556,410,966,2335,41.37%,619,323,942
County Treasurer,0493,479,322,801,1853,43.23%,558,209,767
County Treasurer,0494,381,247,628,2467,25.46%,89,524,613
County Treasurer,0495,522,523,1045,2375,44.00%,774,225,999
County Treasurer,0496,190,315,505,2160,23.38%,218,274,492
County Treasurer,0497,526,243,769,2257,34.07%,27,723,750
County Treasurer,0498,363,323,686,2297,29.87%,313,358,671
County Treasurer,0499,750,518,1268,2326,54.51%,955,254,1209
County Treasurer,0500,729,715,1444,3507,41.17%,1007,390,1397
County Treasurer,0501,341,417,758,1801,42.09%,281,434,715
County Treasurer,0502,477,350,827,2501,33.07%,667,139,806
County Treasurer,0503,174,116,290,1374,21.11%,111,158,269
County Treasurer,0504,524,527,1151,2288,50.31%,768,345,1113
County Treasurer,0505,531,562,1193,3773,31.62%,569,577,1146
County Treasurer,0506,665,670,1335,3502,38.12%,245,1055,1300
County Treasurer,0507,221,149,370,2452,15.09%,77,226,303
County Treasurer,0508,492,412,904,3287,27.50%,359,482,841
County Treasurer,0509,753,596,1349,3732,36.15%,956,338,1294
County Treasurer,0510,687,514,1201,3590,33.45%,620,542,1162
County Treasurer,0511,0,0,0,0,0.00%,0,0,0
County Treasurer,0512,602,660,1262,5057,24.96%,613,616,1229
County Treasurer,0513,1019,487,1506,2894,52.04%,1183,272,1455
County Treasurer,0514,953,720,1673,4275,39.13%,1274,345,1619
County Treasurer,0515,942,683,1625,3455,47.03%,1339,237,1576
County Treasurer,0516,1000,800,1800,5356,33.61%,993,746,1739
County Treasurer,0517,481,256,737,2954,24.95%,436,283,719
County Treasurer,0518,635,693,1328,3943,33.68%,895,390,1285
County Treasurer,0519,623,493,1116,2966,37.63%,839,241,1080
County Treasurer,0520,473,457,930,4580,20.31%,179,733,912
County Treasurer,0521,471,464,935,2866,32.62%,507,396,903
County Treasurer,0522,715,572,1255,2689,47.90%,1013,236,1249
County Treasurer,0523,751,415,1166,3052,38.20%,799,328,1127
County Treasurer,0524,567,459,1026,3410,30.09%,364,632,996
County Treasurer,0525,707,482,1189,3091,38.47%,286,861,1147
County Treasurer,0526,58,84,152,780,19.49%,51,94,145
County Treasurer,0527,37,40,77,574,13.41%,44,32,76
County Treasurer,0528,14,12,26,90,28.89%,3,23,26
County Treasurer,0529,1043,491,1534,3710,41.35%,1322,163,1485
County Treasurer,0530,114,107,221,1196,18.48%,67,143,210
County Treasurer,0531,363,174,537,1145,46.90%,410,103,513
County Treasurer,0532,205,146,351,1048,33.49%,265,80,345
County Treasurer,0533,124,108,232,1119,20.73%,132,87,219
County Treasurer,0534,783,524,1,307,3837,34.06%,993,261,1254
County Treasurer,0535,33,29,62,416,14.90%,31,29,60
County Treasurer,0536,554,780,1334,5139,25.96%,560,731,1291
County Treasurer,0537,855,778,1633,3050,53.54%,1210,369,1579
County Treasurer,0538,204,160,364,1303,27.94%,13,344,357
County Treasurer,0539,15,241,256,64,400.00%,72,166,238
County Treasurer,0540,378,316,694,1567,44.29%,288,365,653
County Treasurer,0541,784,505,1289,4599,28.03%,189,1050,1239
County Treasurer,0542,360,382,742,2557,29.02%,62,658,720
County Treasurer,0543,141,213,354,1565,22.62%,136,199,335
County Treasurer,0544,35,41,77,310,24.84%,11,65,76
County Treasurer,0545,596,620,1216,3629,33.51%,638,543,1181
County Treasurer,0546,2,2,4,37,10.81%,3,0,3
County Treasurer,0547,501,466,967,2406,40.19%,692,244,936
County Treasurer,0548,286,293,579,2215,26.14%,309,258,567
County Treasurer,0549,343,418,761,2663,28.58%,114,632,746
County Treasurer,0550,501,431,932,3031,30.75%,541,363,904
County Treasurer,0551,1288,1394,2682,7034,38.13%,2049,570,2619
County Treasurer,0552,847,883,1730,3415,50.66%,1456,231,1687
County Treasurer,0553,578,529,1107,4686,23.62%,520,557,1077
County Treasurer,0554,261,199,460,1757,26.18%,99,332,431
County Treasurer,0555,225,277,502,2219,22.62%,112,372,484
County Treasurer,0556,276,186,462,2319,19.92%,143,305,448
County Treasurer,0557,455,183,638,2830,22.54%,273,295,568
County Treasurer,0558,693,463,1156,4380,26.39%,435,683,1118
County Treasurer,0559,640,494,1134,4969,22.82%,361,734,1095
County Treasurer,0560,72,131,203,1120,18.13%,60,129,189
County Treasurer,0561,362,436,798,3064,26.04%,486,283,769
County Treasurer,0562,113,68,181,694,26.08%,31,149,180
County Treasurer,0563,1107,376,1483,3105,47.76%,1176,256,1432
County Treasurer,0564,470,426,896,3155,28.40%,247,612,859
County Treasurer,0565,108,78,186,1354,13.74%,49,127,176
County Treasurer,0566,417,324,741,2882,25.71%,239,482,721
County Treasurer,0567,301,193,494,2238,22.07%,175,284,459
County Treasurer,0568,876,685,1561,3594,43.43%,1058,427,1485
County Treasurer,0569,572,667,1239,3525,35.15%,678,514,1192
County Treasurer,0570,238,210,448,1562,28.68%,155,261,416
County Treasurer,0571,155,149,304,1827,16.64%,128,169,297
County Treasurer,0572,555,375,930,3108,29.92%,486,417,903
County Treasurer,0573,290,151,441,1619,27.24%,10,427,437
County Treasurer,0574,31,42,73,402,18.16%,15,58,73
County Treasurer,0575,13,11,24,74,32.43%,19,4,23
County Treasurer,0576,485,318,803,2734,29.37%,26,763,789
County Treasurer,0577,147,88,235,608,38.65%,148,81,229
County Treasurer,0578,409,538,947,1799,52.64%,596,317,913
County Treasurer,0579,75,101,176,1056,16.67%,36,133,169
County Treasurer,0580,179,118,297,1031,28.81%,7,279,286
County Treasurer,0581,212,174,386,1032,37.40%,9,364,373
County Treasurer,0582,258,171,429,1588,27.02%,30,390,420
County Treasurer,0583,225,131,356,1262,28.21%,14,335,349
County Treasurer,0584,182,93,275,1014,27.12%,14,259,273
County Treasurer,0585,417,172,589,2511,23.46%,21,556,577
County Treasurer,0586,638,680,1318,4316,30.54%,811,467,1278
County Treasurer,0587,436,284,720,2598,27.71%,291,416,707
County Treasurer,0588,758,674,1432,3645,39.29%,1036,356,1392
County Treasurer,0589,500,386,886,3420,25.91%,496,366,862
County Treasurer,0590,772,399,1171,2162,54.16%,934,202,1136
County Treasurer,0591,183,231,414,2121,19.52%,137,261,398
County Treasurer,0592,133,157,290,1350,21.48%,83,199,282
County Treasurer,0593,543,564,1107,4380,25.27%,564,502,1066
County Treasurer,0594,561,326,887,2490,35.62%,266,604,870
County Treasurer,0595,201,178,379,1693,22.39%,75,296,371
County Treasurer,0596,441,348,789,3007,26.24%,446,321,767
County Treasurer,0597,367,394,761,3653,20.83%,336,412,748
County Treasurer,0598,195,57,252,728,34.62%,206,41,247
County Treasurer,0599,850,578,1428,4950,28.85%,524,867,1391
County Treasurer,0600,667,429,1096,3957,27.70%,458,593,1051
County Treasurer,0601,1073,756,1829,4057,45.08%,1413,368,1781
County Treasurer,0602,293,235,528,1326,39.82%,395,121,516
County Treasurer,0603,884,794,1678,4843,34.65%,1091,551,1642
County Treasurer,0604,702,518,1220,3005,40.60%,1013,174,1187
County Treasurer,0605,907,556,1463,5582,26.21%,384,1049,1433
County Treasurer,0606,176,70,246,937,26.25%,4,238,242
County Treasurer,0607,62,51,113,728,15.52%,13,96,109
County Treasurer,0608,31,47,78,537,14.53%,48,27,75
County Treasurer,0609,667,680,1347,3384,39.80%,861,433,1294
County Treasurer,0610,231,188,419,1927,21.74%,224,170,394
County Treasurer,0611,495,242,737,2488,29.62%,25,701,726
County Treasurer,0612,996,497,1493,3307,45.15%,1134,295,1429
County Treasurer,0613,186,204,390,1554,25.10%,75,305,380
County Treasurer,0614,737,566,1303,4207,30.97%,513,757,1270
County Treasurer,0615,480,299,779,1967,39.60%,508,253,761
County Treasurer,0616,739,663,1402,3436,40.80%,997,364,1361
County Treasurer,0617,541,393,934,3809,24.52%,401,517,918
County Treasurer,0618,946,567,1513,6003,25.20%,773,704,1477
County Treasurer,0619,1219,803,2022,4297,47.06%,1530,416,1946
County Treasurer,0620,689,264,953,2897,32.90%,611,308,919
County Treasurer,0621,154,101,255,1133,22.51%,140,108,248
County Treasurer,0622,881,524,1405,4403,31.91%,891,474,1365
County Treasurer,0623,887,487,1374,3691,37.23%,950,374,1324
County Treasurer,0624,1,1,2,3,66.67%,1,1,2
County Treasurer,0625,477,362,839,1820,46.10%,504,305,809
County Treasurer,0626,581,440,1021,2861,35.69%,591,394,985
County Treasurer,0627,346,322,668,3049,21.91%,243,401,644
County Treasurer,0628,152,219,371,1675,22.15%,205,159,364
County Treasurer,0629,37,53,90,696,12.93%,18,72,90
County Treasurer,0630,974,600,1574,3905,40.31%,139,1399,1538
County Treasurer,0631,822,404,1226,2846,43.08%,903,291,1194
County Treasurer,0632,7,4,11,343,3.21%,4,7,11
County Treasurer,0633,943,731,1674,3559,47.04%,1202,417,1619
County Treasurer,0634,458,442,900,3029,29.71%,599,272,871
County Treasurer,0635,743,485,1228,3393,36.19%,923,269,1192
County Treasurer,0636,835,874,1710,4140,41.30%,1480,185,1665
County Treasurer,0637,409,362,771,2512,30.69%,229,508,737
County Treasurer,0638,304,245,549,2204,24.91%,52,479,531
County Treasurer,0639,549,547,1096,2526,43.39%,893,171,1064
County Treasurer,0640,641,459,1100,3733,29.47%,700,367,1067
County Treasurer,0641,649,596,1245,3650,34.11%,841,369,1210
County Treasurer,0642,471,394,865,1764,49.04%,701,136,837
County Treasurer,0643,934,653,1587,5945,26.69%,652,895,1547
County Treasurer,0644,1019,823,1842,5523,33.35%,1252,525,1777
County Treasurer,0645,654,594,1248,4185,29.82%,694,517,1211
County Treasurer,0646,364,287,651,2220,29.32%,216,404,620
County Treasurer,0647,904,470,1374,6084,22.58%,384,879,1263
County Treasurer,0648,838,579,1417,3367,42.08%,1036,348,1384
County Treasurer,0649,687,434,1121,4576,24.50%,386,675,1061
County Treasurer,0650,906,766,1672,3888,43.00%,1236,380,1616
County Treasurer,0651,963,766,1729,5128,33.72%,1139,535,1674
County Treasurer,0652,467,515,982,2815,34.88%,189,768,957
County Treasurer,0653,0,4,4,0,0.00%,1,3,4
County Treasurer,0654,950,1005,1955,6208,31.49%,1141,753,1894
County Treasurer,0655,1115,1079,2195,6855,32.02%,1396,729,2125
County Treasurer,0656,579,393,972,2674,36.35%,44,907,951
County Treasurer,0657,246,172,418,1292,32.35%,175,230,405
County Treasurer,0658,540,426,966,2807,34.41%,634,314,948
County Treasurer,0659,1149,788,1937,4856,39.89%,1399,482,1881
County Treasurer,0660,950,825,1775,5372,33.04%,182,1558,1740
County Treasurer,0661,675,765,1440,4567,31.53%,868,528,1396
County Treasurer,0662,1148,890,2038,4874,41.81%,1646,347,1993
County Treasurer,0663,717,797,1514,3346,45.25%,783,674,1457
County Treasurer,0664,352,250,602,2869,20.98%,155,422,577
County Treasurer,0665,482,348,830,2154,38.53%,705,102,807
County Treasurer,0666,0,0,0,0,0.00%,0,0,0
County Treasurer,0667,488,502,990,2149,46.07%,793,174,967
County Treasurer,0668,399,509,908,2775,32.72%,607,279,886
County Treasurer,0669,850,738,1,588,3425,46.36%,1181,357,1538
County Treasurer,0670,955,471,1427,2983,47.84%,1143,243,1386
County Treasurer,0671,403,565,968,3037,31.87%,614,322,936
County Treasurer,0672,959,862,1821,5706,31.91%,1241,531,1772
County Treasurer,0673,729,516,1245,2995,41.57%,985,213,1198
County Treasurer,0674,1071,618,1689,4091,41.29%,1272,364,1636
County Treasurer,0675,0,1,1,0,0.00%,1,0,1
County Treasurer,0676,0,0,0,0,0.00%,0,0,0
County Treasurer,0677,127,127,254,1266,20.06%,108,136,244
County Treasurer,0678,166,108,274,735,37.28%,184,77,261
County Treasurer,0679,635,520,1155,3381,34.16%,882,230,1112
County Treasurer,0680,21,14,35,162,21.60%,14,21,35
County Treasurer,0681,1,0,1,5,20.00%,1,0,1
County Treasurer,0682,711,654,1365,4216,32.38%,1021,304,1325
County Treasurer,0683,29,20,49,276,17.75%,12,34,46
County Treasurer,0684,27,22,49,223,21.97%,25,23,48
County Treasurer,0685,110,29,139,307,45.28%,62,68,130
County Treasurer,0686,17,12,29,208,13.94%,13,15,28
County Treasurer,0687,549,537,1086,2609,41.63%,754,289,1043
County Treasurer,0688,999,617,1616,3504,46.12%,1303,269,1572
County Treasurer,0689,211,387,598,2346,25.49%,307,265,572
County Treasurer,0690,926,1104,2030,5102,39.79%,1662,314,1976
County Treasurer,0691,2,5,7,25,28.00%,3,4,7
County Treasurer,0692,444,548,992,2847,34.84%,757,202,959
County Treasurer,0693,167,91,258,666,38.74%,75,172,247
County Treasurer,0694,260,120,380,845,44.97%,270,92,362
County Treasurer,0695,232,193,425,1724,24.65%,275,136,411
County Treasurer,0696,261,207,468,1982,23.61%,295,151,446
County Treasurer,0697,605,613,1218,4413,27.60%,324,856,1180
County Treasurer,0698,448,489,937,3189,29.38%,114,802,916
County Treasurer,0699,568,414,982,2343,41.91%,677,252,929
County Treasurer,0700,255,251,506,1371,36.91%,423,65,488
County Treasurer,0701,56,43,99,588,16.84%,60,33,93
County Treasurer,0702,54,70,134,539,24.86%,21,111,132
County Treasurer,0703,372,490,862,1882,45.80%,656,177,833
County Treasurer,0704,569,599,1168,3064,38.12%,948,179,1127
County Treasurer,0705,114,113,227,1523,14.90%,32,186,218
County Treasurer,0706,115,71,186,610,30.49%,97,83,180
County Treasurer,0707,153,86,239,707,33.80%,164,66,230
County Treasurer,0708,54,52,106,563,18.83%,55,43,98
County Treasurer,0709,1375,947,2322,6848,33.91%,1426,843,2269
County Treasurer,0710,371,462,833,2082,40.01%,462,334,796
County Treasurer,0711,702,506,1208,3484,34.67%,752,406,1158
County Treasurer,0712,491,463,954,3670,25.99%,418,521,939
County Treasurer,0713,228,262,490,1907,25.69%,255,220,475
County Treasurer,0714,35,19,55,296,18.58%,37,17,54
County Treasurer,0715,176,187,363,1408,25.78%,211,136,347
County Treasurer,0716,449,407,856,2680,31.94%,611,225,836
County Treasurer,0717,373,250,623,2002,31.12%,77,533,610
County Treasurer,0718,1017,806,1823,4229,43.11%,1318,428,1746
County Treasurer,0719,247,137,384,1589,24.17%,243,128,371
County Treasurer,0720,994,780,1774,4282,41.43%,1353,379,1732
County Treasurer,0721,754,532,1286,2870,44.81%,866,373,1239
County Treasurer,0722,871,494,1365,4479,30.48%,117,1209,1326
County Treasurer,0723,401,202,603,1858,32.45%,136,447,583
County Treasurer,0724,151,128,279,766,36.42%,218,54,272
County Treasurer,0725,423,237,660,2237,29.50%,320,323,643
County Treasurer,0726,592,402,994,2087,47.63%,878,96,974
County Treasurer,0727,338,290,628,2488,25.24%,218,380,598
County Treasurer,0728,209,151,360,880,40.91%,227,110,337
County Treasurer,0729,136,59,195,464,42.03%,123,68,191
County Treasurer,0730,428,359,787,1747,45.05%,506,245,751
County Treasurer,0731,58,27,85,352,24.15%,24,59,83
County Treasurer,0732,441,324,765,1924,39.76%,487,242,729
County Treasurer,0733,13,7,20,215,9.30%,8,10,18
County Treasurer,0734,1558,962,2520,7005,35.97%,1752,704,2456
County Treasurer,0735,8,0,6,18,33.33%,6,0,6
County Treasurer,0736,3,1,4,22,18.18%,0,3,3
County Treasurer,0737,11,7,18,51,35.29%,13,5,18
County Treasurer,0738,139,100,239,1361,17.56%,47,186,233
County Treasurer,0739,353,301,654,2955,22.13%,348,287,635
County Treasurer,0740,96,98,194,939,20.66%,128,57,185
County Treasurer,0741,0,1,1,0,0.00%,0,1,1
County Treasurer,0742,0,11,11,0,0.00%,7,4,11
County Treasurer,0743,15,18,33,210,15.71%,18,13,31
County Treasurer,0744,456,392,848,2027,41.84%,562,253,815
County Treasurer,0745,683,372,1055,2494,42.30%,661,356,1017
County Treasurer,0746,114,77,191,691,27.64%,92,95,187
County Treasurer,0747,550,467,1017,3743,27.17%,517,477,994
County Treasurer,0748,170,140,310,1403,22.10%,166,133,299
County Treasurer,0749,30,17,47,377,12.47%,9,37,46
County Treasurer,0750,111,96,207,767,26.99%,131,75,206
County Treasurer,0751,925,964,1889,5084,37.16%,1269,562,1831
County Treasurer,0752,286,200,486,1483,32.77%,375,98,473
County Treasurer,0753,55,73,128,259,49.42%,81,41,122
County Treasurer,0754,0,0,0,0,0.00%,0,0,0
County Treasurer,0755,442,584,1026,4294,23.89%,491,502,993
County Treasurer,0756,251,177,428,1600,26.75%,178,237,415
County Treasurer,0757,520,508,1028,4035,25.48%,194,807,1001
County Treasurer,0758,1114,692,1806,4096,44.09%,1470,289,1759
County Treasurer,0759,465,413,878,2730,32.16%,566,285,851
County Treasurer,0760,1432,639,2071,4367,47.42%,1748,255,2003
County Treasurer,0761,548,253,801,1550,51.68%,575,195,770
County Treasurer,0762,0,0,0,0,0.00%,0,0,0
County Treasurer,0763,108,146,254,1212,20.96%,116,130,246
County Treasurer,0764,1133,774,1907,5217,36.55%,1224,629,1853
County Treasurer,0765,647,426,1073,4055,26.46%,464,567,1031
County Treasurer,0766,40,25,65,392,16.58%,18,44,62
County Treasurer,0767,10,2,12,86,13.95%,6,6,12
County Treasurer,0768,1359,1015,2374,5857,40.53%,1967,356,2323
County Treasurer,0769,54,16,70,183,38.25%,3,66,69
County Treasurer,0770,31,25,56,323,17.34%,28,25,53
County Treasurer,0771,324,254,578,2426,23.83%,345,216,561
County Treasurer,0772,1792,851,2643,5709,46.30%,2057,500,2557
County Treasurer,0773,473,312,785,2918,26.90%,227,501,728
County Treasurer,0774,30,41,71,378,18.78%,18,51,69
County Treasurer,0775,18,3,21,92,22.83%,0,21,21
County Treasurer,0776,551,496,1047,3053,34.29%,629,383,1012
County Treasurer,0777,46,40,86,652,13.19%,34,51,85
County Treasurer,0778,0,0,0,0,0.00%,0,0,0
County Treasurer,0779,64,51,115,940,12.23%,46,65,111
County Treasurer,0780,63,59,122,595,20.50%,70,49,119
County Treasurer,0781,666,273,939,3603,26.06%,452,404,856
County Treasurer,0782,368,370,738,2236,33.01%,468,244,712
County Treasurer,0783,49,13,62,294,21.09%,43,17,60
County Treasurer,0784,208,128,336,1079,31.14%,9,312,321
County Treasurer,0785,28,25,53,296,17.91%,30,22,52
County Treasurer,0786,100,98,198,1251,15.83%,77,114,191
County Treasurer,0787,46,52,98,488,20.08%,39,56,95
County Treasurer,0788,74,32,106,454,23.35%,52,51,103
County Treasurer,0789,0,3,3,3,100.00%,1,2,3
County Treasurer,0790,0,0,0,3,0.00%,0,0,0
County Treasurer,0791,0,0,0,0,0.00%,0,0,0
County Treasurer,0792,269,239,508,1865,27.24%,131,354,485
County Treasurer,0793,448,247,695,2484,27.98%,421,253,674
County Treasurer,0794,124,144,268,2710,9.89%,37,225,262
County Treasurer,0795,90,125,215,1217,17.67%,91,118,209
County Treasurer,0796,83,51,134,476,28.15%,77,52,129
County Treasurer,0797,0,0,0,0,0.00%,0,0,0
County Treasurer,0798,99,111,210,500,42.00%,93,109,202
County Treasurer,0799,28,15,43,161,26.71%,10,33,43
County Treasurer,0800,588,642,1230,2932,41.95%,861,331,1192
County Treasurer,0801,32,14,46,258,17.83%,16,28,44
County Treasurer,0802,51,27,78,312,25.00%,16,62,78
County Treasurer,0803,725,511,1236,2893,42.72%,927,278,1205
County Treasurer,0804,932,591,1523,4768,31.94%,981,509,1490
County Treasurer,0805,765,533,1298,2866,45.29%,1054,205,1259
County Treasurer,0806,0,0,0,0,0.00%,0,0,0
County Treasurer,0807,211,204,415,2028,20.46%,96,305,401
County Treasurer,0808,12,17,29,131,22.14%,9,19,28
County Treasurer,0809,7,6,13,92,14.13%,5,6,11
County Treasurer,0810,9,16,25,211,11.85%,8,17,25
County Treasurer,0811,29,50,79,270,29.26%,30,48,78
County Treasurer,0812,0,0,0,0,0.00%,0,0,0
County Treasurer,0813,938,761,1699,5807,29.26%,869,790,1659
County Treasurer,0814,673,533,1206,5102,23.64%,315,855,1170
County Treasurer,0815,0,0,0,0,0.00%,0,0,0
County Treasurer,0816,10,0,10,73,13.70%,3,7,10
County Treasurer,0817,0,0,0,0,0.00%,0,0,0
County Treasurer,0818,86,39,125,616,20.29%,30,92,122
County Treasurer,0819,64,30,94,240,39.17%,52,36,88
County Treasurer,0820,0,0,0,0,0.00%,0,0,0
County Treasurer,0821,124,120,244,1242,19.65%,40,197,237
County Treasurer,0822,332,167,499,1535,32.51%,17,464,481
County Treasurer,0823,821,564,1385,5087,27.23%,814,534,1348
County Treasurer,0824,428,282,710,2700,26.30%,168,527,695
County Treasurer,0825,0,0,0,0,0.00%,0,0,0
County Treasurer,0826,73,50,123,358,34.36%,69,51,120
County Treasurer,0827,60,98,158,979,16.14%,78,74,152
County Treasurer,0828,541,388,929,1916,48.49%,765,137,902
County Treasurer,0829,54,22,76,264,28.79%,20,55,75
County Treasurer,0830,0,0,0,2,0.00%,0,0,0
County Treasurer,0831,0,0,0,0,0.00%,0,0,0
County Treasurer,0832,34,28,62,352,17.61%,19,40,59
County Treasurer,0833,0,1,1,20,5.00%,0,1,1
County Treasurer,0834,0,0,0,0,0.00%,0,0,0
County Treasurer,0835,38,19,57,290,19.66%,16,37,53
County Treasurer,0836,3,0,3,19,15.79%,2,1,3
County Treasurer,0837,0,0,0,0,0.00%,0,0,0
County Treasurer,0838,0,0,0,0,0.00%,0,0,0
County Treasurer,0839,136,118,254,1128,22.52%,59,185,244
County Treasurer,0840,381,174,555,1705,32.55%,193,350,543
County Treasurer,0841,0,0,0,0,0.00%,0,0,0
County Treasurer,0842,421,434,855,3259,26.24%,420,408,828
County Treasurer,0843,0,1,1,0,0.00%,0,1,1
County Treasurer,0844,1,0,1,11,9.09%,0,1,1
County Treasurer,0845,54,9,63,134,47.01%,38,22,60
County Treasurer,0846,23,24,47,229,20.52%,5,41,46
County Treasurer,0847,305,211,516,2015,25.61%,152,350,502
County Treasurer,0848,489,266,755,1856,40.68%,233,501,734
County Treasurer,0849,201,291,492,2124,23.16%,212,261,473
County Treasurer,0850,45,41,87,210,41.43%,36,50,86
County Treasurer,0851,1029,657,1686,4709,35.80%,1144,491,1635
County Treasurer,0852,0,0,0,1,0.00%,0,0,0
County Treasurer,0853,575,620,1296,2882,44.97%,1008,242,1250
County Treasurer,0854,15,26,41,172,23.84%,8,31,39
County Treasurer,0855,5,9,14,16,87.50%,5,8,13
County Treasurer,0856,0,1,1,0,0.00%,0,1,1
County Treasurer,0857,0,0,0,1,0.00%,0,0,0
County Treasurer,0858,63,34,97,343,28.28%,4,90,94
County Treasurer,0859,157,106,263,890,29.55%,71,187,258
County Treasurer,0860,0,0,0,0,0.00%,0,0,0
County Treasurer,0861,315,199,514,1842,27.90%,91,413,504
County Treasurer,0862,0,0,0,0,0.00%,0,0,0
County Treasurer,0863,101,54,155,584,26.54%,7,147,154
County Treasurer,0864,193,299,492,2569,19.15%,151,323,474
County Treasurer,0865,2,3,5,21,23.81%,0,5,5
County Treasurer,0866,0,0,0,0,0.00%,0,0,0
County Treasurer,0867,0,0,0,0,0.00%,0,0,0
County Treasurer,0868,236,271,507,2326,21.80%,177,315,492
County Treasurer,0869,53,39,92,470,19.57%,25,66,91
County Treasurer,0870,0,0,0,0,0.00%,0,0,0
County Treasurer,0871,1,0,1,3,33.33%,0,1,1
County Treasurer,0872,5,3,8,59,13.56%,4,4,8
County Treasurer,0873,98,75,173,737,23.47%,49,122,171
County Treasurer,0874,763,707,1470,3223,45.61%,1124,299,1423
County Treasurer,0875,904,527,1431,5147,27.80%,711,675,1386
County Treasurer,0876,698,641,1339,3265,41.01%,1037,270,1307
County Treasurer,0877,476,382,858,3032,28.30%,359,482,841
County Treasurer,0878,427,354,781,1666,46.88%,663,99,762
County Treasurer,0879,407,294,701,2667,26.28%,366,309,675
County Treasurer,0880,543,447,990,2352,42.09%,811,151,962
County Treasurer,0881,593,540,1133,4479,25.30%,402,708,1110
County Treasurer,0882,426,291,717,2422,29.60%,439,256,695
County Treasurer,0883,643,702,1345,5408,24.87%,259,1055,1314
County Treasurer,0884,57,25,82,377,21.75%,9,71,80
County Treasurer,0885,562,368,930,2619,35.51%,548,362,910
County Treasurer,0886,128,108,236,675,34.96%,141,87,228
County Treasurer,0887,50,67,117,418,27.99%,56,55,111
County Treasurer,0888,0,3,3,0,0.00%,2,1,3
County Treasurer,0889,14,0,14,57,24.56%,5,8,13
County Treasurer,0890,164,103,267,1095,24.38%,88,166,254
County Treasurer,0891,317,243,560,1331,42.07%,221,311,532
County Treasurer,0892,115,86,201,808,24.88%,79,117,196
County Treasurer,0893,0,2,2,6,33.33%,0,2,2
County Treasurer,0894,0,3,3,0,0.00%,2,1,3
County Treasurer,0895,156,286,442,793,55.74%,184,233,417
County Treasurer,0896,370,297,667,1459,45.72%,264,368,632
County Treasurer,0897,252,297,549,1701,32.28%,323,209,532
County Treasurer,0898,0,0,0,3,0.00%,0,0,0
County Treasurer,0899,2,0,2,8,25.00%,0,2,2
County Treasurer,0900,0,2,2,10,20.00%,1,1,2
County Treasurer,0901,0,0,0,0,0.00%,0,0,0
County Treasurer,0902,394,486,880,2139,41.14%,500,345,845
County Treasurer,0903,3,7,10,50,20.00%,3,6,9
County Treasurer,0904,1,0,1,7,14.29%,1,0,1
County Treasurer,0905,123,100,223,904,24.67%,106,108,214
County Treasurer,0906,8,6,14,25,56.00%,7,5,12
County Treasurer,0907,12,19,31,181,17.13%,6,25,31
County Treasurer,0908,0,1,1,0,0.00%,0,1,1
County Treasurer,0909,2,1,3,18,16.67%,0,3,3
County Treasurer,0910,25,24,49,217,22.58%,20,25,45
County Treasurer,0911,118,60,178,551,32.30%,124,48,172
County Treasurer,0912,316,201,517,1273,40.61%,349,148,497
County Treasurer,0913,0,0,0,0,0.00%,0,0,0
County Treasurer,0914,169,179,348,701,49.64%,285,55,340
County Treasurer,0915,0,0,0,0,0.00%,0,0,0
County Treasurer,0916,417,240,657,1491,44.06%,524,112,636
County Treasurer,0917,177,62,239,483,49.48%,164,67,231
County Treasurer,0918,304,168,472,883,53.45%,364,88,452
County Treasurer,0919,0,0,0,3,0.00%,0,0,0
County Treasurer,0920,22,12,34,71,47.89%,23,10,33
County Treasurer,0921,32,15,47,119,39.50%,34,13,47
County Treasurer,0922,0,0,0,0,0.00%,0,0,0
County Treasurer,0923,470,137,607,1511,40.17%,462,131,593
County Treasurer,0924,0,0,0,0,0.00%,0,0,0
County Treasurer,0925,0,0,0,0,0.00%,0,0,0
County Treasurer,0926,171,128,299,796,37.56%,225,67,292
County Treasurer,0927,44,30,74,270,27.41%,29,39,68
County Treasurer,0928,3,0,3,8,37.50%,0,3,3
County Treasurer,0929,0,0,0,0,0.00%,0,0,0
County Treasurer,0930,109,54,163,584,27.91%,5,156,161
County Treasurer,0931,30,40,70,130,53.85%,39,24,63
County Treasurer,0932,0,0,0,0,0.00%,0,0,0
County Treasurer,0933,115,85,200,627,31.90%,60,134,194
County Treasurer,0934,2,0,2,63,3.17%,1,1,2
County Treasurer,0935,3,2,5,54,9.26%,2,2,4
County Treasurer,0936,8,2,10,81,12.35%,4,6,10
County Treasurer,0937,0,0,0,0,0.00%,0,0,0
County Treasurer,0938,30,14,44,231,19.05%,16,28,44
County Treasurer,0939,0,0,0,2,0.00%,0,0,0
County Treasurer,0940,0,0,0,10,0.00%,0,0,0
County Treasurer,0941,9,10,19,25,76.00%,19,0,19
County Treasurer,0942,53,27,80,156,51.28%,63,16,79
County Treasurer,0943,164,80,244,547,44.61%,160,75,235
County Treasurer,0944,20,4,24,45,53.33%,20,1,21
County Treasurer,0945,1,2,3,17,17.65%,1,2,3
County Treasurer,0946,0,1,1,13,7.69%,0,1,1
County Treasurer,0947,177,246,423,799,52.94%,224,180,404
County Treasurer,0948,0,14,14,1,1400.00%,8,4,12
County Treasurer,0949,34,27,61,193,31.61%,32,28,60
County Treasurer,0950,0,0,0,1,0.00%,0,0,0
County Treasurer,0951,33,30,63,277,22.74%,17,46,63
County Treasurer,0952,15,15,31,71,43.66%,15,15,30
County Treasurer,0953,18,9,27,275,9.82%,4,22,26
County Treasurer,0954,0,0,0,1,0.00%,0,0,0
County Treasurer,0955,3,2,5,19,26.32%,4,1,5
County Treasurer,0956,2,4,6,11,54.55%,1,4,5
County Treasurer,0957,97,95,192,562,34.16%,25,166,191
County Treasurer,0958,81,129,210,1081,19.43%,60,146,206
County Treasurer,0959,0,0,0,0,0.00%,0,0,0
County Treasurer,0960,196,157,353,976,36.17%,72,272,344
County Treasurer,0961,15,0,16,56,28.57%,0,16,16
County Treasurer,0962,10,17,27,88,30.68%,4,23,27
County Treasurer,0963,54,41,105,426,24.65%,60,41,101
County Treasurer,0964,568,437,1005,2372,42.37%,630,350,980
County Treasurer,0965,31,21,52,343,15.16%,27,25,52
County Treasurer,0966,129,83,212,1148,18.47%,81,127,208
County Treasurer,0967,15,48,63,165,38.18%,19,43,62
County Treasurer,0968,119,30,149,692,21.53%,29,117,146
County Treasurer,0969,156,73,229,604,37.91%,1,224,225
County Treasurer,0970,83,36,119,731,16.28%,17,98,115
County Treasurer,0971,11,8,19,147,12.93%,2,15,17
County Treasurer,09726,8,14,31,45.16%,13,1,14
County Treasurer,0973,24,19,43,111,38.74%,21,20,41
County Treasurer,0974,57,36,93,299,31.10%,59,32,91
County Treasurer,0975,55,30,85,193,44.04%,39,42,81
County Treasurer,0976,58,62,130,683,19.03%,81,48,129
County Treasurer,0977,50,43,93,572,16.26%,39,53,92
County Treasurer,0978,77,79,156,546,28.57%,30,123,153
County Treasurer,0979,2,6,8,27,29.63%,4,3,7
County Treasurer,0980,280,321,601,1389,43.27%,462,121,583
County Treasurer,0981,0,0,0,0,0.00%,0,0,0
County Treasurer,0982,312,312,624,1567,39.82%,513,90,603
County Treasurer,0983,11,21,32,161,19.88%,20,12,32
County Treasurer,0984,18,9,27,192,14.06%,4,22,26
County Treasurer,0985,117,63,180,351,51.28%,91,79,170
County Treasurer,0986,43,30,73,463,15.77%,12,60,72
County Treasurer,0987,231,90,321,1155,27.79%,32,283,315
County Treasurer,0988,24,12,36,123,29.27%,34,2,36
County Treasurer,09896,6,12,43,27.91%,9,3,12
County Treasurer,0990,16,1,17,140,12.14%,8,8,16
County Treasurer,0991,0,0,0,1,0.00%,0,0,0
County Treasurer,0992,157,107,264,1048,25.19%,151,103,254
County Treasurer,0993,169,101,270,568,47.54%,225,39,264
County Treasurer,09946,5,11,25,44.00%,2,9,11
County Treasurer,0995,295,156,451,1393,32.38%,28,415,443
County Treasurer,0996,135,140,275,694,39.63%,159,100,259
County Treasurer,0997,101,163,264,1656,15.94%,57,203,260
County Treasurer,0998,5,1,6,57,10.53%,3,3,6
County Treasurer,0999,17,10,27,68,39.71%,23,3,26
County Treasurer,1000,42,6,48,405,11.85%,13,34,47
County Treasurer,1001,228,136,364,1565,23.26%,99,250,349
County Treasurer,1002,170,139,309,1744,17.72%,59,238,297
County Treasurer,1003,1,0,1,0,0.00%,1,0,1
County Treasurer,1004,111,139,250,654,38.23%,124,107,231
County Treasurer,1005,0,8,8,0,0.00%,4,3,7
County Treasurer,1006,1,0,1,5,20.00%,1,0,1
County Treasurer,1007,208,188,396,1547,25.60%,103,280,383
County Treasurer,1008,32,12,44,151,29.14%,34,9,43
County Treasurer,1009,0,0,0,9,0.00%,0,0,0
County Treasurer,1010,59,35,94,459,20.48%,19,73,92
County Treasurer,1011,8,1,9,26,34.62%,6,2,8
County Treasurer,1012,134,201,335,1365,24.54%,104,225,329
County Treasurer,1013,0,6,6,58,10.34%,4,2,6
County Treasurer,1014,4,6,10,31,32.26%,1,9,10
County Treasurer,1015,5,4,9,25,36.00%,3,5,8
County Treasurer,1016,252,212,464,1691,27.44%,234,215,449
County Treasurer,1017,61,44,105,330,31.82%,33,71,104
County Treasurer,1018,93,64,157,494,31.78%,75,79,154
County Treasurer,1019,130,107,237,1456,16.28%,15,219,234
County Treasurer,1020,0,0,0,1,0.00%,0,0,0
County Treasurer,1021,0,0,0,2,0.00%,0,0,0
County Treasurer,1022,97,79,176,441,39.91%,135,33,168
County Treasurer,1023,430,315,745,2026,36.77%,535,187,722
County Treasurer,1024,55,61,116,249,46.59%,60,48,108
County Treasurer,1025,0,1,1,14,7.14%,1,0,1
County Treasurer,1026,0,0,0,0,0.00%,0,0,0
County Treasurer,1027,1,0,1,8,12.50%,1,0,1
County Treasurer,1028,0,0,0,0,0.00%,0,0,0
County Treasurer,1029,537,719,1256,2927,42.91%,997,216,1213
County Treasurer,1030,231,151,382,785,48.66%,334,41,375
County Treasurer,1031,59,71,130,792,16.41%,37,86,123
County Treasurer,1032,31,25,56,244,22.95%,35,18,53
County Treasurer,1033,0,0,0,0,0.00%,0,0,0
County Treasurer,1034,0,0,0,0,0.00%,0,0,0
County Treasurer,1035,2,4,6,138,4.35%,1,4,5
County Treasurer,1036,65,24,89,449,19.82%,74,14,88
County Treasurer,1037,19,11,30,76,39.47%,18,10,28
County Treasurer,1038,62,6,68,327,20.80%,9,58,67
County Treasurer,1039,2,0,2,25,8.00%,0,2,2
County Treasurer,1040,91,66,157,771,20.36%,74,75,149
County Treasurer,1041,0,2,2,0,0.00%,1,1,2
County Treasurer,1042,105,67,172,521,33.01%,56,110,166
County Treasurer,1043,6,6,12,33,36.36%,4,8,12
County Treasurer,1044,16,6,22,55,40.00%,7,14,21
County Treasurer,1045,197,173,370,1788,20.69%,53,307,360
County Treasurer,1046,11,5,16,62,25.81%,1,15,16
County Treasurer,1047,255,186,441,1568,28.13%,164,266,430
County Treasurer,1048,1,0,1,17,5.88%,1,0,1
County Treasurer,1049,14,45,59,290,20.34%,22,35,57
County Treasurer,1050,60,63,123,537,22.91%,32,83,115
County Treasurer,1051,0,31,31,0,0.00%,19,11,30
County Treasurer,1052,0,0,0,0,0.00%,0,0,0
County Treasurer,1053,0,0,0,0,0.00%,0,0,0
County Treasurer,1054,0,0,0,1,0.00%,0,0,0
County Treasurer,1055,0,0,0,0,0.00%,0,0,0
County Treasurer,1056,4,2,6,8,75.00%,1,5,6
County Treasurer,1057,7,9,16,118,13.56%,3,12,15
County Treasurer,1058,241,285,526,1243,42.32%,112,405,517
County Treasurer,1059,3,3,6,28,21.43%,2,4,6
County Treasurer,1060,5,2,7,42,16.67%,5,2,7
County Treasurer,1061,332,184,516,1716,30.07%,274,225,499
County Treasurer,1062,17,6,23,201,11.44%,4,16,20
County Treasurer,1063,66,59,125,857,14.59%,20,101,121
County Treasurer,1064,25,11,36,119,30.25%,28,8,36
County Treasurer,1065,1,0,1,28,3.57%,0,1,1
County Treasurer,1066,72,0,72,229,31.44%,3,65,68
County Treasurer,1067,0,0,0,0,0.00%,0,0,0
County Treasurer,1068,22,8,30,121,24.79%,13,16,29
County Treasurer,1069,434,256,690,2580,26.74%,331,328,659
County Treasurer,Totals:,378846,308736,687582,2044361,,365374,298345,663719
