Office,Precinct,Early Ballots Cast,Election Ballots Cast,Total Ballots Cast,Registered Voters,Percent Turnout,REP Don Sumners,DEM Melissa Noriega,Totals
"County School Trustee, Position 7, At Large",0001,417,466,883,2358,37.45%,271,565,836
"County School Trustee, Position 7, At Large",0002,333,313,646,1961,32.94%,260,351,611
"County School Trustee, Position 7, At Large",0003,326,405,731,1560,46.86%,232,438,670
"County School Trustee, Position 7, At Large",0004,369,487,856,1668,51.32%,271,538,809
"County School Trustee, Position 7, At Large",0005,279,448,727,1417,51.31%,225,450,675
"County School Trustee, Position 7, At Large",0006,656,456,1112,3702,30.04%,631,449,1080
"County School Trustee, Position 7, At Large",0007,209,110,319,1017,31.37%,14,298,312
"County School Trustee, Position 7, At Large",0008,393,310,703,1744,40.31%,354,325,679
"County School Trustee, Position 7, At Large",0009,206,223,429,1874,22.89%,108,290,398
"County School Trustee, Position 7, At Large",0010,255,171,426,1753,24.30%,115,283,398
"County School Trustee, Position 7, At Large",0011,184,176,360,1785,20.17%,62,273,335
"County School Trustee, Position 7, At Large",0012,86,66,152,735,20.68%,85,64,149
"County School Trustee, Position 7, At Large",0013,548,361,909,2689,33.80%,655,217,872
"County School Trustee, Position 7, At Large",0014,442,495,937,1870,50.11%,464,428,892
"County School Trustee, Position 7, At Large",0015,597,898,1495,2878,51.95%,806,578,1384
"County School Trustee, Position 7, At Large",0016,239,137,376,1071,35.11%,162,192,354
"County School Trustee, Position 7, At Large",0017,185,215,400,1162,34.42%,167,211,378
"County School Trustee, Position 7, At Large",0018,371,351,722,1443,50.03%,314,367,681
"County School Trustee, Position 7, At Large",0019,170,207,377,1170,32.22%,110,245,355
"County School Trustee, Position 7, At Large",0020,311,287,598,2646,22.60%,166,408,574
"County School Trustee, Position 7, At Large",0021,176,184,360,1122,32.09%,74,272,346
"County School Trustee, Position 7, At Large",0022,397,322,719,2473,29.07%,133,568,701
"County School Trustee, Position 7, At Large",0023,31,22,53,541,9.80%,9,42,51
"County School Trustee, Position 7, At Large",0024,106,88,194,655,29.62%,16,171,187
"County School Trustee, Position 7, At Large",0025,104,143,247,1086,22.74%,12,229,241
"County School Trustee, Position 7, At Large",0026,239,277,516,1845,27.97%,118,368,486
"County School Trustee, Position 7, At Large",0027,463,427,890,3074,28.95%,220,639,859
"County School Trustee, Position 7, At Large",0028,636,405,1041,3029,34.37%,674,325,999
"County School Trustee, Position 7, At Large",0029,194,237,431,2638,16.34%,168,243,411
"County School Trustee, Position 7, At Large",0030,368,391,759,2403,31.59%,187,543,730
"County School Trustee, Position 7, At Large",0031,453,280,733,2511,29.19%,18,694,712
"County School Trustee, Position 7, At Large",0032,318,405,723,2398,30.15%,286,390,676
"County School Trustee, Position 7, At Large",0033,707,615,1322,3706,35.67%,404,843,1247
"County School Trustee, Position 7, At Large",0034,625,579,1204,2786,43.22%,261,885,1146
"County School Trustee, Position 7, At Large",0035,4,0,4,11,36.36%,1,3,4
"County School Trustee, Position 7, At Large",0036,416,318,734,2927,25.08%,204,498,702
"County School Trustee, Position 7, At Large",0037,542,436,978,2106,46.44%,262,646,908
"County School Trustee, Position 7, At Large",0038,784,589,1373,2875,47.76%,426,867,1293
"County School Trustee, Position 7, At Large",0039,657,575,1232,2759,44.65%,283,877,1160
"County School Trustee, Position 7, At Large",0040,136,152,288,541,53.23%,123,146,269
"County School Trustee, Position 7, At Large",0041,176,230,406,1334,30.43%,161,232,393
"County School Trustee, Position 7, At Large",0042,228,109,337,1071,31.47%,6,322,328
"County School Trustee, Position 7, At Large",0043,293,210,503,1695,29.68%,267,219,486
"County School Trustee, Position 7, At Large",0044,204,222,426,2001,21.29%,92,311,403
"County School Trustee, Position 7, At Large",0045,894,750,1644,6698,24.54%,331,1275,1606
"County School Trustee, Position 7, At Large",0046,290,247,537,2511,21.39%,88,426,514
"County School Trustee, Position 7, At Large",0047,213,218,431,1627,26.49%,15,408,423
"County School Trustee, Position 7, At Large",0048,157,142,299,940,31.81%,25,263,288
"County School Trustee, Position 7, At Large",0049,584,482,1066,3343,31.89%,770,269,1039
"County School Trustee, Position 7, At Large",0050,785,771,1556,5211,29.86%,845,669,1514
"County School Trustee, Position 7, At Large",0051,353,243,596,1689,35.29%,448,131,579
"County School Trustee, Position 7, At Large",0052,422,447,869,2457,35.37%,386,437,823
"County School Trustee, Position 7, At Large",0053,564,726,1290,2971,43.42%,484,727,1211
"County School Trustee, Position 7, At Large",0054,269,364,633,1487,42.57%,308,287,595
"County School Trustee, Position 7, At Large",0055,191,251,442,1506,29.35%,198,221,419
"County School Trustee, Position 7, At Large",0056,282,278,560,1326,42.23%,366,170,536
"County School Trustee, Position 7, At Large",0057,710,831,1541,3153,48.87%,538,898,1436
"County School Trustee, Position 7, At Large",0058,469,556,1025,2690,38.10%,417,564,981
"County School Trustee, Position 7, At Large",0059,555,609,1164,2544,45.75%,422,672,1094
"County School Trustee, Position 7, At Large",0060,498,564,1062,2453,43.29%,246,750,996
"County School Trustee, Position 7, At Large",0061,172,204,376,1773,21.21%,151,198,349
"County School Trustee, Position 7, At Large",0062,145,322,467,2181,21.41%,104,343,447
"County School Trustee, Position 7, At Large",0063,264,354,618,1826,33.84%,504,98,602
"County School Trustee, Position 7, At Large",0064,191,221,412,2141,19.24%,79,315,394
"County School Trustee, Position 7, At Large",0065,172,230,402,2167,18.55%,87,295,382
"County School Trustee, Position 7, At Large",0066,69,143,212,1098,19.31%,34,166,200
"County School Trustee, Position 7, At Large",0067,304,282,586,2794,20.97%,153,398,551
"County School Trustee, Position 7, At Large",0068,553,352,905,2924,30.95%,20,866,886
"County School Trustee, Position 7, At Large",0069,80,124,204,1284,15.89%,41,154,195
"County School Trustee, Position 7, At Large",0070,882,664,1546,3337,46.33%,845,591,1436
"County School Trustee, Position 7, At Large",0071,602,722,1324,4197,31.55%,631,627,1258
"County School Trustee, Position 7, At Large",0072,220,293,513,1924,26.66%,153,342,495
"County School Trustee, Position 7, At Large",0073,252,414,666,1555,42.83%,358,271,629
"County School Trustee, Position 7, At Large",0074,1153,782,1935,3583,54.01%,1494,366,1860
"County School Trustee, Position 7, At Large",0075,254,280,534,1444,36.98%,199,306,505
"County School Trustee, Position 7, At Large",0076,373,374,747,2362,31.63%,434,288,722
"County School Trustee, Position 7, At Large",0077,43,46,89,566,15.72%,21,65,86
"County School Trustee, Position 7, At Large",0078,180,201,381,1522,25.03%,124,244,368
"County School Trustee, Position 7, At Large",0079,205,306,511,2927,17.46%,115,363,478
"County School Trustee, Position 7, At Large",0080,501,351,852,2725,31.27%,206,609,815
"County School Trustee, Position 7, At Large",0081,183,187,370,1835,20.16%,147,199,346
"County School Trustee, Position 7, At Large",0082,639,671,1310,3368,38.90%,981,296,1277
"County School Trustee, Position 7, At Large",0083,1296,888,2184,6625,32.97%,1048,1063,2111
"County School Trustee, Position 7, At Large",0084,208,218,426,1373,31.03%,309,98,407
"County School Trustee, Position 7, At Large",0085,271,248,519,2173,23.88%,22,486,508
"County School Trustee, Position 7, At Large",0086,447,568,1015,2910,34.88%,433,532,965
"County School Trustee, Position 7, At Large",0087,574,787,1461,2818,51.85%,858,505,1363
"County School Trustee, Position 7, At Large",0088,123,118,241,693,34.78%,158,75,233
"County School Trustee, Position 7, At Large",0089,165,371,536,1094,48.99%,265,224,489
"County School Trustee, Position 7, At Large",0090,844,790,1634,3700,44.16%,1161,409,1570
"County School Trustee, Position 7, At Large",0091,219,222,441,1505,29.30%,267,158,425
"County School Trustee, Position 7, At Large",0092,695,462,1157,2242,51.61%,742,352,1094
"County School Trustee, Position 7, At Large",0093,381,301,682,3356,20.32%,264,379,643
"County School Trustee, Position 7, At Large",0094,51,43,94,549,17.12%,26,65,91
"County School Trustee, Position 7, At Large",0095,917,576,1493,3177,46.99%,1055,383,1438
"County School Trustee, Position 7, At Large",0096,83,83,166,1296,12.81%,23,142,165
"County School Trustee, Position 7, At Large",0097,1024,725,1749,4828,36.23%,1306,398,1704
"County School Trustee, Position 7, At Large",0098,403,488,891,2651,33.61%,744,116,860
"County School Trustee, Position 7, At Large",0099,254,184,438,2092,20.94%,209,214,423
"County School Trustee, Position 7, At Large",0100,155,173,338,1730,19.54%,181,147,328
"County School Trustee, Position 7, At Large",0101,72,58,130,946,13.74%,49,78,127
"County School Trustee, Position 7, At Large",0102,207,121,328,1872,17.52%,91,227,318
"County School Trustee, Position 7, At Large",0103,700,714,1414,5371,26.33%,801,574,1375
"County School Trustee, Position 7, At Large",0104,530,231,761,1905,39.95%,19,727,746
"County School Trustee, Position 7, At Large",0105,195,210,406,2165,18.75%,127,249,376
"County School Trustee, Position 7, At Large",0106,18,7,25,294,8.50%,15,9,24
"County School Trustee, Position 7, At Large",0107,154,197,351,2032,17.27%,58,278,336
"County School Trustee, Position 7, At Large",0108,558,272,940,3365,27.93%,565,345,910
"County School Trustee, Position 7, At Large",0109,529,245,774,2824,27.41%,8,747,755
"County School Trustee, Position 7, At Large",0110,554,494,1148,3042,37.74%,744,372,1116
"County School Trustee, Position 7, At Large",0111,816,795,1611,4102,39.27%,1171,383,1554
"County School Trustee, Position 7, At Large",0112,542,485,1027,2976,34.51%,749,236,985
"County School Trustee, Position 7, At Large",0113,562,429,991,2647,37.44%,594,361,955
"County School Trustee, Position 7, At Large",0114,707,547,1254,3311,37.87%,1016,211,1227
"County School Trustee, Position 7, At Large",0115,238,150,388,1800,21.56%,51,327,378
"County School Trustee, Position 7, At Large",0116,982,776,1758,3147,55.86%,1304,362,1666
"County School Trustee, Position 7, At Large",0117,215,226,441,1880,23.46%,212,210,422
"County School Trustee, Position 7, At Large",0118,304,123,427,759,56.26%,344,69,413
"County School Trustee, Position 7, At Large",0119,1288,1024,2312,5500,42.04%,1864,375,2239
"County School Trustee, Position 7, At Large",0120,712,422,1134,3191,35.54%,722,366,1088
"County School Trustee, Position 7, At Large",0121,92,178,270,848,31.84%,191,69,260
"County School Trustee, Position 7, At Large",0122,352,225,577,1890,30.53%,23,536,559
"County School Trustee, Position 7, At Large",0123,284,288,572,1392,41.09%,137,410,547
"County School Trustee, Position 7, At Large",0124,1734,1292,3026,7254,41.71%,2393,565,2958
"County School Trustee, Position 7, At Large",0125,415,332,747,2405,31.06%,457,263,720
"County School Trustee, Position 7, At Large",0126,893,467,1360,3100,43.87%,1206,119,1325
"County School Trustee, Position 7, At Large",0127,435,154,589,1836,32.08%,414,144,558
"County School Trustee, Position 7, At Large",0128,445,707,1152,2290,50.31%,678,392,1070
"County School Trustee, Position 7, At Large",0129,1030,1200,2230,5746,38.81%,1371,757,2128
"County School Trustee, Position 7, At Large",0130,727,523,1250,2333,53.58%,903,298,1201
"County School Trustee, Position 7, At Large",0131,251,259,510,1935,26.36%,124,364,488
"County School Trustee, Position 7, At Large",0132,593,323,916,2387,38.37%,18,873,891
"County School Trustee, Position 7, At Large",0133,513,858,1371,2662,51.50%,749,530,1279
"County School Trustee, Position 7, At Large",0134,192,265,457,1437,31.80%,197,241,438
"County School Trustee, Position 7, At Large",0135,727,579,1305,2671,48.90%,843,386,1229
"County School Trustee, Position 7, At Large",0136,503,371,874,2013,43.42%,35,818,853
"County School Trustee, Position 7, At Large",0137,166,141,307,716,42.88%,146,142,288
"County School Trustee, Position 7, At Large",0138,296,199,495,1699,29.13%,14,474,488
"County School Trustee, Position 7, At Large",0139,699,551,1250,3037,41.16%,500,680,1180
"County School Trustee, Position 7, At Large",0140,699,480,1179,3214,36.68%,135,1009,1144
"County School Trustee, Position 7, At Large",0141,80,80,160,855,18.71%,95,58,153
"County School Trustee, Position 7, At Large",0142,87,103,190,902,21.06%,56,124,180
"County School Trustee, Position 7, At Large",0143,1962,580,2542,6386,39.81%,1813,670,2483
"County School Trustee, Position 7, At Large",0144,216,158,374,1093,34.22%,12,352,364
"County School Trustee, Position 7, At Large",0145,264,213,477,1538,31.01%,9,456,465
"County School Trustee, Position 7, At Large",0146,426,519,945,2008,47.06%,398,504,902
"County School Trustee, Position 7, At Large",0147,589,329,1018,3008,33.84%,127,867,994
"County School Trustee, Position 7, At Large",0148,500,780,1280,2540,50.39%,439,762,1201
"County School Trustee, Position 7, At Large",0149,1621,737,2358,7993,29.50%,1220,1082,2302
"County School Trustee, Position 7, At Large",0150,236,169,405,1256,32.25%,15,381,396
"County School Trustee, Position 7, At Large",0151,137,79,216,826,26.15%,13,196,209
"County School Trustee, Position 7, At Large",0152,213,299,512,2788,18.36%,129,361,490
"County School Trustee, Position 7, At Large",0153,125,206,331,1808,18.31%,100,220,320
"County School Trustee, Position 7, At Large",0154,249,183,432,2190,19.73%,102,310,412
"County School Trustee, Position 7, At Large",0155,1022,619,1641,4109,39.94%,1126,461,1587
"County School Trustee, Position 7, At Large",0156,799,326,1125,3071,36.63%,38,1059,1097
"County School Trustee, Position 7, At Large",0157,448,214,662,2236,29.61%,24,619,643
"County School Trustee, Position 7, At Large",0158,600,315,915,3035,30.15%,24,867,891
"County School Trustee, Position 7, At Large",0159,116,127,243,998,24.35%,38,198,236
"County School Trustee, Position 7, At Large",0160,122,73,195,696,28.02%,7,183,190
"County School Trustee, Position 7, At Large",0161,163,141,304,991,30.68%,2,293,295
"County School Trustee, Position 7, At Large",0162,101,83,184,1265,14.55%,72,98,170
"County School Trustee, Position 7, At Large",0163,230,320,550,3037,18.11%,233,293,526
"County School Trustee, Position 7, At Large",0164,182,205,387,1420,27.25%,9,372,381
"County School Trustee, Position 7, At Large",0165,535,483,1018,2334,43.62%,663,316,979
"County School Trustee, Position 7, At Large",0166,158,233,391,1028,38.04%,115,255,370
"County School Trustee, Position 7, At Large",0167,3,0,3,24,12.50%,0,3,3
"County School Trustee, Position 7, At Large",0168,92,58,150,503,29.82%,2,144,146
"County School Trustee, Position 7, At Large",0169,518,251,767,2513,30.52%,19,728,747
"County School Trustee, Position 7, At Large",0170,271,141,412,1869,22.04%,211,181,392
"County School Trustee, Position 7, At Large",0171,202,198,400,1604,24.94%,10,381,391
"County School Trustee, Position 7, At Large",0172,88,80,166,621,26.73%,61,98,159
"County School Trustee, Position 7, At Large",0173,817,739,1556,3599,43.23%,1248,271,1519
"County School Trustee, Position 7, At Large",0174,829,733,1562,3296,47.39%,1044,447,1491
"County School Trustee, Position 7, At Large",0175,557,749,1306,2618,49.89%,623,601,1224
"County School Trustee, Position 7, At Large",0176,344,451,795,1602,49.63%,387,346,733
"County School Trustee, Position 7, At Large",0177,278,326,604,1496,40.37%,322,244,566
"County School Trustee, Position 7, At Large",0178,504,365,869,1765,49.24%,563,244,807
"County School Trustee, Position 7, At Large",0179,256,188,444,1575,28.19%,227,194,421
"County School Trustee, Position 7, At Large",0180,470,343,813,2834,28.69%,18,757,775
"County School Trustee, Position 7, At Large",0181,175,262,437,2061,21.20%,134,286,420
"County School Trustee, Position 7, At Large",0182,590,974,1564,3405,45.93%,906,542,1448
"County School Trustee, Position 7, At Large",0183,519,794,1313,2491,52.71%,796,430,1226
"County School Trustee, Position 7, At Large",0184,106,135,241,994,24.25%,77,142,219
"County School Trustee, Position 7, At Large",0185,283,292,575,1933,29.75%,209,345,554
"County School Trustee, Position 7, At Large",0186,97,106,203,798,25.44%,33,166,199
"County School Trustee, Position 7, At Large",0187,21,25,46,311,14.79%,13,31,44
"County School Trustee, Position 7, At Large",0188,153,146,299,1637,18.27%,138,149,287
"County School Trustee, Position 7, At Large",0189,239,360,599,1465,40.89%,306,253,559
"County School Trustee, Position 7, At Large",0190,120,177,297,1723,17.24%,125,159,284
"County School Trustee, Position 7, At Large",0191,79,126,205,1366,15.01%,83,115,198
"County School Trustee, Position 7, At Large",0192,380,225,605,1959,30.88%,26,560,586
"County School Trustee, Position 7, At Large",0193,173,187,360,1074,33.52%,9,340,349
"County School Trustee, Position 7, At Large",0194,350,431,781,1912,40.85%,221,523,744
"County School Trustee, Position 7, At Large",0195,269,278,547,1694,32.29%,22,513,535
"County School Trustee, Position 7, At Large",0196,52,32,84,316,26.58%,5,77,82
"County School Trustee, Position 7, At Large",0197,543,309,852,2914,29.24%,15,823,838
"County School Trustee, Position 7, At Large",0198,53,74,127,642,19.78%,1,124,125
"County School Trustee, Position 7, At Large",0199,812,661,1473,3216,45.80%,1132,281,1413
"County School Trustee, Position 7, At Large",0200,962,536,1498,3382,44.29%,641,768,1409
"County School Trustee, Position 7, At Large",0201,98,87,185,724,25.55%,2,180,182
"County School Trustee, Position 7, At Large",0202,217,189,406,1464,27.73%,11,386,397
"County School Trustee, Position 7, At Large",0203,107,68,175,960,18.23%,39,127,166
"County School Trustee, Position 7, At Large",0204,816,784,1600,3487,45.88%,875,633,1508
"County School Trustee, Position 7, At Large",0205,464,171,635,1664,38.16%,11,614,625
"County School Trustee, Position 7, At Large",0206,362,462,824,2779,29.65%,227,555,782
"County School Trustee, Position 7, At Large",0207,265,261,526,1188,44.28%,150,351,501
"County School Trustee, Position 7, At Large",0208,322,262,584,2195,26.61%,174,387,561
"County School Trustee, Position 7, At Large",0209,0,2,2,0,0.00%,2,0,2
"County School Trustee, Position 7, At Large",0210,502,467,969,2533,38.26%,96,844,940
"County School Trustee, Position 7, At Large",0211,307,386,693,2914,23.78%,246,409,655
"County School Trustee, Position 7, At Large",0212,96,155,251,1300,19.31%,53,193,246
"County School Trustee, Position 7, At Large",0213,826,913,1739,3350,51.91%,1316,308,1624
"County School Trustee, Position 7, At Large",0214,404,491,895,1854,48.27%,541,304,845
"County School Trustee, Position 7, At Large",0215,421,711,1132,2258,50.13%,634,421,1055
"County School Trustee, Position 7, At Large",0216,362,223,585,1945,30.08%,34,539,573
"County School Trustee, Position 7, At Large",0217,844,631,1475,2678,55.08%,893,469,1362
"County School Trustee, Position 7, At Large",0218,391,402,793,2292,34.60%,215,539,754
"County School Trustee, Position 7, At Large",0219,496,436,932,2767,33.68%,43,853,896
"County School Trustee, Position 7, At Large",0220,325,187,512,2310,22.16%,371,124,495
"County School Trustee, Position 7, At Large",0221,332,369,701,2529,27.72%,285,396,681
"County School Trustee, Position 7, At Large",0222,623,674,1297,2501,51.86%,520,681,1201
"County School Trustee, Position 7, At Large",0223,563,377,940,3582,26.24%,244,640,884
"County School Trustee, Position 7, At Large",0224,530,456,986,2238,44.06%,428,498,926
"County School Trustee, Position 7, At Large",0225,376,405,781,3305,23.63%,392,362,754
"County School Trustee, Position 7, At Large",0226,227,307,534,2436,21.92%,119,390,509
"County School Trustee, Position 7, At Large",0227,558,423,981,1785,54.96%,665,244,909
"County School Trustee, Position 7, At Large",0228,362,195,557,1050,53.05%,22,522,544
"County School Trustee, Position 7, At Large",0229,31,96,127,815,15.58%,58,64,122
"County School Trustee, Position 7, At Large",0230,185,116,301,1089,27.64%,5,288,293
"County School Trustee, Position 7, At Large",0231,233,264,497,2232,22.27%,117,355,472
"County School Trustee, Position 7, At Large",0232,361,474,835,1760,47.44%,434,355,789
"County School Trustee, Position 7, At Large",0233,890,801,1691,4445,38.04%,757,805,1562
"County School Trustee, Position 7, At Large",0234,1192,913,2105,3993,52.72%,1520,444,1964
"County School Trustee, Position 7, At Large",0235,240,158,398,1356,29.35%,12,374,386
"County School Trustee, Position 7, At Large",0236,354,235,589,2079,28.33%,10,565,575
"County School Trustee, Position 7, At Large",0237,416,253,669,2161,30.96%,14,639,653
"County School Trustee, Position 7, At Large",0238,339,245,584,1925,30.34%,16,555,571
"County School Trustee, Position 7, At Large",0239,383,236,619,1964,31.52%,21,588,609
"County School Trustee, Position 7, At Large",0240,585,243,828,2649,31.26%,21,791,812
"County School Trustee, Position 7, At Large",0241,222,229,451,2372,19.01%,185,245,430
"County School Trustee, Position 7, At Large",0242,173,162,335,1596,20.99%,188,130,318
"County School Trustee, Position 7, At Large",0243,138,43,181,457,39.61%,2,177,179
"County School Trustee, Position 7, At Large",0244,480,425,905,311,7,29.03%,504,362,866
"County School Trustee, Position 7, At Large",0245,946,799,1745,5828,29.94%,1216,485,1701
"County School Trustee, Position 7, At Large",0246,584,513,1197,3315,36.11%,849,313,1162
"County School Trustee, Position 7, At Large",0247,173,254,427,1582,26.99%,14,407,421
"County School Trustee, Position 7, At Large",0248,161,167,328,2100,15.62%,89,225,314
"County School Trustee, Position 7, At Large",0249,461,348,809,2719,29.75%,568,218,786
"County School Trustee, Position 7, At Large",0250,109,164,273,964,28.32%,10,259,269
"County School Trustee, Position 7, At Large",0251,278,436,714,2089,34.18%,23,677,700
"County School Trustee, Position 7, At Large",0252,504,312,816,2377,34.33%,16,787,803
"County School Trustee, Position 7, At Large",0253,379,222,601,2177,27.61%,14,574,588
"County School Trustee, Position 7, At Large",0254,93,112,205,1550,13.23%,64,132,196
"County School Trustee, Position 7, At Large",0255,525,648,1173,2482,47.26%,500,601,1101
"County School Trustee, Position 7, At Large",0256,575,449,1024,3254,31.47%,474,499,973
"County School Trustee, Position 7, At Large",0257,204,245,449,2523,17.80%,131,296,427
"County School Trustee, Position 7, At Large",0258,839,800,1539,3322,49.34%,1145,396,1541
"County School Trustee, Position 7, At Large",0259,555,382,1038,2361,43.96%,27,983,1010
"County School Trustee, Position 7, At Large",0260,162,145,307,1260,24.37%,178,113,291
"County School Trustee, Position 7, At Large",0261,124,120,244,1417,17.22%,103,133,236
"County School Trustee, Position 7, At Large",0262,758,600,1358,4397,30.88%,818,467,1285
"County School Trustee, Position 7, At Large",0263,858,712,1570,3693,42.51%,1190,325,1515
"County School Trustee, Position 7, At Large",0264,480,457,937,2963,31.62%,565,319,884
"County School Trustee, Position 7, At Large",0265,988,759,1747,3584,48.74%,1271,367,1638
"County School Trustee, Position 7, At Large",0266,259,257,516,2104,24.52%,254,233,487
"County School Trustee, Position 7, At Large",0267,146,166,312,1327,23.51%,160,132,292
"County School Trustee, Position 7, At Large",0268,435,717,1152,2493,46.21%,634,405,1039
"County School Trustee, Position 7, At Large",0269,702,453,1155,2030,56.90%,870,223,1093
"County School Trustee, Position 7, At Large",0270,817,672,1489,3605,41.30%,803,615,1418
"County School Trustee, Position 7, At Large",0271,656,382,1038,2518,41.22%,23,1002,1025
"County School Trustee, Position 7, At Large",0272,264,292,555,2162,25.72%,214,316,530
"County School Trustee, Position 7, At Large",0273,548,689,1237,2470,50.08%,977,206,1183
"County School Trustee, Position 7, At Large",0274,588,346,934,2153,43.38%,611,270,881
"County School Trustee, Position 7, At Large",0275,207,236,443,1850,23.95%,103,329,432
"County School Trustee, Position 7, At Large",0276,572,231,803,2536,31.66%,11,776,787
"County School Trustee, Position 7, At Large",0277,170,186,356,1492,23.86%,167,174,341
"County School Trustee, Position 7, At Large",0278,421,320,741,2454,30.20%,405,307,712
"County School Trustee, Position 7, At Large",0279,250,223,473,1941,24.37%,280,175,455
"County School Trustee, Position 7, At Large",0280,130,188,318,1524,20.87%,136,167,303
"County School Trustee, Position 7, At Large",0281,655,742,1397,2633,53.06%,619,670,1289
"County School Trustee, Position 7, At Large",0282,314,455,769,2042,37.66%,481,256,737
"County School Trustee, Position 7, At Large",0283,0,0,0,0,0.00%,0,0,0
"County School Trustee, Position 7, At Large",0284,574,335,910,3172,28.69%,412,460,872
"County School Trustee, Position 7, At Large",0285,448,378,826,2540,32.52%,72,727,799
"County School Trustee, Position 7, At Large",0286,1255,821,2076,6170,33.65%,186,1818,2004
"County School Trustee, Position 7, At Large",0287,370,477,847,1621,52.25%,393,402,795
"County School Trustee, Position 7, At Large",0288,532,313,845,2210,38.24%,16,813,829
"County School Trustee, Position 7, At Large",0289,186,212,398,1564,25.45%,192,186,378
"County School Trustee, Position 7, At Large",0290,245,298,543,1642,33.07%,408,118,526
"County School Trustee, Position 7, At Large",0291,325,235,560,1225,45.71%,273,259,532
"County School Trustee, Position 7, At Large",0292,207,147,354,1356,26.11%,36,309,345
"County School Trustee, Position 7, At Large",0293,356,447,803,1759,45.65%,358,399,757
"County School Trustee, Position 7, At Large",0294,488,221,709,2097,33.81%,9,685,694
"County School Trustee, Position 7, At Large",0295,148,103,251,885,28.36%,8,238,246
"County School Trustee, Position 7, At Large",0296,327,340,667,1713,38.94%,370,246,616
"County School Trustee, Position 7, At Large",0297,280,249,529,2012,26.29%,221,276,497
"County School Trustee, Position 7, At Large",0298,415,358,773,2121,36.45%,441,294,735
"County School Trustee, Position 7, At Large",0299,178,117,295,1353,21.80%,117,160,277
"County School Trustee, Position 7, At Large",0300,1,1389,1015,2405,5406,44.49%,1886,429,2315
"County School Trustee, Position 7, At Large",0301,210,255,465,2352,19.77%,191,254,445
"County School Trustee, Position 7, At Large",0302,353,343,696,2720,25.59%,408,266,674
"County School Trustee, Position 7, At Large",0303,922,784,1706,3245,52.57%,1308,314,1622
"County School Trustee, Position 7, At Large",0304,606,505,1111,2298,48.35%,593,460,1053
"County School Trustee, Position 7, At Large",0305,524,432,956,4191,22.81%,405,526,931
"County School Trustee, Position 7, At Large",0306,549,342,991,1879,52.74%,695,248,943
"County School Trustee, Position 7, At Large",0307,733,670,1403,3099,45.27%,927,398,1325
"County School Trustee, Position 7, At Large",0308,199,130,329,1296,25.39%,109,207,316
"County School Trustee, Position 7, At Large",0309,708,593,1301,2524,51.55%,1003,231,1234
"County School Trustee, Position 7, At Large",0310,386,279,665,1435,46.34%,442,185,627
"County School Trustee, Position 7, At Large",0311,486,421,907,2986,30.38%,484,367,851
"County School Trustee, Position 7, At Large",0312,742,457,1199,3636,32.98%,755,392,1147
"County School Trustee, Position 7, At Large",0313,9,0,9,62,14.52%,7,1,8
"County School Trustee, Position 7, At Large",0314,1121,913,2034,5647,36.02%,1279,694,1973
"County School Trustee, Position 7, At Large",0315,478,388,866,1608,53.86%,479,339,818
"County School Trustee, Position 7, At Large",0316,412,341,753,1537,48.99%,369,342,711
"County School Trustee, Position 7, At Large",0317,248,209,457,1588,28.78%,144,293,437
"County School Trustee, Position 7, At Large",0318,834,568,1402,3660,38.31%,69,1298,1367
"County School Trustee, Position 7, At Large",0319,512,230,742,2158,34.38%,42,675,717
"County School Trustee, Position 7, At Large",0320,234,168,402,1537,26.15%,199,189,388
"County School Trustee, Position 7, At Large",0321,262,191,453,2346,19.31%,162,266,428
"County School Trustee, Position 7, At Large",0322,181,129,310,1226,25.29%,102,198,300
"County School Trustee, Position 7, At Large",0323,278,211,489,1722,28.40%,227,239,466
"County School Trustee, Position 7, At Large",0324,532,646,1178,2336,50.43%,698,402,1100
"County School Trustee, Position 7, At Large",0325,289,193,482,2112,22.82%,102,360,462
"County School Trustee, Position 7, At Large",0326,87,74,161,698,23.07%,75,78,153
"County School Trustee, Position 7, At Large",0327,380,129,509,1729,29.44%,14,480,494
"County School Trustee, Position 7, At Large",0328,151,140,291,1434,20.29%,121,160,281
"County School Trustee, Position 7, At Large",0329,189,184,373,1397,26.70%,131,229,360
"County School Trustee, Position 7, At Large",0330,334,253,587,1936,30.32%,324,238,562
"County School Trustee, Position 7, At Large",0331,0,0,0,0,0.00%,0,0,0
"County School Trustee, Position 7, At Large",0332,18,7,25,138,18.12%,11,11,22
"County School Trustee, Position 7, At Large",0333,524,714,1238,3021,40.98%,852,325,1177
"County School Trustee, Position 7, At Large",0334,83,42,125,742,16.85%,22,99,121
"County School Trustee, Position 7, At Large",0335,121,98,219,1300,16.85%,86,122,208
"County School Trustee, Position 7, At Large",0336,866,624,1490,4051,36.78%,131,1330,1461
"County School Trustee, Position 7, At Large",0337,124,103,227,1029,22.06%,37,179,216
"County School Trustee, Position 7, At Large",0338,730,391,1121,4934,22.72%,381,669,1050
"County School Trustee, Position 7, At Large",0339,202,222,424,1757,24.13%,88,310,398
"County School Trustee, Position 7, At Large",0340,1038,594,1632,3765,43.35%,1213,353,1566
"County School Trustee, Position 7, At Large",0341,91,167,258,1290,20.00%,76,174,250
"County School Trustee, Position 7, At Large",0342,675,605,1280,6526,19.61%,205,1046,1251
"County School Trustee, Position 7, At Large",0343,189,271,460,1964,23.42%,126,313,439
"County School Trustee, Position 7, At Large",0344,154,172,326,1160,28.10%,17,293,310
"County School Trustee, Position 7, At Large",0345,156,165,321,1804,17.79%,93,210,303
"County School Trustee, Position 7, At Large",0346,0,1,1,3,33.33%,1,0,1
"County School Trustee, Position 7, At Large",0347,592,436,1028,3387,30.35%,687,311,998
"County School Trustee, Position 7, At Large",0348,438,208,646,1708,37.82%,491,130,621
"County School Trustee, Position 7, At Large",0349,188,267,455,1349,33.73%,280,155,435
"County School Trustee, Position 7, At Large",0350,524,526,1050,2909,36.09%,390,594,984
"County School Trustee, Position 7, At Large",0351,1491,710,2201,4712,46.71%,1718,418,2136
"County School Trustee, Position 7, At Large",0352,520,339,859,3205,26.80%,624,205,829
"County School Trustee, Position 7, At Large",0353,665,451,1116,3862,28.90%,193,892,1085
"County School Trustee, Position 7, At Large",0354,715,338,1053,3388,31.08%,259,762,1021
"County School Trustee, Position 7, At Large",0355,301,264,565,1560,36.22%,52,498,550
"County School Trustee, Position 7, At Large",0356,594,538,1132,2972,38.09%,721,365,1086
"County School Trustee, Position 7, At Large",0357,837,575,1412,3517,40.15%,1028,340,1368
"County School Trustee, Position 7, At Large",0358,212,254,466,2492,18.70%,58,397,455
"County School Trustee, Position 7, At Large",0359,234,224,458,3061,14.96%,57,394,451
"County School Trustee, Position 7, At Large",0360,522,380,902,2146,42.03%,452,384,836
"County School Trustee, Position 7, At Large",0361,41,295,336,1673,20.08%,47,247,294
"County School Trustee, Position 7, At Large",0362,1138,887,2025,5086,39.82%,1479,452,1931
"County School Trustee, Position 7, At Large",0363,620,412,1032,3677,28.07%,467,542,1009
"County School Trustee, Position 7, At Large",0364,488,405,893,2658,33.60%,515,339,854
"County School Trustee, Position 7, At Large",0365,478,231,709,1305,54.33%,49,644,693
"County School Trustee, Position 7, At Large",0366,252,270,522,2454,21.27%,132,379,511
"County School Trustee, Position 7, At Large",0367,170,138,308,1130,27.26%,68,234,302
"County School Trustee, Position 7, At Large",0368,178,88,266,958,27.77%,71,188,259
"County School Trustee, Position 7, At Large",0369,32,29,61,559,10.91%,16,43,59
"County School Trustee, Position 7, At Large",0370,1532,1105,2637,6593,40.00%,1992,568,2560
"County School Trustee, Position 7, At Large",0371,122,52,174,502,34.66%,6,164,170
"County School Trustee, Position 7, At Large",0372,221,170,391,1224,31.94%,54,325,379
"County School Trustee, Position 7, At Large",0373,21,12,33,157,21.02%,3,28,31
"County School Trustee, Position 7, At Large",0374,65,93,158,738,21.41%,49,104,153
"County School Trustee, Position 7, At Large",0375,254,220,474,2645,17.92%,237,205,442
"County School Trustee, Position 7, At Large",0376,278,205,483,1910,25.29%,219,244,463
"County School Trustee, Position 7, At Large",0377,525,583,1109,2920,37.98%,809,249,1058
"County School Trustee, Position 7, At Large",0378,232,354,586,1829,32.04%,363,196,559
"County School Trustee, Position 7, At Large",0379,431,289,720,2027,35.52%,69,629,698
"County School Trustee, Position 7, At Large",0380,1299,995,2294,5666,40.49%,1236,997,2233
"County School Trustee, Position 7, At Large",0381,412,248,660,2855,23.12%,312,326,638
"County School Trustee, Position 7, At Large",0382,132,157,289,922,31.34%,213,70,283
"County School Trustee, Position 7, At Large",0383,289,263,552,2173,25.40%,223,310,533
"County School Trustee, Position 7, At Large",0384,573,373,946,2657,35.60%,188,722,910
"County School Trustee, Position 7, At Large",0385,583,670,1253,2207,56.77%,931,257,1188
"County School Trustee, Position 7, At Large",0386,662,469,1131,2922,38.71%,831,261,1092
"County School Trustee, Position 7, At Large",0387,555,672,1227,3935,31.18%,905,290,1195
"County School Trustee, Position 7, At Large",0388,1430,1010,2440,6888,35.42%,1405,971,2376
"County School Trustee, Position 7, At Large",0389,91,208,299,1026,29.14%,39,236,275
"County School Trustee, Position 7, At Large",0390,356,263,619,1480,41.82%,72,528,600
"County School Trustee, Position 7, At Large",0391,508,260,768,1883,40.79%,469,267,736
"County School Trustee, Position 7, At Large",0392,387,155,542,1446,37.48%,9,525,534
"County School Trustee, Position 7, At Large",0393,165,185,350,1292,27.09%,161,180,341
"County School Trustee, Position 7, At Large",0394,69,73,142,834,17.03%,75,60,135
"County School Trustee, Position 7, At Large",0395,469,404,873,1846,47.29%,620,217,837
"County School Trustee, Position 7, At Large",0396,622,216,838,2082,40.25%,28,787,815
"County School Trustee, Position 7, At Large",0397,86,78,164,760,21,58%,81,78,159
"County School Trustee, Position 7, At Large",0398,615,521,1136,4022,28.24%,604,503,1107
"County School Trustee, Position 7, At Large",0399,402,366,768,2791,27.52%,415,326,741
"County School Trustee, Position 7, At Large",0400,520,359,979,2411,40.61%,709,231,940
"County School Trustee, Position 7, At Large",0401,330,205,535,1913,27.97%,19,503,522
"County School Trustee, Position 7, At Large",0402,466,266,732,1794,40.80%,38,676,714
"County School Trustee, Position 7, At Large",0403,475,498,973,1715,56.73%,494,408,902
"County School Trustee, Position 7, At Large",0404,419,330,749,2585,28.97%,442,282,724
"County School Trustee, Position 7, At Large",0405,0,0,0,0,0.00%,0,0,0
"County School Trustee, Position 7, At Large",0406,137,67,204,628,32.48%,5,194,199
"County School Trustee, Position 7, At Large",0407,688,793,1481,3769,39.29%,990,423,1413
"County School Trustee, Position 7, At Large",0408,146,153,299,1691,17.68%,145,143,288
"County School Trustee, Position 7, At Large",0409,122,149,271,1459,18.57%,109,153,262
"County School Trustee, Position 7, At Large",0410,132,80,212,899,23.58%,47,154,201
"County School Trustee, Position 7, At Large",0411,235,200,435,2339,18.60%,158,259,417
"County School Trustee, Position 7, At Large",0412,74,44,118,468,25.21%,6,105,111
"County School Trustee, Position 7, At Large",0413,767,386,1153,2992,38.54%,464,644,1108
"County School Trustee, Position 7, At Large",0414,654,480,1134,3453,32.84%,873,219,1092
"County School Trustee, Position 7, At Large",0415,539,598,1137,2203,51.61%,752,342,1094
"County School Trustee, Position 7, At Large",0416,538,558,1096,3791,28.91%,596,460,1056
"County School Trustee, Position 7, At Large",0417,353,385,738,2448,30.15%,372,337,709
"County School Trustee, Position 7, At Large",0418,403,469,872,3584,24.33%,354,482,836
"County School Trustee, Position 7, At Large",0419,571,324,895,2658,33.67%,590,270,860
"County School Trustee, Position 7, At Large",0420,1036,874,1910,4762,40.11%,1555,283,1838
"County School Trustee, Position 7, At Large",0421,35,37,73,410,17.80%,24,45,69
"County School Trustee, Position 7, At Large",0422,731,402,1133,3345,33.87%,34,1077,1111
"County School Trustee, Position 7, At Large",0423,108,120,228,1376,16.57%,72,146,218
"County School Trustee, Position 7, At Large",0424,240,111,351,967,36.30%,200,134,334
"County School Trustee, Position 7, At Large",0425,107,123,230,883,26.05%,87,133,220
"County School Trustee, Position 7, At Large",0426,260,183,443,1218,36.37%,261,160,421
"County School Trustee, Position 7, At Large",0427,179,134,313,1092,28.66%,131,161,292
"County School Trustee, Position 7, At Large",0428,619,421,1040,4538,22.92%,330,629,959
"County School Trustee, Position 7, At Large",0429,445,314,759,3197,23.74%,210,505,715
"County School Trustee, Position 7, At Large",0430,161,133,294,1657,17.74%,88,195,283
"County School Trustee, Position 7, At Large",0431,327,84,411,3417,12.03%,145,248,393
"County School Trustee, Position 7, At Large",0432,123,157,280,1455,19.24%,107,164,271
"County School Trustee, Position 7, At Large",0433,50,63,113,581,19.45%,25,81,106
"County School Trustee, Position 7, At Large",0434,370,289,659,1503,43.85%,398,224,622
"County School Trustee, Position 7, At Large",0435,855,636,1491,3252,45.85%,934,477,1411
"County School Trustee, Position 7, At Large",0436,629,531,1160,2933,39.55%,710,391,1101
"County School Trustee, Position 7, At Large",0437,521,512,1033,2033,50.81%,707,276,983
"County School Trustee, Position 7, At Large",0438,517,389,1006,1861,54.06%,731,219,950
"County School Trustee, Position 7, At Large",0439,710,884,1594,3554,44.85%,1124,389,1513
"County School Trustee, Position 7, At Large",0440,664,858,1522,2930,51.95%,1177,256,1433
"County School Trustee, Position 7, At Large",0441,345,420,765,1669,45.84%,569,160,729
"County School Trustee, Position 7, At Large",0442,612,574,1186,2575,46.06%,970,174,1144
"County School Trustee, Position 7, At Large",0443,225,138,354,646,56.35%,248,94,342
"County School Trustee, Position 7, At Large",0444,587,583,1270,3262,38.93%,791,418,1209
"County School Trustee, Position 7, At Large",0445,499,348,847,2026,41.81%,559,255,814
"County School Trustee, Position 7, At Large",0446,31,22,53,291,18.21%,25,26,51
"County School Trustee, Position 7, At Large",0447,93,86,179,637,28.10%,51,118,169
"County School Trustee, Position 7, At Large",0448,590,778,1368,3138,43.59%,739,554,1293
"County School Trustee, Position 7, At Large",0449,12,23,35,198,17.68%,4,31,35
"County School Trustee, Position 7, At Large",0450,435,328,763,2635,28.96%,236,500,736
"County School Trustee, Position 7, At Large",0451,1002,510,1512,2687,56.27%,1214,222,1436
"County School Trustee, Position 7, At Large",0452,554,444,998,3048,32.74%,737,231,968
"County School Trustee, Position 7, At Large",0453,231,262,493,1937,25.45%,196,275,471
"County School Trustee, Position 7, At Large",0454,594,248,842,2561,32.88%,15,814,829
"County School Trustee, Position 7, At Large",0455,367,165,532,1689,31.50%,20,504,524
"County School Trustee, Position 7, At Large",0456,482,362,844,3513,24.03%,496,324,820
"County School Trustee, Position 7, At Large",0457,0,0,0,0,0.00%,0,0,0
"County School Trustee, Position 7, At Large",0458,471,237,708,1924,36.80%,36,651,687
"County School Trustee, Position 7, At Large",0459,951,474,1425,3021,47.17%,1119,256,1375
"County School Trustee, Position 7, At Large",0460,554,331,885,2837,31.19%,222,644,866
"County School Trustee, Position 7, At Large",0461,1155,735,1900,3871,49.08%,1284,505,1789
"County School Trustee, Position 7, At Large",0462,674,619,1293,3384,38.21%,457,779,1236
"County School Trustee, Position 7, At Large",0463,480,404,884,3326,26.58%,407,454,861
"County School Trustee, Position 7, At Large",0464,356,430,786,2257,34.82%,554,211,765
"County School Trustee, Position 7, At Large",0465,687,520,1207,3564,33.87%,679,496,1175
"County School Trustee, Position 7, At Large",0466,1058,614,1672,4184,39.96%,971,649,1620
"County School Trustee, Position 7, At Large",0467,213,189,402,1270,31.65%,98,296,394
"County School Trustee, Position 7, At Large",0468,352,443,795,3598,22.10%,250,516,766
"County School Trustee, Position 7, At Large",0469,1294,547,1841,3985,46.20%,1433,329,1762
"County School Trustee, Position 7, At Large",0470,185,176,361,1326,27.22%,264,76,340
"County School Trustee, Position 7, At Large",0471,375,380,755,2387,31.63%,606,129,735
"County School Trustee, Position 7, At Large",0472,198,278,476,1081,44.03%,174,266,440
"County School Trustee, Position 7, At Large",0473,599,391,990,1806,54.82%,661,276,937
"County School Trustee, Position 7, At Large",0474,559,588,1147,3037,37.77%,783,320,1103
"County School Trustee, Position 7, At Large",0475,189,267,456,1809,25.21%,216,220,436
"County School Trustee, Position 7, At Large",0476,404,473,877,2430,36.09%,484,362,846
"County School Trustee, Position 7, At Large",0477,737,567,1304,3505,37.20%,994,271,1265
"County School Trustee, Position 7, At Large",0478,958,657,1615,4461,36.20%,1080,468,1548
"County School Trustee, Position 7, At Large",0479,638,612,1250,2714,46.06%,923,282,1205
"County School Trustee, Position 7, At Large",0480,493,450,943,2415,39.05%,678,232,910
"County School Trustee, Position 7, At Large",0481,770,623,1393,3482,40.01%,1064,277,1341
"County School Trustee, Position 7, At Large",0482,878,630,1508,4373,34.48%,1080,376,1456
"County School Trustee, Position 7, At Large",0483,1042,478,1520,4308,35.28%,876,581,1457
"County School Trustee, Position 7, At Large",0484,1107,930,2037,4979,40.91%,1464,514,1978
"County School Trustee, Position 7, At Large",0485,1095,911,2006,5388,37.23%,1564,389,1953
"County School Trustee, Position 7, At Large",0486,873,855,1728,3866,44.70%,1342,318,1660
"County School Trustee, Position 7, At Large",0487,570,294,864,3860,22.38%,312,484,796
"County School Trustee, Position 7, At Large",0488,268,254,522,1719,30.37%,197,286,483
"County School Trustee, Position 7, At Large",0489,350,290,640,1893,33.81%,205,401,606
"County School Trustee, Position 7, At Large",0490,444,368,812,1975,41.11%,282,501,783
"County School Trustee, Position 7, At Large",0491,314,372,686,1888,36.33%,397,262,659
"County School Trustee, Position 7, At Large",0492,556,410,966,2335,41.37%,570,356,926
"County School Trustee, Position 7, At Large",0493,479,322,801,1853,43.23%,531,228,759
"County School Trustee, Position 7, At Large",0494,381,247,628,2467,25.46%,79,533,612
"County School Trustee, Position 7, At Large",0495,522,523,1045,2375,44.00%,741,243,984
"County School Trustee, Position 7, At Large",0496,190,315,505,2160,23.38%,201,289,490
"County School Trustee, Position 7, At Large",0497,526,243,769,2257,34.07%,25,724,749
"County School Trustee, Position 7, At Large",0498,363,323,686,2297,29.87%,311,356,667
"County School Trustee, Position 7, At Large",0499,750,518,1268,2326,54.51%,915,291,1206
"County School Trustee, Position 7, At Large",0500,729,715,1444,3507,41.17%,1000,398,1398
"County School Trustee, Position 7, At Large",0501,341,417,758,1801,42.09%,261,451,712
"County School Trustee, Position 7, At Large",0502,477,350,827,2501,33.07%,684,116,800
"County School Trustee, Position 7, At Large",0503,174,116,290,1374,21.11%,106,163,269
"County School Trustee, Position 7, At Large",0504,524,527,1151,2288,50.31%,721,377,1098
"County School Trustee, Position 7, At Large",0505,531,562,1193,3773,31.62%,537,592,1129
"County School Trustee, Position 7, At Large",0506,665,670,1335,3502,38.12%,237,1058,1295
"County School Trustee, Position 7, At Large",0507,221,149,370,2452,15.09%,78,227,305
"County School Trustee, Position 7, At Large",0508,492,412,904,3287,27.50%,348,491,839
"County School Trustee, Position 7, At Large",0509,753,596,1349,3732,36.15%,944,343,1287
"County School Trustee, Position 7, At Large",0510,687,514,1201,3590,33.45%,592,565,1157
"County School Trustee, Position 7, At Large",0511,0,0,0,0,0.00%,0,0,0
"County School Trustee, Position 7, At Large",0512,602,660,1262,5057,24.96%,601,627,1228
"County School Trustee, Position 7, At Large",0513,1019,487,1506,2894,52.04%,1127,311,1438
"County School Trustee, Position 7, At Large",0514,953,720,1673,4275,39.13%,1272,345,1617
"County School Trustee, Position 7, At Large",0515,942,683,1625,3455,47.03%,1307,259,1566
"County School Trustee, Position 7, At Large",0516,1000,800,1800,5356,33.61%,955,775,1730
"County School Trustee, Position 7, At Large",0517,481,256,737,2954,24.95%,421,292,713
"County School Trustee, Position 7, At Large",0518,635,693,1328,3943,33.68%,868,406,1274
"County School Trustee, Position 7, At Large",0519,623,493,1116,2966,37.63%,830,247,1077
"County School Trustee, Position 7, At Large",0520,473,457,930,4580,20.31%,168,742,910
"County School Trustee, Position 7, At Large",0521,471,464,935,2866,32.62%,506,400,906
"County School Trustee, Position 7, At Large",0522,715,572,1288,2689,47.90%,991,258,1249
"County School Trustee, Position 7, At Large",0523,751,415,1166,3052,38.20%,783,335,1118
"County School Trustee, Position 7, At Large",0524,567,459,1026,3410,30.09%,351,643,994
"County School Trustee, Position 7, At Large",0525,707,482,1189,3091,38.47%,269,869,1138
"County School Trustee, Position 7, At Large",0526,68,84,152,780,19.49%,42,103,145
"County School Trustee, Position 7, At Large",0527,37,40,77,574,13.41%,44,32,76
"County School Trustee, Position 7, At Large",0528,14,12,26,90,28.89%,2,24,26
"County School Trustee, Position 7, At Large",0529,1043,491,1534,3710,41.35%,1320,164,1484
"County School Trustee, Position 7, At Large",0530,114,107,221,1196,18.48%,51,160,211
"County School Trustee, Position 7, At Large",0531,363,174,537,1145,46.90%,415,100,515
"County School Trustee, Position 7, At Large",0532,205,146,351,1048,33.49%,257,86,343
"County School Trustee, Position 7, At Large",0533,124,108,232,1119,20.73%,132,87,219
"County School Trustee, Position 7, At Large",0534,783,524,1,307,3837,34.06%,990,265,1255
"County School Trustee, Position 7, At Large",0535,33,29,62,416,14.90%,32,29,61
"County School Trustee, Position 7, At Large",0536,554,780,1334,5139,25.96%,521,776,1297
"County School Trustee, Position 7, At Large",0537,855,778,1633,3050,53.54%,1185,382,1567
"County School Trustee, Position 7, At Large",0538,204,160,364,1303,27.94%,13,345,358
"County School Trustee, Position 7, At Large",0539,15,241,256,64,400.00%,74,164,238
"County School Trustee, Position 7, At Large",0540,378,316,694,1567,44.29%,244,397,641
"County School Trustee, Position 7, At Large",0541,784,505,1289,4599,28.03%,189,1039,1228
"County School Trustee, Position 7, At Large",0542,360,382,742,2557,29.02%,43,673,716
"County School Trustee, Position 7, At Large",0543,141,213,354,1565,22.62%,107,227,334
"County School Trustee, Position 7, At Large",0544,35,41,77,310,24.84%,13,63,76
"County School Trustee, Position 7, At Large",0545,596,620,1216,3629,33.51%,604,571,1175
"County School Trustee, Position 7, At Large",0546,2,2,4,37,10.81%,2,1,3
"County School Trustee, Position 7, At Large",0547,501,466,967,2406,40.19%,677,251,928
"County School Trustee, Position 7, At Large",0548,286,293,579,2215,26.14%,303,263,566
"County School Trustee, Position 7, At Large",0549,343,418,761,2663,28.58%,113,631,744
"County School Trustee, Position 7, At Large",0550,501,431,932,3031,30.75%,525,375,900
"County School Trustee, Position 7, At Large",0551,1288,1394,2682,7034,38.13%,2009,605,2614
"County School Trustee, Position 7, At Large",0552,847,883,1730,3415,50.66%,1431,250,1681
"County School Trustee, Position 7, At Large",0553,578,529,1107,4686,23.62%,504,568,1072
"County School Trustee, Position 7, At Large",0554,261,199,460,1757,26.18%,99,329,428
"County School Trustee, Position 7, At Large",0555,225,277,502,2219,22.62%,107,377,484
"County School Trustee, Position 7, At Large",0556,276,186,462,2319,19.92%,136,313,449
"County School Trustee, Position 7, At Large",0557,455,183,638,2830,22.54%,262,302,564
"County School Trustee, Position 7, At Large",0558,693,463,1156,4380,26.39%,402,714,1116
"County School Trustee, Position 7, At Large",0559,640,494,1134,4969,22.82%,341,752,1093
"County School Trustee, Position 7, At Large",0560,72,131,203,1120,18.13%,51,140,191
"County School Trustee, Position 7, At Large",0561,362,436,798,3064,26.04%,479,285,764
"County School Trustee, Position 7, At Large",0562,113,68,181,694,26.08%,24,156,180
"County School Trustee, Position 7, At Large",0563,1107,376,1483,3105,47.76%,1163,261,1424
"County School Trustee, Position 7, At Large",0564,470,426,896,3155,28.40%,230,629,859
"County School Trustee, Position 7, At Large",0565,108,78,186,1354,13.74%,42,132,174
"County School Trustee, Position 7, At Large",0566,417,324,741,2882,25.71%,226,492,718
"County School Trustee, Position 7, At Large",0567,301,193,494,2238,22.07%,161,291,452
"County School Trustee, Position 7, At Large",0568,876,685,1561,3594,43.43%,979,497,1476
"County School Trustee, Position 7, At Large",0569,572,667,1239,3525,35.15%,641,533,1174
"County School Trustee, Position 7, At Large",0570,238,210,448,1562,28.68%,153,265,418
"County School Trustee, Position 7, At Large",0571,155,149,304,1827,16.64%,120,178,298
"County School Trustee, Position 7, At Large",0572,555,375,930,3108,29.92%,474,419,893
"County School Trustee, Position 7, At Large",0573,290,151,441,1619,27.24%,7,430,437
"County School Trustee, Position 7, At Large",0574,31,42,73,402,18.16%,9,63,72
"County School Trustee, Position 7, At Large",0575,13,11,24,74,32.43%,20,3,23
"County School Trustee, Position 7, At Large",0576,485,318,803,2734,29.37%,25,762,787
"County School Trustee, Position 7, At Large",0577,147,88,235,608,38.65%,139,85,224
"County School Trustee, Position 7, At Large",0578,409,538,947,1799,52.64%,556,352,908
"County School Trustee, Position 7, At Large",0579,75,101,176,1056,16.67%,33,138,171
"County School Trustee, Position 7, At Large",0580,179,118,297,1031,28.81%,4,284,288
"County School Trustee, Position 7, At Large",0581,212,174,386,1032,37.40%,9,363,372
"County School Trustee, Position 7, At Large",0582,258,171,429,1588,27.02%,19,398,417
"County School Trustee, Position 7, At Large",0583,225,131,356,1262,28.21%,9,338,347
"County School Trustee, Position 7, At Large",0584,182,93,275,1014,27.12%,11,262,273
"County School Trustee, Position 7, At Large",0585,417,172,589,2511,23.46%,18,560,578
"County School Trustee, Position 7, At Large",0586,638,680,1318,4316,30.54%,809,463,1272
"County School Trustee, Position 7, At Large",0587,436,284,720,2598,27.71%,284,416,700
"County School Trustee, Position 7, At Large",0588,758,674,1432,3645,39.29%,1025,359,1384
"County School Trustee, Position 7, At Large",0589,500,386,886,3420,25.91%,494,371,865
"County School Trustee, Position 7, At Large",0590,772,399,1171,2162,54.16%,900,231,1131
"County School Trustee, Position 7, At Large",0591,183,231,414,2121,19.52%,124,275,399
"County School Trustee, Position 7, At Large",0592,133,157,290,1350,21.48%,76,200,276
"County School Trustee, Position 7, At Large",0593,543,564,1107,4380,25.27%,535,521,1056
"County School Trustee, Position 7, At Large",0594,561,326,887,2490,35.62%,256,601,857
"County School Trustee, Position 7, At Large",0595,201,178,379,1693,22.39%,67,302,369
"County School Trustee, Position 7, At Large",0596,441,348,789,3007,26.24%,432,331,763
"County School Trustee, Position 7, At Large",0597,367,394,761,3653,20.83%,324,424,748
"County School Trustee, Position 7, At Large",0598,195,57,252,728,34.62%,205,41,246
"County School Trustee, Position 7, At Large",0599,850,578,1428,4950,28.85%,509,879,1388
"County School Trustee, Position 7, At Large",0600,667,429,1096,3957,27.70%,442,610,1052
"County School Trustee, Position 7, At Large",0601,1073,756,1829,4057,45.08%,1385,394,1779
"County School Trustee, Position 7, At Large",0602,293,235,528,1326,39.82%,387,125,512
"County School Trustee, Position 7, At Large",0603,554,794,1678,4843,34.65%,1077,563,1640
"County School Trustee, Position 7, At Large",0604,702,518,1220,3005,40.60%,1014,170,1184
"County School Trustee, Position 7, At Large",0605,907,556,1463,5582,26.21%,358,1073,1431
"County School Trustee, Position 7, At Large",0606,176,70,246,937,26.25%,4,239,243
"County School Trustee, Position 7, At Large",0607,62,51,113,728,15.52%,13,97,110
"County School Trustee, Position 7, At Large",0608,31,47,78,537,14.53%,42,30,72
"County School Trustee, Position 7, At Large",0609,557,680,1347,3384,39.80%,833,449,1282
"County School Trustee, Position 7, At Large",0610,231,188,419,1927,21.74%,218,175,393
"County School Trustee, Position 7, At Large",0611,495,242,737,2488,29.62%,23,700,723
"County School Trustee, Position 7, At Large",0612,996,497,1493,3307,45.15%,1114,307,1421
"County School Trustee, Position 7, At Large",0613,186,204,390,1554,25.10%,64,316,380
"County School Trustee, Position 7, At Large",0614,737,566,1303,4207,30.97%,497,759,1256
"County School Trustee, Position 7, At Large",0615,450,299,779,1967,39.60%,488,263,751
"County School Trustee, Position 7, At Large",0616,739,663,1402,3436,40.80%,987,371,1358
"County School Trustee, Position 7, At Large",0617,541,393,934,3809,24.52%,386,526,912
"County School Trustee, Position 7, At Large",0618,946,567,1513,6003,25.20%,771,699,1470
"County School Trustee, Position 7, At Large",0619,1219,803,2022,4297,47.06%,1493,445,1938
"County School Trustee, Position 7, At Large",0620,689,264,953,2897,32.90%,591,326,917
"County School Trustee, Position 7, At Large",0621,154,101,255,1133,22.51%,140,105,245
"County School Trustee, Position 7, At Large",0622,881,524,1405,4403,31.91%,869,488,1357
"County School Trustee, Position 7, At Large",0623,887,487,1374,3691,37.23%,937,378,1315
"County School Trustee, Position 7, At Large",0624,1,1,2,3,66.67%,1,1,2
"County School Trustee, Position 7, At Large",0625,477,362,839,1820,46.10%,471,325,796
"County School Trustee, Position 7, At Large",0626,551,440,1021,2861,35.69%,567,405,972
"County School Trustee, Position 7, At Large",0627,345,322,668,3049,21.91%,240,399,639
"County School Trustee, Position 7, At Large",0628,152,219,371,1675,22.15%,195,168,363
"County School Trustee, Position 7, At Large",0629,37,53,90,696,12.93%,16,74,90
"County School Trustee, Position 7, At Large",0630,974,600,1574,3905,40.31%,121,1408,1529
"County School Trustee, Position 7, At Large",0631,822,404,1226,2846,43.08%,894,289,1183
"County School Trustee, Position 7, At Large",0632,7,4,11,343,3.21%,3,8,11
"County School Trustee, Position 7, At Large",0633,943,731,1674,3559,47.04%,1191,426,1617
"County School Trustee, Position 7, At Large",0634,458,442,900,3029,29.71%,595,277,872
"County School Trustee, Position 7, At Large",0635,743,485,1228,3393,36.19%,926,263,1189
"County School Trustee, Position 7, At Large",0636,836,874,1710,4140,41.30%,1482,177,1659
"County School Trustee, Position 7, At Large",0637,409,362,771,2512,30.69%,169,558,727
"County School Trustee, Position 7, At Large",0638,304,245,549,2204,24.91%,46,478,524
"County School Trustee, Position 7, At Large",0639,549,547,1096,2526,43.39%,881,177,1058
"County School Trustee, Position 7, At Large",0640,641,459,1100,3733,29.47%,694,370,1064
"County School Trustee, Position 7, At Large",0641,649,596,1245,3650,34.11%,837,370,1207
"County School Trustee, Position 7, At Large",0642,471,394,865,1764,49.04%,689,139,828
"County School Trustee, Position 7, At Large",0643,934,653,1587,5945,26.69%,631,907,1538
"County School Trustee, Position 7, At Large",0644,1019,823,1842,5523,33.35%,1226,559,1785
"County School Trustee, Position 7, At Large",0645,654,594,1248,4185,29.82%,669,536,1205
"County School Trustee, Position 7, At Large",0646,364,287,651,2220,29.32%,203,412,615
"County School Trustee, Position 7, At Large",0647,904,470,1374,6084,22.58%,390,876,1266
"County School Trustee, Position 7, At Large",0648,838,579,1417,3367,42.08%,1018,357,1375
"County School Trustee, Position 7, At Large",0649,687,434,1121,4576,24.50%,361,699,1060
"County School Trustee, Position 7, At Large",0650,906,766,1672,3888,43.00%,1210,404,1614
"County School Trustee, Position 7, At Large",0651,963,766,1729,5128,33.72%,1108,566,1674
"County School Trustee, Position 7, At Large",0652,467,515,982,2815,34.88%,175,778,953
"County School Trustee, Position 7, At Large",0653,0,4,4,0,0.00%,1,3,4
"County School Trustee, Position 7, At Large",0654,950,1005,1955,6208,31.49%,1056,838,1894
"County School Trustee, Position 7, At Large",0655,1116,1079,2195,6855,32.02%,1375,745,2120
"County School Trustee, Position 7, At Large",0656,579,393,972,2674,36.35%,36,911,947
"County School Trustee, Position 7, At Large",0657,246,172,418,1292,32.35%,169,236,405
"County School Trustee, Position 7, At Large",0658,540,426,966,2807,34.41%,636,310,946
"County School Trustee, Position 7, At Large",0659,1149,788,1937,4856,39.89%,1385,497,1882
"County School Trustee, Position 7, At Large",0660,950,825,1775,5372,33.04%,161,1574,1735
"County School Trustee, Position 7, At Large",0661,675,765,1440,4567,31.53%,844,541,1385
"County School Trustee, Position 7, At Large",0662,1148,890,2038,4874,41.81%,1626,354,1980
"County School Trustee, Position 7, At Large",0663,717,797,1514,3346,45.25%,750,687,1437
"County School Trustee, Position 7, At Large",0664,352,250,602,2869,20.98%,131,446,577
"County School Trustee, Position 7, At Large",0665,482,348,830,2154,38.53%,707,98,805
"County School Trustee, Position 7, At Large",0666,0,0,0,0,0.00%,0,0,0
"County School Trustee, Position 7, At Large",0667,488,502,990,2149,46.07%,768,193,961
"County School Trustee, Position 7, At Large",0668,399,509,908,2775,32.72%,590,294,884
"County School Trustee, Position 7, At Large",0669,850,738,1,588,3425,46.36%,1129,399,1528
"County School Trustee, Position 7, At Large",0670,955,471,1427,2983,47.84%,1111,264,1375
"County School Trustee, Position 7, At Large",0671,403,565,968,3037,31.87%,593,336,929
"County School Trustee, Position 7, At Large",0672,959,862,1821,5706,31.91%,1244,523,1767
"County School Trustee, Position 7, At Large",0673,729,516,1245,2995,41.57%,988,208,1196
"County School Trustee, Position 7, At Large",0674,1071,618,1689,4091,41.29%,1266,371,1637
"County School Trustee, Position 7, At Large",0675,0,1,1,0,0.00%,1,0,1
"County School Trustee, Position 7, At Large",0676,0,0,0,0,0.00%,0,0,0
"County School Trustee, Position 7, At Large",0677,127,127,254,1266,20.06%,92,148,240
"County School Trustee, Position 7, At Large",0678,166,108,274,735,37.28%,176,84,260
"County School Trustee, Position 7, At Large",0679,635,520,1155,3381,34.16%,877,233,1110
"County School Trustee, Position 7, At Large",0680,21,14,35,162,21.60%,12,23,35
"County School Trustee, Position 7, At Large",0681,1,0,1,5,20.00%,1,0,1
"County School Trustee, Position 7, At Large",0682,711,654,1365,4216,32.38%,1010,316,1326
"County School Trustee, Position 7, At Large",0683,29,20,49,276,17.75%,8,37,45
"County School Trustee, Position 7, At Large",0684,27,22,49,223,21.97%,25,22,47
"County School Trustee, Position 7, At Large",0685,110,29,139,307,45.28%,63,68,131
"County School Trustee, Position 7, At Large",0686,17,12,29,208,13.94%,10,18,28
"County School Trustee, Position 7, At Large",0687,549,537,1085,2609,41.63%,731,297,1028
"County School Trustee, Position 7, At Large",0688,999,617,1616,3504,46.12%,1291,276,1567
"County School Trustee, Position 7, At Large",0689,211,387,598,2346,25.49%,300,270,570
"County School Trustee, Position 7, At Large",0690,926,1104,2030,5102,39.79%,1648,322,1970
"County School Trustee, Position 7, At Large",0691,2,5,7,25,28.00%,3,4,7
"County School Trustee, Position 7, At Large",0692,444,548,992,2847,34.84%,741,214,955
"County School Trustee, Position 7, At Large",0693,167,91,258,666,38.74%,72,173,245
"County School Trustee, Position 7, At Large",0694,260,120,380,845,44.97%,254,106,360
"County School Trustee, Position 7, At Large",0695,232,193,425,1724,24.65%,271,137,408
"County School Trustee, Position 7, At Large",0696,261,207,468,1982,23.61%,300,147,447
"County School Trustee, Position 7, At Large",0697,605,613,1218,4413,27.60%,307,867,1174
"County School Trustee, Position 7, At Large",0698,448,489,937,3189,29.38%,102,810,912
"County School Trustee, Position 7, At Large",0699,568,414,982,2343,41.91%,625,297,922
"County School Trustee, Position 7, At Large",0700,255,251,506,1371,36.91%,431,58,489
"County School Trustee, Position 7, At Large",0701,56,43,99,588,16.84%,63,30,93
"County School Trustee, Position 7, At Large",0702,54,70,134,539,24.86%,18,114,132
"County School Trustee, Position 7, At Large",0703,372,490,862,1882,45.80%,619,205,824
"County School Trustee, Position 7, At Large",0704,569,599,1168,3064,38.12%,946,181,1127
"County School Trustee, Position 7, At Large",0705,114,113,227,1523,14.90%,33,185,218
"County School Trustee, Position 7, At Large",0706,115,71,186,610,30.49%,90,86,176
"County School Trustee, Position 7, At Large",0707,153,86,239,707,33.80%,150,80,230
"County School Trustee, Position 7, At Large",0708,54,52,106,563,18.83%,48,50,98
"County School Trustee, Position 7, At Large",0709,1375,947,2322,6848,33.91%,1407,858,2265
"County School Trustee, Position 7, At Large",0710,371,462,833,2082,40.01%,447,334,781
"County School Trustee, Position 7, At Large",0711,702,506,1208,3484,34.67%,724,431,1155
"County School Trustee, Position 7, At Large",0712,491,463,954,3670,25.99%,408,528,936
"County School Trustee, Position 7, At Large",0713,228,262,490,1907,25.69%,250,224,474
"County School Trustee, Position 7, At Large",0714,35,19,55,296,18.58%,33,20,53
"County School Trustee, Position 7, At Large",0715,176,187,363,1408,25.78%,205,141,346
"County School Trustee, Position 7, At Large",0716,449,407,856,2680,31.94%,599,234,833
"County School Trustee, Position 7, At Large",0717,373,250,623,2002,31.12%,71,538,609
"County School Trustee, Position 7, At Large",0718,1017,806,1823,4229,43.11%,1264,482,1746
"County School Trustee, Position 7, At Large",0719,247,137,384,1589,24.17%,234,134,368
"County School Trustee, Position 7, At Large",0720,994,780,1774,4282,41.43%,1322,395,1717
"County School Trustee, Position 7, At Large",0721,754,532,1286,2870,44.81%,827,403,1230
"County School Trustee, Position 7, At Large",0722,871,494,1365,4479,30.48%,103,1218,1321
"County School Trustee, Position 7, At Large",0723,401,202,603,1858,32.45%,134,447,581
"County School Trustee, Position 7, At Large",0724,151,128,279,766,36.42%,208,62,270
"County School Trustee, Position 7, At Large",0725,423,237,660,2237,29.50%,309,334,643
"County School Trustee, Position 7, At Large",0726,592,402,994,2087,47.63%,870,100,970
"County School Trustee, Position 7, At Large",0727,338,290,628,2488,25.24%,207,390,597
"County School Trustee, Position 7, At Large",0728,209,151,360,880,40.91%,217,120,337
"County School Trustee, Position 7, At Large",0729,136,59,195,464,42.03%,118,73,191
"County School Trustee, Position 7, At Large",0730,428,359,787,1747,45.05%,507,242,749
"County School Trustee, Position 7, At Large",0731,58,27,85,352,24.15%,23,60,83
"County School Trustee, Position 7, At Large",0732,441,324,765,1924,39.76%,471,253,724
"County School Trustee, Position 7, At Large",0733,13,7,20,215,9.30%,8,10,18
"County School Trustee, Position 7, At Large",0734,1558,962,2520,7005,35.97%,1743,717,2460
"County School Trustee, Position 7, At Large",0735,8,0,6,18,33.33%,6,0,6
"County School Trustee, Position 7, At Large",0736,3,1,4,22,18.18%,0,3,3
"County School Trustee, Position 7, At Large",0737,11,7,18,51,35.29%,13,5,18
"County School Trustee, Position 7, At Large",0738,139,100,239,1361,17.56%,47,186,233
"County School Trustee, Position 7, At Large",0739,353,301,654,2955,22.13%,347,287,634
"County School Trustee, Position 7, At Large",0740,96,98,194,939,20.66%,129,56,185
"County School Trustee, Position 7, At Large",0741,0,1,1,0,0.00%,0,0,0
"County School Trustee, Position 7, At Large",0742,0,11,11,0,0.00%,6,5,11
"County School Trustee, Position 7, At Large",0743,15,18,33,210,15.71%,17,14,31
"County School Trustee, Position 7, At Large",0744,456,392,848,2027,41.84%,539,268,807
"County School Trustee, Position 7, At Large",0745,683,372,1055,2494,42.30%,639,370,1009
"County School Trustee, Position 7, At Large",0746,114,77,191,691,27.64%,92,96,188
"County School Trustee, Position 7, At Large",0747,550,467,1017,3743,27.17%,504,487,991
"County School Trustee, Position 7, At Large",0748,170,140,310,1403,22.10%,162,137,299
"County School Trustee, Position 7, At Large",0749,30,17,47,377,12.47%,8,38,46
"County School Trustee, Position 7, At Large",0750,111,96,207,767,26.99%,130,74,204
"County School Trustee, Position 7, At Large",0751,925,964,1889,5084,37.16%,1251,573,1824
"County School Trustee, Position 7, At Large",0752,286,200,486,1483,32.77%,372,99,471
"County School Trustee, Position 7, At Large",0753,55,73,128,259,49.42%,82,40,122
"County School Trustee, Position 7, At Large",0754,0,0,0,0,0.00%,0,0,0
"County School Trustee, Position 7, At Large",0755,442,584,1026,4294,23.89%,448,541,989
"County School Trustee, Position 7, At Large",0756,251,177,428,1600,26.75%,169,241,410
"County School Trustee, Position 7, At Large",0757,520,508,1028,4035,25.48%,192,807,999
"County School Trustee, Position 7, At Large",0758,1114,692,1806,4096,44.09%,1446,308,1754
"County School Trustee, Position 7, At Large",0759,465,413,878,2730,32.16%,556,290,846
"County School Trustee, Position 7, At Large",0760,1432,639,2071,4367,47.42%,1703,287,1990
"County School Trustee, Position 7, At Large",0761,548,253,801,1550,51.68%,547,214,761
"County School Trustee, Position 7, At Large",0762,0,0,0,0,0.00%,0,0,0
"County School Trustee, Position 7, At Large",0763,108,146,254,1212,20.96%,99,147,246
"County School Trustee, Position 7, At Large",0764,1133,774,1907,5217,36.55%,1190,662,1852
"County School Trustee, Position 7, At Large",0765,647,426,1073,4055,26.46%,445,589,1034
"County School Trustee, Position 7, At Large",0766,40,25,65,392,16.58%,16,45,61
"County School Trustee, Position 7, At Large",0767,10,2,12,86,13.95%,6,6,12
"County School Trustee, Position 7, At Large",0768,1359,1015,2374,5857,40.53%,1928,393,2321
"County School Trustee, Position 7, At Large",0769,54,16,70,183,38.25%,3,66,69
"County School Trustee, Position 7, At Large",0770,31,25,56,323,17.34%,25,27,52
"County School Trustee, Position 7, At Large",0771,324,254,578,2426,23.83%,341,222,563
"County School Trustee, Position 7, At Large",0772,1792,851,2643,5709,46.30%,2003,540,2543
"County School Trustee, Position 7, At Large",0773,473,312,785,2918,26.90%,222,501,723
"County School Trustee, Position 7, At Large",0774,30,41,71,378,18.78%,15,54,69
"County School Trustee, Position 7, At Large",0775,18,3,21,92,22.83%,0,21,21
"County School Trustee, Position 7, At Large",0776,551,496,1047,3053,34.29%,628,385,1013
"County School Trustee, Position 7, At Large",0777,46,40,86,652,13.19%,30,55,85
"County School Trustee, Position 7, At Large",0778,0,0,0,0,0.00%,0,0,0
"County School Trustee, Position 7, At Large",0779,64,51,115,940,12.23%,41,70,111
"County School Trustee, Position 7, At Large",0780,63,59,122,595,20.50%,69,49,118
"County School Trustee, Position 7, At Large",0781,666,273,939,3603,26.06%,423,422,845
"County School Trustee, Position 7, At Large",0782,368,370,738,2236,33.01%,460,248,708
"County School Trustee, Position 7, At Large",0783,49,13,62,294,21.09%,44,14,58
"County School Trustee, Position 7, At Large",0784,208,128,336,1079,31.14%,7,316,323
"County School Trustee, Position 7, At Large",0785,28,25,53,296,17.91%,29,24,53
"County School Trustee, Position 7, At Large",0786,100,98,198,1251,15.83%,72,120,192
"County School Trustee, Position 7, At Large",0787,46,52,98,488,20.08%,34,62,96
"County School Trustee, Position 7, At Large",0788,74,32,106,454,23.35%,51,52,103
"County School Trustee, Position 7, At Large",0789,0,3,3,3,100.00%,0,3,3
"County School Trustee, Position 7, At Large",0790,0,0,0,3,0.00%,0,0,0
"County School Trustee, Position 7, At Large",0791,0,0,0,0,0.00%,0,0,0
"County School Trustee, Position 7, At Large",0792,269,239,508,1865,27.24%,121,364,485
"County School Trustee, Position 7, At Large",0793,448,247,695,2484,27.98%,411,265,676
"County School Trustee, Position 7, At Large",0794,124,144,268,2710,9.89%,34,224,258
"County School Trustee, Position 7, At Large",0795,90,125,215,1217,17.67%,78,130,208
"County School Trustee, Position 7, At Large",0796,83,51,134,476,28.15%,76,54,130
"County School Trustee, Position 7, At Large",0797,0,0,0,0,0.00%,0,0,0
"County School Trustee, Position 7, At Large",0798,99,111,210,500,42.00%,81,122,203
"County School Trustee, Position 7, At Large",0799,28,15,43,161,26.71%,8,35,43
"County School Trustee, Position 7, At Large",0800,588,642,1230,2932,41.95%,832,346,1178
"County School Trustee, Position 7, At Large",0801,32,14,46,258,17.83%,16,27,43
"County School Trustee, Position 7, At Large",0802,51,27,78,312,25.00%,14,63,77
"County School Trustee, Position 7, At Large",0803,725,511,1236,2893,42.72%,903,298,1201
"County School Trustee, Position 7, At Large",0804,932,591,1523,4768,31.94%,967,515,1482
"County School Trustee, Position 7, At Large",0805,765,533,1298,2866,45.29%,1052,202,1254
"County School Trustee, Position 7, At Large",0806,0,0,0,0,0.00%,0,0,0
"County School Trustee, Position 7, At Large",0807,211,204,415,2028,20.46%,96,301,397
"County School Trustee, Position 7, At Large",0808,12,17,29,131,22.14%,6,21,27
"County School Trustee, Position 7, At Large",0809,7,6,13,92,14.13%,5,6,11
"County School Trustee, Position 7, At Large",0810,9,16,25,211,11.85%,7,17,24
"County School Trustee, Position 7, At Large",0811,29,50,79,270,29.26%,23,55,78
"County School Trustee, Position 7, At Large",0812,0,0,0,0,0.00%,0,0,0
"County School Trustee, Position 7, At Large",0813,938,761,1699,5807,29.26%,849,806,1655
"County School Trustee, Position 7, At Large",0814,673,533,1206,5102,23.64%,296,874,1170
"County School Trustee, Position 7, At Large",0815,0,0,0,0,0.00%,0,0,0
"County School Trustee, Position 7, At Large",0816,10,0,10,73,13.70%,3,7,10
"County School Trustee, Position 7, At Large",0817,0,0,0,0,0.00%,0,0,0
"County School Trustee, Position 7, At Large",0818,86,39,125,616,20.29%,28,93,121
"County School Trustee, Position 7, At Large",0819,64,30,94,240,39.17%,49,34,83
"County School Trustee, Position 7, At Large",0820,0,0,0,0,0.00%,0,0,0
"County School Trustee, Position 7, At Large",0821,124,120,244,1242,19.65%,33,202,235
"County School Trustee, Position 7, At Large",0822,332,167,499,1535,32.51%,17,466,483
"County School Trustee, Position 7, At Large",0823,821,564,1385,5087,27.23%,796,547,1343
"County School Trustee, Position 7, At Large",0824,428,282,710,2700,26.30%,162,529,691
"County School Trustee, Position 7, At Large",0825,0,0,0,0,0.00%,0,0,0
"County School Trustee, Position 7, At Large",0828,73,50,123,358,34.38%,58,57,115
"County School Trustee, Position 7, At Large",0827,80,98,158,979,18.14%,73,80,153
"County School Trustee, Position 7, At Large",0828,541,388,929,1918,48.49%,743,158,899
"County School Trustee, Position 7, At Large",0829,54,22,78,284,28.79%,19,57,78
"County School Trustee, Position 7, At Large",0830,0,0,0,2,0.00%,0,0,0
"County School Trustee, Position 7, At Large",0831,0,0,0,0,0.00%,0,0,0
"County School Trustee, Position 7, At Large",0832,34,28,82,352,17.81%,18,43,81
"County School Trustee, Position 7, At Large",0833,0,1,1,20,5.00%,0,1,1
"County School Trustee, Position 7, At Large",0834,0,0,0,0,0.00%,0,0,0
"County School Trustee, Position 7, At Large",0835,38,19,57,290,19.88%,12,40,52
"County School Trustee, Position 7, At Large",0838,3,0,3,19,15.79%,0,3,3
"County School Trustee, Position 7, At Large",0837,0,0,0,0,0.00%,0,0,0
"County School Trustee, Position 7, At Large",0838,0,0,0,0,0.00%,0,0,0
"County School Trustee, Position 7, At Large",0839,138,118,254,1128,22.52%,48,197,245
"County School Trustee, Position 7, At Large",0840,381,174,555,1705,32.55%,195,348,543
"County School Trustee, Position 7, At Large",0841,0,0,0,0,0.00%,0,0,0
"County School Trustee, Position 7, At Large",0842,421,434,855,3259,28.24%,389,437,828
"County School Trustee, Position 7, At Large",0843,0,1,1,0,0.00%,0,1,1
"County School Trustee, Position 7, At Large",0844,1,0,1,11,9.09%,0,1,1
"County School Trustee, Position 7, At Large",0845,54,9,83,134,47.01%,39,21,80
"County School Trustee, Position 7, At Large",0848,23,24,47,229,20.52%,4,42,48
"County School Trustee, Position 7, At Large",0847,305,211,518,2015,25.81%,140,381,501
"County School Trustee, Position 7, At Large",0848,489,288,755,1858,40.88%,218,510,728
"County School Trustee, Position 7, At Large",0849,201,291,492,2124,23.18%,184,291,475
"County School Trustee, Position 7, At Large",0850,48,41,87,210,41.43%,31,54,85
"County School Trustee, Position 7, At Large",0851,1029,857,1888,4709,35.80%,1130,489,1819
"County School Trustee, Position 7, At Large",0852,0,0,0,1,0.00%,0,0,0
"County School Trustee, Position 7, At Large",0853,575,820,1298,2882,44.97%,987,255,1242
"County School Trustee, Position 7, At Large",0854,15,28,41,172,23.84%,7,33,40
"County School Trustee, Position 7, At Large",0855,5,9,14,18,87.50%,5,8,13
"County School Trustee, Position 7, At Large",0858,0,1,1,0,0.00%,0,1,1
"County School Trustee, Position 7, At Large",0857,0,0,0,1,0.00%,0,0,0
"County School Trustee, Position 7, At Large",0858,83,34,97,343,28.28%,3,92,95
"County School Trustee, Position 7, At Large",0859,157,106,263,890,29.55%,70,187,257
"County School Trustee, Position 7, At Large",0860,0,0,0,0,0.00%,0,0,0
"County School Trustee, Position 7, At Large",0861,315,199,514,1842,27.90%,88,412,500
"County School Trustee, Position 7, At Large",0862,0,0,0,0,0.00%,0,0,0
"County School Trustee, Position 7, At Large",0863,101,54,155,584,26.54%,8,146,154
"County School Trustee, Position 7, At Large",0864,193,299,492,2569,19.15%,140,334,474
"County School Trustee, Position 7, At Large",0865,2,3,5,21,23.81%,0,5,5
"County School Trustee, Position 7, At Large",0866,0,0,0,0,0.00%,0,0,0
"County School Trustee, Position 7, At Large",0867,0,0,0,0,0.00%,0,0,0
"County School Trustee, Position 7, At Large",0868,236,271,507,2326,21.80%,161,327,488
"County School Trustee, Position 7, At Large",0869,53,39,92,470,19.57%,22,68,90
"County School Trustee, Position 7, At Large",0870,0,0,0,0,0.00%,0,0,0
"County School Trustee, Position 7, At Large",0871,1,0,1,3,33.33%,0,1,1
"County School Trustee, Position 7, At Large",0872,5,3,8,59,13.56%,4,4,8
"County School Trustee, Position 7, At Large",0873,98,75,173,737,23.4,7%,45,123,168
"County School Trustee, Position 7, At Large",0874,763,707,1470,3223,45.61%,1099,319,1418
"County School Trustee, Position 7, At Large",0875,904,527,1431,5147,27.80%,690,704,1394
"County School Trustee, Position 7, At Large",0876,698,641,1339,3265,41.01%,1019,283,1302
"County School Trustee, Position 7, At Large",0877,476,382,858,3032,28.30%,347,493,840
"County School Trustee, Position 7, At Large",0878,427,354,781,1666,46.88%,643,124,767
"County School Trustee, Position 7, At Large",0879,407,294,701,2667,26.28%,358,315,673
"County School Trustee, Position 7, At Large",0880,543,447,990,2352,42.09%,794,167,961
"County School Trustee, Position 7, At Large",0881,593,540,1133,4479,25.30%,397,709,1106
"County School Trustee, Position 7, At Large",0882,426,291,717,2422,29.60%,433,259,692
"County School Trustee, Position 7, At Large",0883,643,702,1345,5408,24.87%,238,1077,1315
"County School Trustee, Position 7, At Large",0884,57,25,82,377,21.75%,9,70,79
"County School Trustee, Position 7, At Large",0885,562,368,930,2619,35.51%,552,358,910
"County School Trustee, Position 7, At Large",0886,128,108,236,675,34.96%,128,96,224
"County School Trustee, Position 7, At Large",0887,50,67,117,418,27.99%,54,55,109
"County School Trustee, Position 7, At Large",0888,0,3,3,0,0.00%,2,1,3
"County School Trustee, Position 7, At Large",0889,14,0,14,57,24.56%,5,8,13
"County School Trustee, Position 7, At Large",0890,164,103,267,1095,24.38%,74,172,246
"County School Trustee, Position 7, At Large",0891,317,243,560,1331,42.07%,198,334,532
"County School Trustee, Position 7, At Large",0892,115,86,201,808,24.88%,68,123,191
"County School Trustee, Position 7, At Large",0893,0,2,2,6,33.33%,0,2,2
"County School Trustee, Position 7, At Large",0894,0,3,3,0,0.00%,2,1,3
"County School Trustee, Position 7, At Large",0895,156,286,442,793,55.74%,148,256,404
"County School Trustee, Position 7, At Large",0896,370,297,667,1459,45.72%,225,401,626
"County School Trustee, Position 7, At Large",0897,252,297,549,1701,32.28%,319,214,533
"County School Trustee, Position 7, At Large",0898,0,0,0,3,0.00%,0,0,0
"County School Trustee, Position 7, At Large",0899,2,0,2,8,25.00%,0,2,2
"County School Trustee, Position 7, At Large",0900,0,2,2,10,20.00%,1,1,2
"County School Trustee, Position 7, At Large",0901,0,0,0,0,0.00%,0,0,0
"County School Trustee, Position 7, At Large",0902,394,486,880,2139,41.14%,477,361,838
"County School Trustee, Position 7, At Large",0903,3,7,10,50,20.00%,4,5,9
"County School Trustee, Position 7, At Large",0904,1,0,1,7,14.29%,1,0,1
"County School Trustee, Position 7, At Large",0905,123,100,223,904,24.67%,100,115,215
"County School Trustee, Position 7, At Large",0906,8,6,14,25,56.00%,8,6,14
"County School Trustee, Position 7, At Large",0907,12,19,31,181,17.13%,6,25,31
"County School Trustee, Position 7, At Large",0908,0,1,1,0,0.00%,0,1,1
"County School Trustee, Position 7, At Large",0909,2,1,3,18,16.67%,0,3,3
"County School Trustee, Position 7, At Large",0910,25,24,49,217,22.58%,21,24,45
"County School Trustee, Position 7, At Large",0911,118,60,178,551,32.30%,120,51,171
"County School Trustee, Position 7, At Large",0912,316,201,517,1273,40.61%,341,149,490
"County School Trustee, Position 7, At Large",0913,0,0,0,0,0.00%,0,0,0
"County School Trustee, Position 7, At Large",0914,169,179,348,701,49.64%,279,57,336
"County School Trustee, Position 7, At Large",0915,0,0,0,0,0.00%,0,0,0
"County School Trustee, Position 7, At Large",0916,417,240,657,1491,44.06%,526,107,633
"County School Trustee, Position 7, At Large",0917,177,62,239,483,49.48%,157,69,226
"County School Trustee, Position 7, At Large",0918,304,168,472,883,53.45%,351,101,452
"County School Trustee, Position 7, At Large",0919,0,0,0,3,0.00%,0,0,0
"County School Trustee, Position 7, At Large",0920,22,12,34,71,47.89%,23,10,33
"County School Trustee, Position 7, At Large",0921,32,15,47,119,39.50%,34,13,47
"County School Trustee, Position 7, At Large",0922,0,0,0,0,0.00%,0,0,0
"County School Trustee, Position 7, At Large",0923,470,137,607,1511,40.17%,456,139,595
"County School Trustee, Position 7, At Large",0924,0,0,0,0,0.00%,0,0,0
"County School Trustee, Position 7, At Large",0925,0,0,0,0,0.00%,0,0,0
"County School Trustee, Position 7, At Large",0926,171,128,299,796,37.56%,226,62,288
"County School Trustee, Position 7, At Large",0927,44,30,74,270,27.41%,29,40,69
"County School Trustee, Position 7, At Large",0928,3,0,3,8,37.50%,0,3,3
"County School Trustee, Position 7, At Large",0929,0,0,0,0,0.00%,0,0,0
"County School Trustee, Position 7, At Large",0930,109,54,163,584,27.91%,5,155,160
"County School Trustee, Position 7, At Large",0931,30,40,70,130,53.85%,35,30,65
"County School Trustee, Position 7, At Large",0932,0,0,0,0,0.00%,0,0,0
"County School Trustee, Position 7, At Large",0933,115,85,200,627,31.90%,55,140,195
"County School Trustee, Position 7, At Large",0934,2,0,2,63,3.17%,1,1,2
"County School Trustee, Position 7, At Large",0935,3,2,5,54,9.26%,2,1,3
"County School Trustee, Position 7, At Large",0936,8,2,10,81,12.35%,3,7,10
"County School Trustee, Position 7, At Large",0937,0,0,0,0,0.00%,0,0,0
"County School Trustee, Position 7, At Large",0938,30,14,44,231,19.05%,15,28,43
"County School Trustee, Position 7, At Large",0939,0,0,0,2,0.00%,0,0,0
"County School Trustee, Position 7, At Large",0940,0,0,0,10,0.00%,0,0,0
"County School Trustee, Position 7, At Large",0941,9,10,19,25,76.00%,17,2,19
"County School Trustee, Position 7, At Large",0942,53,27,80,156,51.28%,66,11,77
"County School Trustee, Position 7, At Large",0943,164,80,244,547,44.61%,161,71,232
"County School Trustee, Position 7, At Large",0944,20,4,24,45,53.33%,18,2,20
"County School Trustee, Position 7, At Large",0945,1,2,3,17,17.65%,0,2,2
"County School Trustee, Position 7, At Large",0946,0,1,1,13,7.69%,0,1,1
"County School Trustee, Position 7, At Large",0947,177,246,423,799,52.94%,211,190,401
"County School Trustee, Position 7, At Large",0948,0,14,14,1,1400.00%,9,2,11
"County School Trustee, Position 7, At Large",0949,34,27,61,193,31.61%,30,31,61
"County School Trustee, Position 7, At Large",0950,0,0,0,1,0.00%,0,0,0
"County School Trustee, Position 7, At Large",0951,33,30,63,277,22.74%,17,45,62
"County School Trustee, Position 7, At Large",0952,16,15,31,71,43.66%,14,15,29
"County School Trustee, Position 7, At Large",0953,18,9,27,275,9.82%,4,23,27
"County School Trustee, Position 7, At Large",0954,0,0,0,1,0.00%,0,0,0
"County School Trustee, Position 7, At Large",0955,3,2,5,19,26.32%,4,1,5
"County School Trustee, Position 7, At Large",0956,2,4,6,11,54.55%,1,4,5
"County School Trustee, Position 7, At Large",0957,97,95,192,562,34.16%,20,170,190
"County School Trustee, Position 7, At Large",0958,81,129,210,1081,19.43%,52,152,204
"County School Trustee, Position 7, At Large",0959,0,0,0,0,0.00%,0,0,0
"County School Trustee, Position 7, At Large",0960,196,157,353,976,36.17%,72,270,342
"County School Trustee, Position 7, At Large",0961,15,0,16,56,28.57%,0,16,16
"County School Trustee, Position 7, At Large",0962,10,17,27,88,30.68%,4,23,27
"County School Trustee, Position 7, At Large",0963,54,41,105,426,24.65%,59,40,99
"County School Trustee, Position 7, At Large",0964,568,437,1005,2372,42.37%,611,362,973
"County School Trustee, Position 7, At Large",0965,31,21,52,343,15.16%,28,24,52
"County School Trustee, Position 7, At Large",0966,129,83,212,1148,18.47%,80,128,208
"County School Trustee, Position 7, At Large",0967,15,48,63,165,38.18%,19,43,62
"County School Trustee, Position 7, At Large",0968,119,30,149,692,21.53%,30,117,147
"County School Trustee, Position 7, At Large",0969,156,73,229,604,37.91%,1,225,226
"County School Trustee, Position 7, At Large",0970,83,36,119,731,16.28%,17,97,114
"County School Trustee, Position 7, At Large",0971,11,8,19,147,12.93%,1,16,17
"County School Trustee, Position 7, At Large",09726,8,14,31,45.16%,13,0,13
"County School Trustee, Position 7, At Large",0973,24,19,43,111,38.74%,20,20,40
"County School Trustee, Position 7, At Large",0974,57,36,93,299,31.10%,54,36,90
"County School Trustee, Position 7, At Large",0975,55,30,85,193,44.04%,41,39,80
"County School Trustee, Position 7, At Large",0976,58,62,130,683,19.03%,88,40,128
"County School Trustee, Position 7, At Large",0977,50,43,93,572,16.26%,38,54,92
"County School Trustee, Position 7, At Large",0978,77,79,156,546,28.57%,28,124,152
"County School Trustee, Position 7, At Large",0979,2,6,8,27,29.63%,4,3,7
"County School Trustee, Position 7, At Large",0980,280,321,601,1389,43.27%,450,126,576
"County School Trustee, Position 7, At Large",0981,0,0,0,0,0.00%,0,0,0
"County School Trustee, Position 7, At Large",0982,312,312,624,1567,39.82%,501,98,599
"County School Trustee, Position 7, At Large",0983,11,21,32,161,19.88%,21,11,32
"County School Trustee, Position 7, At Large",0984,18,9,27,192,14.06%,4,22,26
"County School Trustee, Position 7, At Large",0985,117,63,180,351,51.28%,91,79,170
"County School Trustee, Position 7, At Large",0986,43,30,73,463,15.77%,11,61,72
"County School Trustee, Position 7, At Large",0987,231,90,321,1155,27.79%,32,283,315
"County School Trustee, Position 7, At Large",0988,24,12,36,123,29.27%,34,2,36
"County School Trustee, Position 7, At Large",09896,6,12,43,27.91%,8,4,12
"County School Trustee, Position 7, At Large",0990,16,1,17,140,12.14%,7,9,16
"County School Trustee, Position 7, At Large",0991,0,0,0,1,0.00%,0,0,0
"County School Trustee, Position 7, At Large",0992,157,107,264,1048,25.19%,144,107,251
"County School Trustee, Position 7, At Large",0993,169,101,270,568,47.54%,223,43,266
"County School Trustee, Position 7, At Large",0994,5,5,11,25,44.00%,2,9,11
"County School Trustee, Position 7, At Large",0995,295,156,451,1393,32.38%,30,414,444
"County School Trustee, Position 7, At Large",0996,135,140,275,694,39.63%,157,102,259
"County School Trustee, Position 7, At Large",0997,101,163,264,1656,15.94%,60,198,258
"County School Trustee, Position 7, At Large",0998,5,1,6,57,10.53%,3,3,6
"County School Trustee, Position 7, At Large",0999,17,10,27,68,39.71%,23,3,26
"County School Trustee, Position 7, At Large",1000,42,6,48,405,11.85%,12,35,47
"County School Trustee, Position 7, At Large",1001,228,136,364,1565,23.26%,92,254,346
"County School Trustee, Position 7, At Large",1002,170,139,309,1744,17.72%,57,242,299
"County School Trustee, Position 7, At Large",1003,1,0,1,0,0.00%,1,0,1
"County School Trustee, Position 7, At Large",1004,111,139,250,654,38.23%,121,108,229
"County School Trustee, Position 7, At Large",1005,0,8,8,0,0.00%,4,3,7
"County School Trustee, Position 7, At Large",1006,1,0,1,5,20.00%,1,0,1
"County School Trustee, Position 7, At Large",1007,208,188,396,1547,25.60%,90,293,383
"County School Trustee, Position 7, At Large",1008,32,12,44,151,29.14%,34,10,44
"County School Trustee, Position 7, At Large",1009,0,0,0,9,0.00%,0,0,0
"County School Trustee, Position 7, At Large",1010,59,35,94,459,20.48%,16,76,92
"County School Trustee, Position 7, At Large",1011,8,1,9,26,34.62%,5,4,9
"County School Trustee, Position 7, At Large",1012,134,201,335,1365,24.54%,102,225,327
"County School Trustee, Position 7, At Large",1013,0,6,6,58,10.34%,3,3,6
"County School Trustee, Position 7, At Large",1014,4,6,10,31,32.26%,1,9,10
"County School Trustee, Position 7, At Large",1015,5,4,9,25,36.00%,2,6,8
"County School Trustee, Position 7, At Large",1016,252,212,464,1691,27.44%,228,222,450
"County School Trustee, Position 7, At Large",1017,61,44,105,330,31.82%,33,70,103
"County School Trustee, Position 7, At Large",1018,93,64,157,494,31.78%,71,82,153
"County School Trustee, Position 7, At Large",1019,130,107,237,1456,16.28%,12,222,234
"County School Trustee, Position 7, At Large",1020,0,0,0,1,0.00%,0,0,0
"County School Trustee, Position 7, At Large",1021,0,0,0,2,0.00%,0,0,0
"County School Trustee, Position 7, At Large",1022,97,79,176,441,39.91%,131,34,165
"County School Trustee, Position 7, At Large",1023,430,315,745,2026,36.77%,523,195,718
"County School Trustee, Position 7, At Large",1024,55,61,116,249,46.59%,61,49,110
"County School Trustee, Position 7, At Large",1025,0,1,1,14,7.14%,1,0,1
"County School Trustee, Position 7, At Large",1026,0,0,0,0,0.00%,0,0,0
"County School Trustee, Position 7, At Large",1027,1,0,1,8,12.50%,0,1,1
"County School Trustee, Position 7, At Large",1028,0,0,0,0,0.00%,0,0,0
"County School Trustee, Position 7, At Large",1029,537,719,1256,2927,42.91%,975,235,1210
"County School Trustee, Position 7, At Large",1030,231,151,382,785,48.66%,331,46,377
"County School Trustee, Position 7, At Large",1031,59,71,130,792,16.41%,37,87,124
"County School Trustee, Position 7, At Large",1032,31,25,56,244,22.95%,34,18,52
"County School Trustee, Position 7, At Large",1033,0,0,0,0,0.00%,0,0,0
"County School Trustee, Position 7, At Large",1034,0,0,0,0,0.00%,0,0,0
"County School Trustee, Position 7, At Large",1035,2,4,6,138,4.35%,1,4,5
"County School Trustee, Position 7, At Large",1036,65,24,89,449,19.82%,73,15,88
"County School Trustee, Position 7, At Large",1037,19,11,30,76,39.47%,16,12,28
"County School Trustee, Position 7, At Large",1038,62,6,68,327,20.80%,9,56,65
"County School Trustee, Position 7, At Large",1039,2,0,2,25,8.00%,0,2,2
"County School Trustee, Position 7, At Large",1040,91,66,157,771,20.36%,71,80,151
"County School Trustee, Position 7, At Large",1041,0,2,2,0,0.00%,0,2,2
"County School Trustee, Position 7, At Large",1042,105,67,172,521,33.01%,54,111,165
"County School Trustee, Position 7, At Large",1043,5,6,12,33,36.36%,4,8,12
"County School Trustee, Position 7, At Large",1044,16,6,22,55,40.00%,7,14,21
"County School Trustee, Position 7, At Large",1045,197,173,370,1788,20.69%,50,308,358
"County School Trustee, Position 7, At Large",1046,11,5,16,62,25.81%,1,15,16
"County School Trustee, Position 7, At Large",1047,255,186,441,1568,28.13%,160,270,430
"County School Trustee, Position 7, At Large",1048,1,0,1,17,5.88%,1,0,1
"County School Trustee, Position 7, At Large",1049,14,45,59,290,20.34%,19,38,57
"County School Trustee, Position 7, At Large",1050,60,63,123,537,22.91%,33,86,119
"County School Trustee, Position 7, At Large",1051,0,31,31,0,0.00%,19,11,30
"County School Trustee, Position 7, At Large",1052,0,0,0,0,0.00%,0,0,0
"County School Trustee, Position 7, At Large",1053,0,0,0,0,0.00%,0,0,0
"County School Trustee, Position 7, At Large",1054,0,0,0,1,0.00%,0,0,0
"County School Trustee, Position 7, At Large",1055,0,0,0,0,0.00%,0,0,0
"County School Trustee, Position 7, At Large",1056,4,2,6,8,75.00%,0,6,6
"County School Trustee, Position 7, At Large",1057,7,9,16,118,13.56%,3,12,15
"County School Trustee, Position 7, At Large",1058,241,285,526,1243,42.32%,101,411,512
"County School Trustee, Position 7, At Large",1059,3,3,6,28,21.43%,1,5,6
"County School Trustee, Position 7, At Large",1060,5,2,7,42,16.67%,5,2,7
"County School Trustee, Position 7, At Large",1061,332,184,516,1716,30.07%,270,227,497
"County School Trustee, Position 7, At Large",1062,17,6,23,201,11.44%,3,17,20
"County School Trustee, Position 7, At Large",1063,66,59,125,857,14.59%,19,102,121
"County School Trustee, Position 7, At Large",1064,25,11,36,119,30.25%,28,8,36
"County School Trustee, Position 7, At Large",1065,1,0,1,28,3.57%,0,1,1
"County School Trustee, Position 7, At Large",1066,72,0,72,229,31.44%,3,65,68
"County School Trustee, Position 7, At Large",1067,0,0,0,0,0.00%,0,0,0
"County School Trustee, Position 7, At Large",1068,22,8,30,121,24.79%,12,17,29
"County School Trustee, Position 7, At Large",1069,434,256,690,2580,26.74%,313,336,649
"County School Trustee, Position 7, At Large",Totals:,378846,308736,687582,2044361,,351308,308929,660237
