Office,Precinct,Early Ballots Cast,Election Ballots Cast,Total Ballots Cast,Registered Voters,Percent Turnout,REP Katherine Cabaniss,DEM Shawna L. Reagin,Totals
"District Judge, 248th Judicial District",0001,417,466,883,2358,37.45%,286,539,825
"District Judge, 248th Judicial District",0002,333,313,646,1961,32.94%,270,330,600
"District Judge, 248th Judicial District",0003,326,405,731,1560,46.86%,249,408,657
"District Judge, 248th Judicial District",0004,359,487,856,1668,51.32%,284,503,787
"District Judge, 248th Judicial District",0005,279,448,727,1417,51.31%,255,408,663
"District Judge, 248th Judicial District",0006,656,456,1112,3702,30.04%,638,436,1074
"District Judge, 248th Judicial District",0007,209,110,319,1017,31.37%,13,293,306
"District Judge, 248th Judicial District",0008,393,310,703,1744,40.31%,357,313,670
"District Judge, 248th Judicial District",0009,206,223,429,1874,22.89%,115,283,398
"District Judge, 248th Judicial District",0010,255,171,426,1753,24.30%,132,265,397
"District Judge, 248th Judicial District",0011,184,176,360,1785,20.17%,76,259,335
"District Judge, 248th Judicial District",0012,86,66,152,735,20.68%,88,60,148
"District Judge, 248th Judicial District",0013,548,361,909,2689,33.80%,659,211,870
"District Judge, 248th Judicial District",0014,442,495,937,1870,50.11%,482,398,880
"District Judge, 248th Judicial District",0015,597,898,1495,2878,51.95%,832,536,1368
"District Judge, 248th Judicial District",0016,239,137,376,1071,35.11%,169,184,353
"District Judge, 248th Judicial District",0017,185,215,400,1162,34.42%,173,202,375
"District Judge, 248th Judicial District",0018,371,351,722,1443,50.03%,325,353,678
"District Judge, 248th Judicial District",0019,170,207,377,1170,32.22%,124,233,357
"District Judge, 248th Judicial District",0020,311,287,598,2646,22.60%,176,395,571
"District Judge, 248th Judicial District",0021,175,184,360,1122,32.09%,70,271,341
"District Judge, 248th Judicial District",0022,397,322,719,2473,29.07%,134,564,698
"District Judge, 248th Judicial District",0023,31,22,53,541,9.80%,10,41,51
"District Judge, 248th Judicial District",0024,106,88,194,655,29.62%,17,170,187
"District Judge, 248th Judicial District",0025,104,143,247,1086,22.74%,13,229,242
"District Judge, 248th Judicial District",0026,239,277,516,1845,27.97%,135,335,470
"District Judge, 248th Judicial District",0027,463,427,890,3074,28.95%,233,603,836
"District Judge, 248th Judicial District",0028,535,405,1041,3029,34.37%,673,317,990
"District Judge, 248th Judicial District",0029,194,237,431,2638,16.34%,175,231,406
"District Judge, 248th Judicial District",0030,368,391,759,2403,31.59%,200,526,726
"District Judge, 248th Judicial District",0031,453,280,733,2511,29.19%,19,690,709
"District Judge, 248th Judicial District",0032,318,405,723,2398,30.15%,293,387,680
"District Judge, 248th Judicial District",0033,707,615,1322,3706,35.67%,419,816,1235
"District Judge, 248th Judicial District",0034,625,579,1204,2786,43.22%,286,857,1143
"District Judge, 248th Judicial District",0035,4,0,4,11,36.36%,1,3,4
"District Judge, 248th Judicial District",0036,416,318,734,2927,25.08%,207,484,691
"District Judge, 248th Judicial District",0037,542,436,978,2106,46.44%,293,619,912
"District Judge, 248th Judicial District",0038,784,589,1373,2875,47.76%,455,821,1276
"District Judge, 248th Judicial District",0039,657,575,1232,2759,44.65%,301,852,1153
"District Judge, 248th Judicial District",0040,136,152,288,541,53.23%,129,141,270
"District Judge, 248th Judicial District",0041,176,230,406,1334,30.43%,163,228,391
"District Judge, 248th Judicial District",0042,228,109,337,1071,31.47%,5,323,328
"District Judge, 248th Judicial District",0043,293,210,503,1695,29.68%,272,208,480
"District Judge, 248th Judicial District",0044,204,222,426,2001,21.29%,99,300,399
"District Judge, 248th Judicial District",0045,894,750,1644,6698,24.54%,327,1267,1594
"District Judge, 248th Judicial District",0046,290,247,537,2511,21.39%,95,412,507
"District Judge, 248th Judicial District",0047,213,218,431,1627,26.49%,13,408,421
"District Judge, 248th Judicial District",0048,157,142,299,940,31.81%,24,268,292
"District Judge, 248th Judicial District",0049,584,482,1066,3343,31.89%,777,259,1036
"District Judge, 248th Judicial District",0050,785,771,1556,5211,29.86%,852,656,1508
"District Judge, 248th Judicial District",0051,353,243,596,1689,35.29%,450,125,575
"District Judge, 248th Judicial District",0052,422,447,869,2457,35.37%,408,408,816
"District Judge, 248th Judicial District",0053,564,726,1290,2971,43.42%,511,688,1199
"District Judge, 248th Judicial District",0054,269,364,633,1487,42.57%,327,264,591
"District Judge, 248th Judicial District",0055,191,251,442,1506,29.35%,199,210,409
"District Judge, 248th Judicial District",0056,282,278,560,1326,42.23%,369,164,533
"District Judge, 248th Judicial District",0057,710,831,1541,3153,48.87%,588,825,1413
"District Judge, 248th Judicial District",0058,469,556,1025,2690,38.10%,443,535,978
"District Judge, 248th Judicial District",0059,555,609,1164,2544,45.75%,457,635,1092
"District Judge, 248th Judicial District",0060,498,564,1062,2453,43.29%,260,735,995
"District Judge, 248th Judicial District",0061,172,204,376,1773,21.21%,158,191,349
"District Judge, 248th Judicial District",0062,145,322,467,2181,21.41%,128,313,441
"District Judge, 248th Judicial District",0063,264,354,618,1826,33.84%,499,100,599
"District Judge, 248th Judicial District",0064,191,221,412,2141,19.24%,95,295,390
"District Judge, 248th Judicial District",0065,172,230,402,2167,18.55%,102,277,379
"District Judge, 248th Judicial District",0066,69,143,212,1098,19.31%,39,161,200
"District Judge, 248th Judicial District",0067,304,282,586,2794,20.97%,167,379,546
"District Judge, 248th Judicial District",0068,553,352,905,2924,30.95%,20,862,882
"District Judge, 248th Judicial District",0069,80,124,204,1284,15.89%,44,146,190
"District Judge, 248th Judicial District",0070,882,664,1546,3337,46.33%,869,548,1417
"District Judge, 248th Judicial District",0071,602,722,1324,4197,31.55%,652,604,1256
"District Judge, 248th Judicial District",0072,220,293,513,1924,26.66%,176,312,488
"District Judge, 248th Judicial District",0073,252,414,666,1555,42.83%,376,239,615
"District Judge, 248th Judicial District",0074,1153,782,1935,3583,54.01%,1504,352,1856
"District Judge, 248th Judicial District",0075,254,280,534,1444,36.98%,205,298,503
"District Judge, 248th Judicial District",0076,373,374,747,2362,31.63%,447,265,712
"District Judge, 248th Judicial District",0077,43,46,89,566,15.72%,22,64,86
"District Judge, 248th Judicial District",0078,180,201,381,1522,25.03%,143,219,362
"District Judge, 248th Judicial District",0079,205,306,511,2927,17.46%,143,327,470
"District Judge, 248th Judicial District",0080,501,351,852,2725,31.27%,216,595,811
"District Judge, 248th Judicial District",0081,183,187,370,1835,20.16%,143,203,346
"District Judge, 248th Judicial District",0082,639,671,1310,3368,38.90%,989,284,1273
"District Judge, 248th Judicial District",0083,1296,888,2184,6625,32.97%,1073,1035,2108
"District Judge, 248th Judicial District",0084,208,218,426,1373,31.03%,311,101,412
"District Judge, 248th Judicial District",0085,271,248,519,2173,23.88%,23,485,508
"District Judge, 248th Judicial District",0086,447,568,1015,2910,34.88%,463,496,959
"District Judge, 248th Judicial District",0087,574,787,1461,2818,51.85%,896,463,1359
"District Judge, 248th Judicial District",0088,123,118,241,693,34.78%,158,69,227
"District Judge, 248th Judicial District",0089,165,371,536,1094,48.99%,288,204,492
"District Judge, 248th Judicial District",0090,844,790,1634,3700,44.16%,1178,388,1566
"District Judge, 248th Judicial District",0091,219,222,441,1505,29.30%,266,157,423
"District Judge, 248th Judicial District",0092,695,462,1157,2242,51.61%,751,332,1083
"District Judge, 248th Judicial District",0093,381,301,682,3356,20.32%,281,361,642
"District Judge, 248th Judicial District",0094,51,43,94,549,17.12%,29,62,91
"District Judge, 248th Judicial District",0095,917,576,1493,3177,46.99%,1063,359,1422
"District Judge, 248th Judicial District",0096,83,83,166,1296,12.81%,23,141,164
"District Judge, 248th Judicial District",0097,1024,725,1749,4828,36.23%,1307,382,1689
"District Judge, 248th Judicial District",0098,403,488,891,2651,33.61%,737,126,863
"District Judge, 248th Judicial District",0099,254,184,438,2092,20.94%,210,214,424
"District Judge, 248th Judicial District",0100,165,173,338,1730,19.54%,186,146,332
"District Judge, 248th Judicial District",0101,72,58,130,946,13.74%,47,80,127
"District Judge, 248th Judicial District",0102,207,121,328,1872,17.52%,89,226,315
"District Judge, 248th Judicial District",0103,700,714,1414,5371,26.33%,813,563,1376
"District Judge, 248th Judicial District",0104,530,231,761,1905,39.95%,20,732,752
"District Judge, 248th Judicial District",0105,196,210,406,2165,18.75%,133,240,373
"District Judge, 248th Judicial District",0106,18,7,25,294,8.50%,16,9,25
"District Judge, 248th Judicial District",0107,154,197,351,2032,17.27%,61,277,338
"District Judge, 248th Judicial District",0108,558,272,940,3365,27.93%,568,339,907
"District Judge, 248th Judicial District",0109,529,245,774,2824,27.41%,10,748,758
"District Judge, 248th Judicial District",0110,654,494,1148,3042,37.74%,745,364,1109
"District Judge, 248th Judicial District",0111,816,795,1611,4102,39.27%,1191,352,1543
"District Judge, 248th Judicial District",0112,542,485,1027,2976,34.51%,757,232,989
"District Judge, 248th Judicial District",0113,562,429,991,2647,37.44%,600,344,944
"District Judge, 248th Judicial District",0114,707,547,1254,3311,37.87%,1015,207,1222
"District Judge, 248th Judicial District",0115,238,150,388,1800,21.56%,49,330,379
"District Judge, 248th Judicial District",0116,982,776,1758,3147,55.86%,1342,313,1655
"District Judge, 248th Judicial District",0117,215,226,441,1880,23.46%,221,200,421
"District Judge, 248th Judicial District",0118,304,123,427,759,56.26%,351,62,413
"District Judge, 248th Judicial District",0119,1288,1024,2312,5500,42.04%,1880,348,2228
"District Judge, 248th Judicial District",0120,712,422,1134,3191,35.54%,740,344,1084
"District Judge, 248th Judicial District",0121,92,178,270,848,31.84%,189,69,258
"District Judge, 248th Judicial District",0122,352,225,577,1890,30.53%,19,542,561
"District Judge, 248th Judicial District",0123,284,288,572,1392,41.09%,139,396,535
"District Judge, 248th Judicial District",0124,1734,1292,3026,7254,41.71%,2402,546,2948
"District Judge, 248th Judicial District",0125,415,332,747,2405,31.06%,468,254,722
"District Judge, 248th Judicial District",0126,893,467,1360,3100,43.87%,1203,118,1321
"District Judge, 248th Judicial District",0127,435,154,589,1836,32.08%,413,142,555
"District Judge, 248th Judicial District",0128,445,707,1152,2290,50.31%,691,369,1060
"District Judge, 248th Judicial District",0129,1030,1200,2230,5746,38.81%,1375,738,2113
"District Judge, 248th Judicial District",0130,727,523,1250,2333,53.58%,913,269,1182
"District Judge, 248th Judicial District",0131,251,259,510,1935,26.36%,124,364,488
"District Judge, 248th Judicial District",0132,593,323,916,2387,38.37%,18,880,898
"District Judge, 248th Judicial District",0133,513,858,1371,2662,51.50%,774,489,1263
"District Judge, 248th Judicial District",0134,192,265,457,1437,31.80%,206,230,436
"District Judge, 248th Judicial District",0135,727,579,1305,2671,48.90%,895,343,1238
"District Judge, 248th Judicial District",0136,503,371,874,2013,43.42%,36,814,850
"District Judge, 248th Judicial District",0137,166,141,307,716,42.88%,151,132,283
"District Judge, 248th Judicial District",0138,296,199,495,1699,29.13%,15,471,486
"District Judge, 248th Judicial District",0139,699,551,1250,3037,41.16%,544,627,1171
"District Judge, 248th Judicial District",0140,699,480,1179,3214,36.68%,148,990,1138
"District Judge, 248th Judicial District",0141,80,80,160,855,18.71%,97,55,152
"District Judge, 248th Judicial District",0142,87,103,190,902,21.06%,70,110,180
"District Judge, 248th Judicial District",0143,1962,580,2542,6386,39.81%,1834,649,2483
"District Judge, 248th Judicial District",0144,216,158,374,1093,34.22%,9,356,365
"District Judge, 248th Judicial District",0145,264,213,477,1538,31.01%,9,456,465
"District Judge, 248th Judicial District",0146,426,519,945,2008,47.06%,407,483,890
"District Judge, 248th Judicial District",0147,589,329,1018,3008,33.84%,130,862,992
"District Judge, 248th Judicial District",0148,500,780,1280,2540,50.39%,480,703,1183
"District Judge, 248th Judicial District",0149,1621,737,2358,7993,29.50%,1235,1058,2293
"District Judge, 248th Judicial District",0150,236,169,405,1256,32.25%,12,387,399
"District Judge, 248th Judicial District",0151,137,79,216,826,26.15%,11,196,207
"District Judge, 248th Judicial District",0152,213,299,512,2788,18.36%,145,347,492
"District Judge, 248th Judicial District",0153,125,206,331,1808,18.31%,111,204,315
"District Judge, 248th Judicial District",0154,249,183,432,2190,19.73%,120,288,408
"District Judge, 248th Judicial District",0155,1022,619,1641,4109,39.94%,1141,442,1583
"District Judge, 248th Judicial District",0156,799,326,1125,3071,36.63%,43,1052,1095
"District Judge, 248th Judicial District",0157,448,214,662,2236,29.61%,25,618,643
"District Judge, 248th Judicial District",0158,600,315,915,3035,30.15%,23,875,898
"District Judge, 248th Judicial District",0159,116,127,243,998,24.35%,40,196,236
"District Judge, 248th Judicial District",0160,122,73,195,696,28.02%,6,186,192
"District Judge, 248th Judicial District",0161,163,141,304,991,30.68%,2,295,297
"District Judge, 248th Judicial District",0162,101,83,184,1265,14.55%,73,99,172
"District Judge, 248th Judicial District",0163,230,320,550,3037,18.11%,238,285,523
"District Judge, 248th Judicial District",0164,182,205,387,1420,27.25%,12,368,380
"District Judge, 248th Judicial District",0165,535,483,1018,2334,43.62%,671,299,970
"District Judge, 248th Judicial District",0166,158,233,391,1028,38.04%,121,250,371
"District Judge, 248th Judicial District",0167,3,0,3,24,12.50%,0,3,3
"District Judge, 248th Judicial District",0168,92,58,150,503,29.82%,3,143,146
"District Judge, 248th Judicial District",0169,518,251,767,2513,30.52%,15,732,747
"District Judge, 248th Judicial District",0170,271,141,412,1869,22.04%,219,173,392
"District Judge, 248th Judicial District",0171,202,198,400,1604,24.94%,10,382,392
"District Judge, 248th Judicial District",0172,88,80,166,621,26.73%,64,89,153
"District Judge, 248th Judicial District",0173,817,739,1556,3599,43.23%,1248,254,1502
"District Judge, 248th Judicial District",0174,829,733,1562,3296,47.39%,1065,408,1473
"District Judge, 248th Judicial District",0175,557,749,1306,2618,49.89%,652,552,1204
"District Judge, 248th Judicial District",0176,344,451,795,1602,49.63%,408,315,723
"District Judge, 248th Judicial District",0177,278,326,604,1496,40.37%,339,228,567
"District Judge, 248th Judicial District",0178,504,365,869,1765,49.24%,583,223,806
"District Judge, 248th Judicial District",0179,256,188,444,1575,28.19%,240,181,421
"District Judge, 248th Judicial District",0180,470,343,813,2834,28.69%,25,749,774
"District Judge, 248th Judicial District",0181,175,262,437,2061,21.20%,143,273,416
"District Judge, 248th Judicial District",0182,590,974,1564,3405,45.93%,944,495,1439
"District Judge, 248th Judicial District",0183,519,794,1313,2491,52.71%,853,370,1223
"District Judge, 248th Judicial District",0184,106,135,241,994,24.25%,81,138,219
"District Judge, 248th Judicial District",0185,283,292,575,1933,29.75%,207,341,548
"District Judge, 248th Judicial District",0186,97,106,203,798,25.44%,38,158,196
"District Judge, 248th Judicial District",0187,21,25,46,311,14.79%,15,30,45
"District Judge, 248th Judicial District",0188,153,146,299,1637,18.27%,140,145,285
"District Judge, 248th Judicial District",0189,239,360,599,1465,40.89%,319,238,557
"District Judge, 248th Judicial District",0190,120,177,297,1723,17.24%,133,151,284
"District Judge, 248th Judicial District",0191,79,126,205,1366,15.01%,91,106,197
"District Judge, 248th Judicial District",0192,380,225,605,1959,30.88%,28,561,589
"District Judge, 248th Judicial District",0193,173,187,360,1074,33.52%,8,337,345
"District Judge, 248th Judicial District",0194,350,431,781,1912,40.85%,238,503,741
"District Judge, 248th Judicial District",0195,269,278,547,1694,32.29%,22,511,533
"District Judge, 248th Judicial District",0196,52,32,84,316,26.58%,5,76,81
"District Judge, 248th Judicial District",0197,543,309,852,2914,29.24%,16,819,835
"District Judge, 248th Judicial District",0198,53,74,127,642,19.78%,1,125,126
"District Judge, 248th Judicial District",0199,812,661,1473,3216,45.80%,1144,269,1413
"District Judge, 248th Judicial District",0200,962,536,1498,3382,44.29%,674,713,1387
"District Judge, 248th Judicial District",0201,98,87,185,724,25.55%,1,179,180
"District Judge, 248th Judicial District",0202,217,189,406,1464,27.73%,12,387,399
"District Judge, 248th Judicial District",0203,107,68,175,960,18.23%,43,123,166
"District Judge, 248th Judicial District",0204,816,784,1600,3487,45.88%,888,594,1482
"District Judge, 248th Judicial District",0205,464,171,635,1664,38.16%,11,610,621
"District Judge, 248th Judicial District",0206,362,462,824,2779,29.65%,244,532,776
"District Judge, 248th Judicial District",0207,265,261,526,1188,44.28%,171,327,498
"District Judge, 248th Judicial District",0208,322,262,584,2195,26.61%,178,381,559
"District Judge, 248th Judicial District",0209,0,2,2,0,0.00%,2,0,2
"District Judge, 248th Judicial District",0210,502,467,969,2533,38.26%,107,834,941
"District Judge, 248th Judicial District",0211,307,386,693,2914,23.78%,267,390,657
"District Judge, 248th Judicial District",0212,96,155,251,1300,19.31%,56,185,241
"District Judge, 248th Judicial District",0213,826,913,1739,3350,51.91%,1356,271,1627
"District Judge, 248th Judicial District",0214,404,491,895,1854,48.27%,569,274,843
"District Judge, 248th Judicial District",0215,421,711,1132,2258,50.13%,680,374,1054
"District Judge, 248th Judicial District",0216,362,223,585,1945,30.08%,42,530,572
"District Judge, 248th Judicial District",0217,844,631,1475,2678,55.08%,968,399,1367
"District Judge, 248th Judicial District",0218,391,402,793,2292,34.60%,254,472,726
"District Judge, 248th Judicial District",0219,496,436,932,2767,33.68%,48,845,893
"District Judge, 248th Judicial District",0220,325,187,512,2310,22.16%,371,125,496
"District Judge, 248th Judicial District",0221,332,369,701,2529,27.72%,311,348,659
"District Judge, 248th Judicial District",0222,623,674,1297,2501,51.86%,576,615,1191
"District Judge, 248th Judicial District",0223,563,377,940,3582,26.24%,258,621,879
"District Judge, 248th Judicial District",0224,530,456,986,2238,44.06%,447,466,913
"District Judge, 248th Judicial District",0225,376,405,781,3305,23.63%,396,353,749
"District Judge, 248th Judicial District",0226,227,307,534,2436,21.92%,136,372,508
"District Judge, 248th Judicial District",0227,558,423,981,1785,54.96%,720,187,907
"District Judge, 248th Judicial District",0228,362,195,557,1050,53.05%,22,511,533
"District Judge, 248th Judicial District",0229,31,96,127,815,15.58%,58,63,121
"District Judge, 248th Judicial District",0230,185,116,301,1089,27.64%,7,287,294
"District Judge, 248th Judicial District",0231,233,264,497,2232,22.27%,132,338,470
"District Judge, 248th Judicial District",0232,351,474,835,1760,47.44%,450,323,773
"District Judge, 248th Judicial District",0233,890,801,1691,4445,38.04%,805,760,1565
"District Judge, 248th Judicial District",0234,1192,913,2105,3993,52.72%,1553,403,1956
"District Judge, 248th Judicial District",0235,240,158,398,1356,29.35%,11,378,389
"District Judge, 248th Judicial District",0236,354,235,589,2079,28.33%,12,564,576
"District Judge, 248th Judicial District",0237,415,253,669,2161,30.96%,10,644,654
"District Judge, 248th Judicial District",0238,339,245,584,1925,30.34%,14,554,568
"District Judge, 248th Judicial District",0239,383,236,619,1964,31.52%,22,588,610
"District Judge, 248th Judicial District",0240,585,243,828,2649,31.26%,16,794,810
"District Judge, 248th Judicial District",0241,222,229,451,2372,19.01%,192,241,433
"District Judge, 248th Judicial District",0242,173,162,335,1596,20.99%,199,122,321
"District Judge, 248th Judicial District",0243,138,43,181,457,39.61%,3,177,180
"District Judge, 248th Judicial District",0244,480,425,905,311,7,29.03%,500,365,865
"District Judge, 248th Judicial District",0245,945,799,1745,5828,29.94%,1228,477,1705
"District Judge, 248th Judicial District",0246,584,513,1197,3315,36.11%,858,302,1160
"District Judge, 248th Judicial District",0247,173,254,427,1582,26.99%,14,407,421
"District Judge, 248th Judicial District",0248,161,167,328,2100,15.62%,96,218,314
"District Judge, 248th Judicial District",0249,461,348,809,2719,29.75%,573,210,783
"District Judge, 248th Judicial District",0250,109,164,273,964,28.32%,8,261,269
"District Judge, 248th Judicial District",0251,278,436,714,2089,34.18%,26,675,701
"District Judge, 248th Judicial District",0252,504,312,816,2377,34.33%,17,781,798
"District Judge, 248th Judicial District",0253,379,222,601,2177,27.61%,12,577,589
"District Judge, 248th Judicial District",0254,93,112,205,1550,13.23%,68,128,196
"District Judge, 248th Judicial District",0255,525,648,1173,2482,47.26%,537,557,1094
"District Judge, 248th Judicial District",0256,575,449,1024,3254,31.47%,504,469,973
"District Judge, 248th Judicial District",0257,204,245,449,2523,17.80%,136,289,425
"District Judge, 248th Judicial District",0258,839,800,1539,3322,49.34%,1174,354,1528
"District Judge, 248th Judicial District",0259,555,382,1038,2361,43.96%,25,990,1015
"District Judge, 248th Judicial District",0260,152,145,307,1260,24.37%,180,106,286
"District Judge, 248th Judicial District",0261,124,120,244,1417,17.22%,104,131,235
"District Judge, 248th Judicial District",0262,758,600,1358,4397,30.88%,846,434,1280
"District Judge, 248th Judicial District",0263,858,712,1570,3693,42.51%,1203,308,1511
"District Judge, 248th Judicial District",0264,480,457,937,2963,31.62%,575,302,877
"District Judge, 248th Judicial District",0265,988,759,1747,3584,48.74%,1286,347,1633
"District Judge, 248th Judicial District",0266,259,257,516,2104,24.52%,261,225,486
"District Judge, 248th Judicial District",0267,146,166,312,1327,23.51%,160,131,291
"District Judge, 248th Judicial District",0268,435,717,1152,2493,46.21%,656,382,1038
"District Judge, 248th Judicial District",0269,702,453,1155,2030,56.90%,894,189,1083
"District Judge, 248th Judicial District",0270,817,672,1489,3605,41.30%,821,586,1407
"District Judge, 248th Judicial District",0271,656,382,1038,2518,41.22%,23,1002,1025
"District Judge, 248th Judicial District",0272,264,292,555,2162,25.72%,225,306,531
"District Judge, 248th Judicial District",0273,548,689,1237,2470,50.08%,987,183,1170
"District Judge, 248th Judicial District",0274,588,346,934,2153,43.38%,629,236,865
"District Judge, 248th Judicial District",0275,207,236,443,1850,23.95%,112,315,427
"District Judge, 248th Judicial District",0276,572,231,803,2536,31.66%,10,778,788
"District Judge, 248th Judicial District",0277,170,186,356,1492,23.86%,166,176,342
"District Judge, 248th Judicial District",0278,421,320,741,2454,30.20%,414,295,709
"District Judge, 248th Judicial District",0279,250,223,473,1941,24.37%,281,170,451
"District Judge, 248th Judicial District",0280,130,188,318,1524,20.87%,131,168,299
"District Judge, 248th Judicial District",0281,655,742,1397,2633,53.06%,637,620,1257
"District Judge, 248th Judicial District",0282,314,455,769,2042,37.66%,484,244,728
"District Judge, 248th Judicial District",0283,0,0,0,0,0.00%,0,0,0
"District Judge, 248th Judicial District",0284,574,336,910,3172,28.69%,421,446,867
"District Judge, 248th Judicial District",0285,448,378,826,2540,32.52%,74,728,802
"District Judge, 248th Judicial District",0286,1255,821,2076,6170,33.65%,192,1818,2010
"District Judge, 248th Judicial District",0287,370,477,847,1621,52.25%,412,384,796
"District Judge, 248th Judicial District",0288,532,313,845,2210,38.24%,17,815,832
"District Judge, 248th Judicial District",0289,186,212,398,1564,25.45%,204,172,376
"District Judge, 248th Judicial District",0290,245,298,543,1642,33.07%,408,116,524
"District Judge, 248th Judicial District",0291,325,235,560,1225,45.71%,283,243,526
"District Judge, 248th Judicial District",0292,207,147,354,1356,26.11%,44,300,344
"District Judge, 248th Judicial District",0293,356,447,803,1759,45.65%,357,383,740
"District Judge, 248th Judicial District",0294,488,221,709,2097,33.81%,10,682,692
"District Judge, 248th Judicial District",0295,148,103,251,885,28.36%,6,240,246
"District Judge, 248th Judicial District",0296,327,340,667,1713,38.94%,381,239,620
"District Judge, 248th Judicial District",0297,280,249,529,2012,26.29%,235,261,496
"District Judge, 248th Judicial District",0298,415,358,773,2121,36.45%,458,266,724
"District Judge, 248th Judicial District",0299,178,117,295,1353,21.80%,118,154,272
"District Judge, 248th Judicial District",0300,1389,1016,2405,5406,44.49%,1904,403,2307
"District Judge, 248th Judicial District",0301,210,255,465,2352,19.77%,185,255,440
"District Judge, 248th Judicial District",0302,353,343,696,2720,25.59%,406,262,668
"District Judge, 248th Judicial District",0303,922,784,1706,3245,52.57%,1363,268,1631
"District Judge, 248th Judicial District",0304,606,505,1111,2298,48.35%,609,424,1033
"District Judge, 248th Judicial District",0305,524,432,956,4191,22.81%,406,520,926
"District Judge, 248th Judicial District",0306,649,342,991,1879,52.74%,696,233,929
"District Judge, 248th Judicial District",0307,733,670,1403,3099,45.27%,942,379,1321
"District Judge, 248th Judicial District",0308,199,130,329,1296,25.39%,117,196,313
"District Judge, 248th Judicial District",0309,708,593,1301,2524,51.55%,1021,205,1226
"District Judge, 248th Judicial District",0310,386,279,665,1435,46.34%,440,182,622
"District Judge, 248th Judicial District",0311,486,421,907,2986,30.38%,489,359,848
"District Judge, 248th Judicial District",0312,742,457,1199,3636,32.98%,759,386,1145
"District Judge, 248th Judicial District",031,3,9,0,9,62,14.52%,7,2,9
"District Judge, 248th Judicial District",0314,1121,913,2034,5647,36.02%,1291,682,1973
"District Judge, 248th Judicial District",0315,478,388,866,1608,53.86%,502,307,809
"District Judge, 248th Judicial District",0316,412,341,753,1537,48.99%,394,304,698
"District Judge, 248th Judicial District",0317,248,209,457,1588,28.78%,146,287,433
"District Judge, 248th Judicial District",0318,834,568,1402,3660,38.31%,79,1286,1365
"District Judge, 248th Judicial District",0319,512,230,742,2158,34.38%,45,677,722
"District Judge, 248th Judicial District",0320,234,168,402,1537,26.15%,203,185,388
"District Judge, 248th Judicial District",0321,262,191,453,2346,19.31%,171,254,425
"District Judge, 248th Judicial District",0322,181,129,310,1226,25.29%,99,198,297
"District Judge, 248th Judicial District",0323,278,211,489,1722,28.40%,233,224,457
"District Judge, 248th Judicial District",0324,532,646,1178,2336,50.43%,722,370,1092
"District Judge, 248th Judicial District",0325,289,193,482,2112,22.82%,108,355,463
"District Judge, 248th Judicial District",0326,87,74,161,698,23.07%,82,69,151
"District Judge, 248th Judicial District",0327,380,129,509,1729,29.44%,10,486,496
"District Judge, 248th Judicial District",0328,151,140,291,1434,20.29%,130,150,280
"District Judge, 248th Judicial District",0329,189,184,373,1397,26.70%,143,210,353
"District Judge, 248th Judicial District",0330,334,253,587,1936,30.32%,333,219,552
"District Judge, 248th Judicial District",0331,0,0,0,0,0.00%,0,0,0
"District Judge, 248th Judicial District",0332,18,7,25,138,18.12%,11,10,21
"District Judge, 248th Judicial District",0333,524,714,1238,3021,40.98%,861,320,1181
"District Judge, 248th Judicial District",0334,83,42,125,742,16.85%,21,101,122
"District Judge, 248th Judicial District",0335,121,98,219,1300,16.85%,82,121,203
"District Judge, 248th Judicial District",0336,866,624,1490,4051,36.78%,135,1317,1452
"District Judge, 248th Judicial District",0337,124,103,227,1029,22.06%,42,175,217
"District Judge, 248th Judicial District",0338,730,391,1121,4934,22.72%,391,659,1050
"District Judge, 248th Judicial District",0339,202,222,424,1757,24.13%,93,304,397
"District Judge, 248th Judicial District",0340,1038,594,1632,3765,43.35%,1223,339,1562
"District Judge, 248th Judicial District",0341,91,167,258,1290,20.00%,87,163,250
"District Judge, 248th Judicial District",0342,675,605,1280,6526,19.61%,210,1037,1247
"District Judge, 248th Judicial District",0343,189,271,460,1964,23.42%,139,292,431
"District Judge, 248th Judicial District",0344,154,172,326,1160,28.10%,14,299,313
"District Judge, 248th Judicial District",0345,156,165,321,1804,17.79%,100,205,305
"District Judge, 248th Judicial District",0346,0,1,1,3,33.33%,1,0,1
"District Judge, 248th Judicial District",0347,592,436,1028,3387,30.35%,690,303,993
"District Judge, 248th Judicial District",0348,438,208,646,1708,37.82%,498,120,618
"District Judge, 248th Judicial District",0349,188,267,455,1349,33.73%,282,149,431
"District Judge, 248th Judicial District",0350,524,526,1050,2909,36.09%,412,558,970
"District Judge, 248th Judicial District",0351,1491,710,2201,4712,46.71%,1732,394,2126
"District Judge, 248th Judicial District",0352,520,339,859,3205,26.80%,631,196,827
"District Judge, 248th Judicial District",0353,665,451,1116,3862,28.90%,207,873,1080
"District Judge, 248th Judicial District",0354,715,338,1053,3388,31.08%,263,756,1019
"District Judge, 248th Judicial District",0355,301,264,565,1560,36.22%,50,499,549
"District Judge, 248th Judicial District",0356,594,538,1132,2972,38.09%,729,356,1085
"District Judge, 248th Judicial District",0357,837,575,1412,3517,40.15%,1038,329,1367
"District Judge, 248th Judicial District",0358,212,254,466,2492,18.70%,53,398,451
"District Judge, 248th Judicial District",0359,234,224,458,3061,14.96%,63,385,448
"District Judge, 248th Judicial District",0360,522,380,902,2146,42.03%,455,368,823
"District Judge, 248th Judicial District",0361,41,295,336,1673,20.08%,52,246,298
"District Judge, 248th Judicial District",0362,1138,887,2025,5086,39.82%,1490,427,1917
"District Judge, 248th Judicial District",0363,620,412,1032,3677,28.07%,472,534,1006
"District Judge, 248th Judicial District",0364,488,405,893,2658,33.60%,518,335,853
"District Judge, 248th Judicial District",0365,478,231,709,1305,54.33%,48,642,690
"District Judge, 248th Judicial District",0366,252,270,522,2454,21.27%,138,369,507
"District Judge, 248th Judicial District",0367,170,138,308,1130,27.26%,70,229,299
"District Judge, 248th Judicial District",0368,178,88,266,958,27.77%,72,184,256
"District Judge, 248th Judicial District",0369,32,29,61,559,10.91%,17,42,59
"District Judge, 248th Judicial District",0370,1532,1105,2637,6593,40.00%,2005,541,2546
"District Judge, 248th Judicial District",0371,122,52,174,502,34.66%,6,162,168
"District Judge, 248th Judicial District",0372,221,170,391,1224,31.94%,56,322,378
"District Judge, 248th Judicial District",0373,21,12,33,157,21.02%,2,29,31
"District Judge, 248th Judicial District",0374,85,93,158,738,21.41%,60,95,155
"District Judge, 248th Judicial District",0375,254,220,474,2645,17.92%,238,200,438
"District Judge, 248th Judicial District",0376,278,205,483,1910,25.29%,217,244,461
"District Judge, 248th Judicial District",0377,525,583,1109,2920,37.98%,817,238,1055
"District Judge, 248th Judicial District",0378,232,354,586,1829,32.04%,369,195,564
"District Judge, 248th Judicial District",0379,431,289,720,2027,35.52%,73,629,702
"District Judge, 248th Judicial District",0380,1299,995,2294,5666,40.49%,1259,962,2221
"District Judge, 248th Judicial District",0381,412,248,660,2855,23.12%,309,326,635
"District Judge, 248th Judicial District",0382,132,157,289,922,31.34%,214,67,281
"District Judge, 248th Judicial District",0383,289,263,552,2173,25.40%,227,306,533
"District Judge, 248th Judicial District",0384,573,373,946,2657,35.60%,189,723,912
"District Judge, 248th Judicial District",0385,583,670,1253,2207,56.77%,944,238,1182
"District Judge, 248th Judicial District",0386,662,469,1131,2922,38.71%,834,248,1082
"District Judge, 248th Judicial District",0387,555,672,1227,3935,31.18%,892,293,1185
"District Judge, 248th Judicial District",0388,1430,1010,2440,6888,35.42%,1412,959,2371
"District Judge, 248th Judicial District",0389,91,208,299,1026,29.14%,43,232,275
"District Judge, 248th Judicial District",0390,356,263,619,1480,41.82%,74,526,600
"District Judge, 248th Judicial District",0391,508,260,768,1883,40.79%,479,255,734
"District Judge, 248th Judicial District",0392,387,155,542,1446,37.48%,7,526,533
"District Judge, 248th Judicial District",0393,165,185,350,1292,27.09%,167,174,341
"District Judge, 248th Judicial District",0394,69,73,142,834,17.03%,71,63,134
"District Judge, 248th Judicial District",0395,469,404,873,1846,47.29%,615,209,824
"District Judge, 248th Judicial District",0396,622,216,838,2082,40.25%,20,805,825
"District Judge, 248th Judicial District",0397,86,78,164,760,21,58%,80,80,160
"District Judge, 248th Judicial District",0398,615,521,1136,4022,28.24%,614,493,1107
"District Judge, 248th Judicial District",0399,402,366,768,2791,27.52%,417,326,743
"District Judge, 248th Judicial District",0400,520,359,979,2411,40.61%,715,216,931
"District Judge, 248th Judicial District",0401,330,205,535,1913,27.97%,17,505,522
"District Judge, 248th Judicial District",0402,466,266,732,1794,40.80%,37,677,714
"District Judge, 248th Judicial District",0403,475,498,973,1715,56.73%,524,361,885
"District Judge, 248th Judicial District",0404,419,330,749,2585,28.97%,440,280,720
"District Judge, 248th Judicial District",0405,0,0,0,0,0.00%,0,0,0
"District Judge, 248th Judicial District",0406,137,67,204,628,32.48%,3,198,201
"District Judge, 248th Judicial District",0407,688,793,1481,3769,39.29%,981,414,1395
"District Judge, 248th Judicial District",0408,146,153,299,1691,17.68%,141,143,284
"District Judge, 248th Judicial District",0409,122,149,271,1459,18.57%,114,148,262
"District Judge, 248th Judicial District",0410,132,80,212,899,23.58%,45,157,202
"District Judge, 248th Judicial District",0411,235,200,435,2339,18.60%,167,247,414
"District Judge, 248th Judicial District",0412,74,44,118,468,25.21%,9,106,115
"District Judge, 248th Judicial District",0413,767,386,1153,2992,38.54%,465,643,1108
"District Judge, 248th Judicial District",0414,654,480,1134,3453,32.84%,879,211,1090
"District Judge, 248th Judicial District",0415,539,598,1137,2203,51.61%,757,325,1082
"District Judge, 248th Judicial District",0416,538,558,1096,3791,28.91%,621,432,1053
"District Judge, 248th Judicial District",0417,353,385,738,2448,30.15%,374,329,703
"District Judge, 248th Judicial District",0418,403,469,872,3584,24.33%,371,462,833
"District Judge, 248th Judicial District",0419,571,324,895,2658,33.67%,595,256,851
"District Judge, 248th Judicial District",0420,1036,874,1910,4762,40.11%,1560,274,1834
"District Judge, 248th Judicial District",0421,35,37,73,410,17.80%,24,43,67
"District Judge, 248th Judicial District",0422,731,402,1133,3345,33.87%,29,1081,1110
"District Judge, 248th Judicial District",0423,108,120,228,1376,16.57%,79,138,217
"District Judge, 248th Judicial District",0424,240,111,351,967,36.30%,209,127,336
"District Judge, 248th Judicial District",0425,107,123,230,883,26.05%,91,129,220
"District Judge, 248th Judicial District",0426,260,183,443,1218,36.37%,265,153,418
"District Judge, 248th Judicial District",0427,179,134,313,1092,28.66%,135,151,286
"District Judge, 248th Judicial District",0428,619,421,1040,4538,22.92%,334,626,960
"District Judge, 248th Judicial District",0429,445,314,759,3197,23.74%,212,500,712
"District Judge, 248th Judicial District",0430,161,133,294,1657,17.74%,90,190,280
"District Judge, 248th Judicial District",0431,327,84,411,3417,12.03%,149,242,391
"District Judge, 248th Judicial District",0432,123,157,280,1455,19.24%,108,162,270
"District Judge, 248th Judicial District",0433,50,63,113,581,19.45%,27,82,109
"District Judge, 248th Judicial District",0434,370,289,659,1503,43.85%,410,210,620
"District Judge, 248th Judicial District",0435,855,636,1491,3252,45.85%,969,442,1411
"District Judge, 248th Judicial District",0436,629,531,1160,2933,39.55%,724,368,1092
"District Judge, 248th Judicial District",0437,521,512,1033,2033,50.81%,711,257,968
"District Judge, 248th Judicial District",0438,517,389,1006,1861,54.06%,739,203,942
"District Judge, 248th Judicial District",0439,710,884,1594,3554,44.85%,1136,369,1505
"District Judge, 248th Judicial District",0440,664,858,1522,2930,51.95%,1190,242,1432
"District Judge, 248th Judicial District",0441,345,420,765,1669,45.84%,577,144,721
"District Judge, 248th Judicial District",0442,612,574,1186,2575,46.06%,972,166,1138
"District Judge, 248th Judicial District",0443,225,138,354,646,56.35%,258,84,342
"District Judge, 248th Judicial District",0444,587,583,1270,3262,38.93%,799,396,1195
"District Judge, 248th Judicial District",0445,499,348,847,2026,41.81%,567,242,809
"District Judge, 248th Judicial District",0446,31,22,53,291,18.21%,25,24,49
"District Judge, 248th Judicial District",0447,93,86,179,637,28.10%,53,118,171
"District Judge, 248th Judicial District",0448,590,778,1368,3138,43.59%,772,512,1284
"District Judge, 248th Judicial District",0449,12,23,35,198,17.68%,3,32,35
"District Judge, 248th Judicial District",0450,435,328,763,2635,28.96%,236,498,734
"District Judge, 248th Judicial District",0451,1002,510,1512,2687,56.27%,1226,220,1446
"District Judge, 248th Judicial District",0452,554,444,998,3048,32.74%,740,228,968
"District Judge, 248th Judicial District",0453,231,262,493,1937,25.45%,202,269,471
"District Judge, 248th Judicial District",0454,594,248,842,2561,32.88%,13,817,830
"District Judge, 248th Judicial District",0455,367,165,532,1689,31.50%,25,500,525
"District Judge, 248th Judicial District",0456,482,362,844,3513,24.03%,497,321,818
"District Judge, 248th Judicial District",0457,0,0,0,0,0.00%,0,0,0
"District Judge, 248th Judicial District",0458,471,237,708,1924,36.80%,36,651,687
"District Judge, 248th Judicial District",0459,951,474,1425,3021,47.17%,1125,253,1378
"District Judge, 248th Judicial District",0460,554,331,885,2837,31.19%,237,631,868
"District Judge, 248th Judicial District",0461,1155,735,1900,3871,49.08%,1289,487,1776
"District Judge, 248th Judicial District",0462,674,619,1293,3384,38.21%,479,752,1231
"District Judge, 248th Judicial District",0463,480,404,884,3326,26.58%,408,447,855
"District Judge, 248th Judicial District",0464,356,430,786,2257,34.82%,568,191,759
"District Judge, 248th Judicial District",0465,687,520,1207,3564,33.87%,690,477,1167
"District Judge, 248th Judicial District",0466,1058,614,1672,4184,39.96%,981,634,1615
"District Judge, 248th Judicial District",0467,213,189,402,1270,31.65%,101,291,392
"District Judge, 248th Judicial District",0468,352,443,795,3598,22.10%,254,509,763
"District Judge, 248th Judicial District",0469,1294,547,1841,3985,46.20%,1447,318,1765
"District Judge, 248th Judicial District",0470,185,176,361,1326,27.22%,270,72,342
"District Judge, 248th Judicial District",0471,375,380,755,2387,31.63%,610,123,733
"District Judge, 248th Judicial District",0472,198,278,476,1081,44.03%,193,246,439
"District Judge, 248th Judicial District",0473,599,391,990,1806,54.82%,685,257,942
"District Judge, 248th Judicial District",0474,559,588,1147,3037,37.77%,802,305,1107
"District Judge, 248th Judicial District",0475,189,267,456,1809,25.21%,217,217,434
"District Judge, 248th Judicial District",0476,404,473,877,2430,36.09%,497,345,842
"District Judge, 248th Judicial District",0477,737,567,1304,3505,37.20%,991,265,1256
"District Judge, 248th Judicial District",0478,958,657,1615,4461,36.20%,1083,454,1537
"District Judge, 248th Judicial District",0479,638,612,1250,2714,46.06%,925,273,1198
"District Judge, 248th Judicial District",0480,493,450,943,2415,39.05%,686,218,904
"District Judge, 248th Judicial District",0481,770,623,1393,3482,40.01%,1071,265,1336
"District Judge, 248th Judicial District",0482,878,630,1508,4373,34.48%,1094,362,1456
"District Judge, 248th Judicial District",0483,1042,478,1520,4308,35.28%,892,567,1459
"District Judge, 248th Judicial District",0484,1107,930,2037,4979,40.91%,1478,494,1972
"District Judge, 248th Judicial District",0485,1095,911,2006,5388,37.23%,1568,386,1954
"District Judge, 248th Judicial District",0486,873,855,1728,3866,44.70%,1356,301,1657
"District Judge, 248th Judicial District",0487,570,294,864,3860,22.38%,326,468,794
"District Judge, 248th Judicial District",0488,268,254,522,1719,30.37%,202,281,483
"District Judge, 248th Judicial District",0489,350,290,640,1893,33.81%,216,391,607
"District Judge, 248th Judicial District",0490,444,368,812,1975,41.11%,293,488,781
"District Judge, 248th Judicial District",0491,314,372,686,1888,36.33%,413,244,657
"District Judge, 248th Judicial District",0492,556,410,966,2335,41.37%,581,339,920
"District Judge, 248th Judicial District",0493,479,322,801,1853,43.23%,549,208,757
"District Judge, 248th Judicial District",0494,381,247,628,2467,25.46%,83,531,614
"District Judge, 248th Judicial District",0495,522,523,1045,2375,44.00%,753,227,980
"District Judge, 248th Judicial District",0496,190,315,505,2160,23.38%,199,286,485
"District Judge, 248th Judicial District",0497,526,243,769,2257,34.07%,27,723,750
"District Judge, 248th Judicial District",0498,363,323,686,2297,29.87%,310,360,670
"District Judge, 248th Judicial District",0499,750,518,1268,2326,54.51%,928,269,1197
"District Judge, 248th Judicial District",0500,729,715,1444,3507,41.17%,1001,389,1390
"District Judge, 248th Judicial District",0501,341,417,758,1801,42.09%,282,423,705
"District Judge, 248th Judicial District",0502,477,350,827,2501,33.07%,674,124,798
"District Judge, 248th Judicial District",0503,174,116,290,1374,21.11%,113,155,268
"District Judge, 248th Judicial District",0504,524,527,1151,2288,50.31%,730,356,1086
"District Judge, 248th Judicial District",0505,531,562,1193,3773,31.62%,551,566,1117
"District Judge, 248th Judicial District",0506,665,670,1335,3502,38.12%,247,1036,1283
"District Judge, 248th Judicial District",0507,221,149,370,2452,15.09%,77,226,303
"District Judge, 248th Judicial District",0508,492,412,904,3287,27.50%,354,483,837
"District Judge, 248th Judicial District",0509,753,596,1349,3732,36.15%,965,323,1288
"District Judge, 248th Judicial District",0510,687,514,1201,3590,33.45%,607,541,1148
"District Judge, 248th Judicial District",0511,0,0,0,0,0.00%,0,0,0
"District Judge, 248th Judicial District",0512,602,660,1262,5057,24.96%,615,612,1227
"District Judge, 248th Judicial District",0513,1019,487,1506,2894,52.04%,1138,297,1435
"District Judge, 248th Judicial District",0514,953,720,1673,4275,39.13%,1267,340,1607
"District Judge, 248th Judicial District",0515,942,683,1625,3455,47.03%,1310,243,1553
"District Judge, 248th Judicial District",0516,1000,800,1800,5356,33.61%,965,756,1721
"District Judge, 248th Judicial District",0517,481,256,737,2954,24.95%,425,289,714
"District Judge, 248th Judicial District",0518,635,693,1328,3943,33.68%,873,400,1273
"District Judge, 248th Judicial District",0519,623,493,1116,2966,37.63%,840,238,1078
"District Judge, 248th Judicial District",0520,473,457,930,4580,20.31%,175,732,907
"District Judge, 248th Judicial District",0521,471,464,935,2866,32.62%,508,394,902
"District Judge, 248th Judicial District",0522,716,572,1288,2689,47.90%,1000,244,1244
"District Judge, 248th Judicial District",0523,751,415,1166,3052,38.20%,788,324,1112
"District Judge, 248th Judicial District",0524,567,459,1026,3410,30.09%,351,640,991
"District Judge, 248th Judicial District",0525,707,482,1189,3091,38.47%,272,864,1136
"District Judge, 248th Judicial District",0526,68,84,152,780,19.49%,44,97,141
"District Judge, 248th Judicial District",0527,37,40,77,574,13.41%,41,33,74
"District Judge, 248th Judicial District",0528,14,12,26,90,28.89%,3,22,25
"District Judge, 248th Judicial District",0529,1043,491,1534,3710,41.35%,1319,159,1478
"District Judge, 248th Judicial District",0530,114,107,221,1196,18.48%,57,148,205
"District Judge, 248th Judicial District",0531,363,174,537,1145,46.90%,419,96,515
"District Judge, 248th Judicial District",0532,205,146,351,1048,33.49%,256,84,340
"District Judge, 248th Judicial District",0533,124,108,232,1119,20.73%,136,85,221
"District Judge, 248th Judicial District",0534,783,524,1,307,3837,34.06%,1000,252,1252
"District Judge, 248th Judicial District",0535,33,29,62,416,14.90%,30,30,60
"District Judge, 248th Judicial District",0536,554,780,1334,5139,25.96%,532,758,1290
"District Judge, 248th Judicial District",0537,855,778,1633,3050,53.54%,1187,369,1556
"District Judge, 248th Judicial District",0538,204,160,364,1303,27.94%,7,350,357
"District Judge, 248th Judicial District",0539,15,241,256,64,400.00%,73,162,235
"District Judge, 248th Judicial District",0540,378,316,694,1567,44.29%,265,380,645
"District Judge, 248th Judicial District",0541,784,505,1289,4599,28.03%,193,1045,1238
"District Judge, 248th Judicial District",0542,360,382,742,2557,29.02%,46,667,713
"District Judge, 248th Judicial District",0543,141,213,354,1565,22.62%,125,208,333
"District Judge, 248th Judicial District",0544,35,41,77,310,24.84%,11,64,75
"District Judge, 248th Judicial District",0545,596,620,1216,3629,33.51%,620,547,1167
"District Judge, 248th Judicial District",0546,2,2,4,37,10.81%,3,0,3
"District Judge, 248th Judicial District",0547,501,466,967,2406,40.19%,687,237,924
"District Judge, 248th Judicial District",0548,286,293,579,2215,26.14%,306,257,563
"District Judge, 248th Judicial District",0549,343,418,761,2663,28.58%,113,630,743
"District Judge, 248th Judicial District",0550,501,431,932,3031,30.75%,539,362,901
"District Judge, 248th Judicial District",0551,1288,1394,2682,7034,38.13%,2028,575,2603
"District Judge, 248th Judicial District",0552,847,883,1730,3415,50.66%,1435,241,1676
"District Judge, 248th Judicial District",0553,578,529,1107,4686,23.62%,510,562,1072
"District Judge, 248th Judicial District",0554,261,199,460,1757,26.18%,98,327,425
"District Judge, 248th Judicial District",0555,225,277,502,2219,22.62%,105,378,483
"District Judge, 248th Judicial District",0556,276,186,462,2319,19.92%,138,307,445
"District Judge, 248th Judicial District",0557,455,183,638,2830,22.54%,267,294,561
"District Judge, 248th Judicial District",0558,693,463,1156,4380,26.39%,418,693,1111
"District Judge, 248th Judicial District",0559,640,494,1134,4969,22.82%,345,743,1088
"District Judge, 248th Judicial District",0560,72,131,203,1120,18.13%,57,133,190
"District Judge, 248th Judicial District",0561,362,436,798,3064,26.04%,492,276,768
"District Judge, 248th Judicial District",0562,113,68,181,694,26.08%,28,149,177
"District Judge, 248th Judicial District",0563,1107,376,1483,3105,47.76%,1154,267,1421
"District Judge, 248th Judicial District",0564,470,426,896,3155,28.40%,233,624,857
"District Judge, 248th Judicial District",0565,108,78,186,1354,13.74%,43,129,172
"District Judge, 248th Judicial District",0566,417,324,741,2882,25.71%,240,479,719
"District Judge, 248th Judicial District",0567,301,193,494,2238,22.07%,165,284,449
"District Judge, 248th Judicial District",0568,876,685,1561,3594,43.43%,1025,445,1470
"District Judge, 248th Judicial District",0569,572,667,1239,3525,35.15%,647,516,1163
"District Judge, 248th Judicial District",0570,238,210,448,1562,28.68%,157,259,416
"District Judge, 248th Judicial District",0571,155,149,304,1827,16.64%,123,169,292
"District Judge, 248th Judicial District",0572,555,375,930,3108,29.92%,473,414,887
"District Judge, 248th Judicial District",0573,290,151,441,1619,27.24%,7,427,434
"District Judge, 248th Judicial District",0574,31,42,73,402,18.16%,10,63,73
"District Judge, 248th Judicial District",0575,13,11,24,74,32.43%,19,4,23
"District Judge, 248th Judicial District",0576,485,318,803,2734,29.37%,28,759,787
"District Judge, 248th Judicial District",0577,147,88,235,608,38.65%,141,85,226
"District Judge, 248th Judicial District",0578,409,538,947,1799,52.64%,582,316,898
"District Judge, 248th Judicial District",0579,75,101,176,1056,16.67%,38,131,169
"District Judge, 248th Judicial District",0580,179,118,297,1031,28.81%,4,285,289
"District Judge, 248th Judicial District",0581,212,174,386,1032,37.40%,7,369,376
"District Judge, 248th Judicial District",0582,258,171,429,1588,27.02%,19,398,417
"District Judge, 248th Judicial District",0583,225,131,356,1262,28.21%,11,333,344
"District Judge, 248th Judicial District",0584,182,93,275,1014,27.12%,11,258,269
"District Judge, 248th Judicial District",0585,417,172,589,2511,23.46%,16,566,582
"District Judge, 248th Judicial District",0586,638,680,1318,4316,30.54%,814,452,1266
"District Judge, 248th Judicial District",0587,436,284,720,2598,27.71%,284,416,700
"District Judge, 248th Judicial District",0588,758,674,1432,3645,39.29%,1022,363,1385
"District Judge, 248th Judicial District",0589,500,386,886,3420,25.91%,499,359,858
"District Judge, 248th Judicial District",0590,772,399,1171,2162,54.16%,904,225,1129
"District Judge, 248th Judicial District",0591,183,231,414,2121,19.52%,132,262,394
"District Judge, 248th Judicial District",0592,133,157,290,1350,21.48%,78,199,277
"District Judge, 248th Judicial District",0593,543,564,1107,4380,25.27%,544,508,1052
"District Judge, 248th Judicial District",0594,561,326,887,2490,35.62%,245,610,855
"District Judge, 248th Judicial District",0595,201,178,379,1693,22.39%,73,297,370
"District Judge, 248th Judicial District",0596,441,348,789,3007,26.24%,447,320,767
"District Judge, 248th Judicial District",0597,367,394,761,3653,20.83%,336,413,749
"District Judge, 248th Judicial District",0598,195,57,252,728,34.62%,207,41,248
"District Judge, 248th Judicial District",0599,850,578,1428,4950,28.85%,519,865,1384
"District Judge, 248th Judicial District",0600,667,429,1096,3957,27.70%,454,592,1046
"District Judge, 248th Judicial District",0601,1073,756,1829,4057,45.08%,1387,376,1763
"District Judge, 248th Judicial District",0602,293,235,528,1326,39.82%,388,125,513
"District Judge, 248th Judicial District",0603,884,794,1678,4843,34.65%,1086,552,1638
"District Judge, 248th Judicial District",0604,702,518,1220,3005,40.60%,1013,168,1181
"District Judge, 248th Judicial District",0605,907,556,1463,5582,26.21%,371,1054,1425
"District Judge, 248th Judicial District",0606,176,70,246,937,26.25%,4,238,242
"District Judge, 248th Judicial District",0607,62,51,113,728,15.52%,13,94,107
"District Judge, 248th Judicial District",0608,31,47,78,537,14.53%,46,26,72
"District Judge, 248th Judicial District",0609,557,680,1347,3384,39.80%,846,428,1274
"District Judge, 248th Judicial District",0610,231,188,419,1927,21.74%,219,166,385
"District Judge, 248th Judicial District",0611,495,242,737,2488,29.62%,26,699,725
"District Judge, 248th Judicial District",0612,996,497,1493,3307,45.15%,1122,292,1414
"District Judge, 248th Judicial District",0613,186,204,390,1554,25.10%,69,310,379
"District Judge, 248th Judicial District",0614,737,566,1303,4207,30.97%,503,750,1253
"District Judge, 248th Judicial District",0615,480,299,779,1967,39.60%,496,263,759
"District Judge, 248th Judicial District",0616,739,663,1402,3436,40.80%,987,360,1347
"District Judge, 248th Judicial District",0617,541,393,934,3809,24.52%,390,523,913
"District Judge, 248th Judicial District",0618,946,567,1513,6003,25.20%,771,695,1466
"District Judge, 248th Judicial District",0619,1219,803,2022,4297,47.06%,1519,408,1927
"District Judge, 248th Judicial District",0620,689,264,953,2897,32.90%,597,312,909
"District Judge, 248th Judicial District",0621,154,101,255,1133,22.51%,134,107,241
"District Judge, 248th Judicial District",0622,881,524,1405,4403,31.91%,872,484,1356
"District Judge, 248th Judicial District",0623,887,487,1374,3691,37.23%,942,373,1315
"District Judge, 248th Judicial District",0624,1,1,2,3,66.67%,1,1,2
"District Judge, 248th Judicial District",0625,477,362,839,1820,46.10%,484,310,794
"District Judge, 248th Judicial District",0626,581,440,1021,2861,35.69%,563,396,959
"District Judge, 248th Judicial District",0627,346,322,668,3049,21.91%,242,396,638
"District Judge, 248th Judicial District",0628,152,219,371,1675,22.15%,203,155,358
"District Judge, 248th Judicial District",0629,37,53,90,696,12.93%,15,74,89
"District Judge, 248th Judicial District",0630,974,600,1574,3905,40.31%,127,1405,1532
"District Judge, 248th Judicial District",0631,822,404,1226,2846,43.08%,901,280,1181
"District Judge, 248th Judicial District",0632,7,4,11,343,3.21%,3,8,11
"District Judge, 248th Judicial District",0633,943,731,1674,3559,47.04%,1204,409,1613
"District Judge, 248th Judicial District",0634,458,442,900,3029,29.71%,602,268,870
"District Judge, 248th Judicial District",0635,743,485,1228,3393,36.19%,935,260,1195
"District Judge, 248th Judicial District",0636,835,874,1710,4140,41.30%,1484,176,1660
"District Judge, 248th Judicial District",0637,409,362,771,2512,30.69%,195,522,717
"District Judge, 248th Judicial District",0638,304,245,549,2204,24.91%,46,478,524
"District Judge, 248th Judicial District",0639,549,547,1096,2526,43.39%,890,162,1052
"District Judge, 248th Judicial District",0640,641,459,1100,3733,29.47%,693,372,1065
"District Judge, 248th Judicial District",0641,649,596,1245,3650,34.11%,838,360,1198
"District Judge, 248th Judicial District",0642,471,394,865,1764,49.04%,702,129,831
"District Judge, 248th Judicial District",0643,934,653,1587,5945,26.69%,632,904,1536
"District Judge, 248th Judicial District",0644,1019,823,1842,5523,33.35%,1232,532,1764
"District Judge, 248th Judicial District",0645,654,594,1248,4185,29.82%,675,522,1197
"District Judge, 248th Judicial District",0646,364,287,651,2220,29.32%,212,398,610
"District Judge, 248th Judicial District",0647,904,470,1374,6084,22.58%,394,866,1260
"District Judge, 248th Judicial District",0648,838,579,1417,3367,42.08%,1026,345,1371
"District Judge, 248th Judicial District",0649,687,434,1121,4576,24.50%,382,663,1045
"District Judge, 248th Judicial District",0650,906,766,1672,3888,43.00%,1225,377,1602
"District Judge, 248th Judicial District",0651,963,766,1729,5128,33.72%,1135,524,1659
"District Judge, 248th Judicial District",0652,467,515,982,2815,34.88%,181,766,947
"District Judge, 248th Judicial District",0653,0,4,4,0,0.00%,0,4,4
"District Judge, 248th Judicial District",0654,950,1005,1955,6208,31.49%,1111,775,1886
"District Judge, 248th Judicial District",0655,1115,1079,2195,6855,32.02%,1383,728,2111
"District Judge, 248th Judicial District",0656,579,393,972,2674,36.35%,37,915,952
"District Judge, 248th Judicial District",0657,246,172,418,1292,32.35%,173,229,402
"District Judge, 248th Judicial District",0658,540,426,966,2807,34.41%,631,311,942
"District Judge, 248th Judicial District",0659,1149,788,1937,4856,39.89%,1407,477,1884
"District Judge, 248th Judicial District",0660,950,825,1775,5372,33.04%,171,1568,1739
"District Judge, 248th Judicial District",0661,675,765,1440,4567,31.53%,852,531,1383
"District Judge, 248th Judicial District",0662,1148,890,2038,4874,41.81%,1636,337,1973
"District Judge, 248th Judicial District",0663,717,797,1514,3346,45.25%,763,645,1408
"District Judge, 248th Judicial District",0664,352,250,602,2869,20.98%,142,433,575
"District Judge, 248th Judicial District",0665,482,348,830,2154,38.53%,694,106,800
"District Judge, 248th Judicial District",0666,0,0,0,0,0.00%,0,0,0
"District Judge, 248th Judicial District",0667,488,502,990,2149,46.07%,773,178,951
"District Judge, 248th Judicial District",0668,399,509,908,2775,32.72%,597,284,881
"District Judge, 248th Judicial District",0669,850,738,1,588,3425,46.36%,1147,374,1521
"District Judge, 248th Judicial District",0670,955,471,1427,2983,47.84%,1123,252,1375
"District Judge, 248th Judicial District",0671,403,565,968,3037,31.87%,606,318,924
"District Judge, 248th Judicial District",0672,959,862,1821,5706,31.91%,1246,526,1772
"District Judge, 248th Judicial District",0673,729,516,1245,2995,41.57%,988,205,1193
"District Judge, 248th Judicial District",0674,1071,618,1689,4091,41.29%,1264,363,1627
"District Judge, 248th Judicial District",0675,0,1,1,0,0.00%,1,0,1
"District Judge, 248th Judicial District",0676,0,0,0,0,0.00%,0,0,0
"District Judge, 248th Judicial District",0677,127,127,254,1266,20.06%,95,144,239
"District Judge, 248th Judicial District",0678,166,108,274,735,37.28%,184,70,254
"District Judge, 248th Judicial District",0679,635,520,1155,3381,34.16%,881,221,1102
"District Judge, 248th Judicial District",0680,21,14,35,162,21.60%,14,20,34
"District Judge, 248th Judicial District",0681,1,0,1,5,20.00%,1,0,1
"District Judge, 248th Judicial District",0682,711,654,1365,4216,32.38%,1023,296,1319
"District Judge, 248th Judicial District",0683,29,20,49,276,17.75%,10,33,43
"District Judge, 248th Judicial District",0684,27,22,49,223,21.97%,26,21,47
"District Judge, 248th Judicial District",0685,110,29,139,307,45.28%,62,66,128
"District Judge, 248th Judicial District",0686,17,12,29,208,13.94%,11,17,28
"District Judge, 248th Judicial District",0687,549,537,1085,2609,41.63%,740,278,1018
"District Judge, 248th Judicial District",0688,999,617,1616,3504,46.12%,1306,252,1558
"District Judge, 248th Judicial District",0689,211,387,598,2346,25.49%,303,266,569
"District Judge, 248th Judicial District",0690,926,1104,2030,5102,39.79%,1655,309,1964
"District Judge, 248th Judicial District",0691,2,5,7,25,28.00%,3,4,7
"District Judge, 248th Judicial District",0692,444,548,992,2847,34.84%,745,208,953
"District Judge, 248th Judicial District",0693,167,91,258,666,38.74%,78,171,249
"District Judge, 248th Judicial District",0694,260,120,380,845,44.97%,263,93,356
"District Judge, 248th Judicial District",0695,232,193,425,1724,24.65%,275,136,411
"District Judge, 248th Judicial District",0696,261,207,468,1982,23.61%,300,150,450
"District Judge, 248th Judicial District",0697,605,613,1218,4413,27.60%,320,859,1179
"District Judge, 248th Judicial District",0698,448,489,937,3189,29.38%,102,810,912
"District Judge, 248th Judicial District",0699,568,414,982,2343,41.91%,647,276,923
"District Judge, 248th Judicial District",0700,255,251,506,1371,36.91%,429,57,486
"District Judge, 248th Judicial District",0701,56,43,99,588,16.84%,62,31,93
"District Judge, 248th Judicial District",0702,54,70,134,539,24.86%,18,114,132
"District Judge, 248th Judicial District",0703,372,490,862,1882,45.80%,625,198,823
"District Judge, 248th Judicial District",0704,569,599,1168,3064,38.12%,954,165,1119
"District Judge, 248th Judicial District",0705,114,113,227,1523,14.90%,34,186,220
"District Judge, 248th Judicial District",0706,115,71,186,610,30.49%,91,82,173
"District Judge, 248th Judicial District",0707,153,86,239,707,33.80%,147,76,223
"District Judge, 248th Judicial District",0708,54,52,106,563,18.83%,51,48,99
"District Judge, 248th Judicial District",0709,1375,947,2322,6848,33.91%,1418,840,2258
"District Judge, 248th Judicial District",0710,371,462,833,2082,40.01%,456,314,770
"District Judge, 248th Judicial District",0711,702,506,1208,3484,34.67%,730,413,1143
"District Judge, 248th Judicial District",0712,491,463,954,3670,25.99%,420,514,934
"District Judge, 248th Judicial District",0713,228,262,490,1907,25.69%,250,215,465
"District Judge, 248th Judicial District",0714,35,19,55,296,18.58%,33,20,53
"District Judge, 248th Judicial District",0715,176,187,363,1408,25.78%,205,138,343
"District Judge, 248th Judicial District",0716,449,407,856,2680,31.94%,603,228,831
"District Judge, 248th Judicial District",0717,373,250,623,2002,31.12%,77,532,609
"District Judge, 248th Judicial District",0718,1017,806,1823,4229,43.11%,1281,443,1724
"District Judge, 248th Judicial District",0719,247,137,384,1589,24.17%,237,131,368
"District Judge, 248th Judicial District",0720,994,780,1774,4282,41.43%,1344,370,1714
"District Judge, 248th Judicial District",0721,754,532,1286,2870,44.81%,840,386,1226
"District Judge, 248th Judicial District",0722,871,494,1365,4479,30.48%,101,1223,1324
"District Judge, 248th Judicial District",0723,401,202,603,1858,32.45%,134,453,587
"District Judge, 248th Judicial District",0724,151,128,279,766,36.42%,205,60,265
"District Judge, 248th Judicial District",0725,423,237,660,2237,29.50%,315,322,637
"District Judge, 248th Judicial District",0726,592,402,994,2087,47.63%,879,94,973
"District Judge, 248th Judicial District",0727,338,290,628,2488,25.24%,204,387,591
"District Judge, 248th Judicial District",0728,209,151,360,880,40.91%,221,123,344
"District Judge, 248th Judicial District",0729,136,59,195,464,42.03%,122,69,191
"District Judge, 248th Judicial District",0730,428,359,787,1747,45.05%,509,229,738
"District Judge, 248th Judicial District",0731,58,27,85,352,24.15%,26,57,83
"District Judge, 248th Judicial District",0732,441,324,765,1924,39.76%,479,243,722
"District Judge, 248th Judicial District",0733,13,7,20,215,9.30%,8,10,18
"District Judge, 248th Judicial District",0734,1558,962,2520,7005,35.97%,1748,699,2447
"District Judge, 248th Judicial District",07356,0,6,18,33.33%,6,0,6
"District Judge, 248th Judicial District",0736,3,1,4,22,18.18%,0,3,3
"District Judge, 248th Judicial District",0737,11,7,18,51,35.29%,14,4,18
"District Judge, 248th Judicial District",0738,139,100,239,1361,17.56%,45,184,229
"District Judge, 248th Judicial District",0739,353,301,654,2955,22.13%,344,285,629
"District Judge, 248th Judicial District",0740,96,98,194,939,20.66%,128,57,185
"District Judge, 248th Judicial District",0741,0,1,1,0,0.00%,0,0,0
"District Judge, 248th Judicial District",0742,0,11,11,0,0.00%,6,5,11
"District Judge, 248th Judicial District",0743,15,18,33,210,15.71%,19,12,31
"District Judge, 248th Judicial District",0744,456,392,848,2027,41.84%,539,265,804
"District Judge, 248th Judicial District",0745,683,372,1055,2494,42.30%,642,357,999
"District Judge, 248th Judicial District",0746,114,77,191,691,27.64%,94,93,187
"District Judge, 248th Judicial District",0747,550,467,1017,3743,27.17%,509,475,984
"District Judge, 248th Judicial District",0748,170,140,310,1403,22.10%,168,132,300
"District Judge, 248th Judicial District",0749,30,17,47,377,12.47%,10,35,45
"District Judge, 248th Judicial District",0750,111,96,207,767,26.99%,130,74,204
"District Judge, 248th Judicial District",0751,925,964,1889,5084,37.16%,1265,546,1811
"District Judge, 248th Judicial District",0752,286,200,486,1483,32.77%,366,99,465
"District Judge, 248th Judicial District",0753,55,73,128,259,49.42%,80,43,123
"District Judge, 248th Judicial District",0754,0,0,0,0,0.00%,0,0,0
"District Judge, 248th Judicial District",0755,442,584,1026,4294,23.89%,461,519,980
"District Judge, 248th Judicial District",0756,251,177,428,1600,26.75%,173,239,412
"District Judge, 248th Judicial District",0757,520,508,1028,4035,25.48%,186,808,994
"District Judge, 248th Judicial District",0758,1114,692,1806,4096,44.09%,1456,291,1747
"District Judge, 248th Judicial District",0759,465,413,878,2730,32.16%,569,276,845
"District Judge, 248th Judicial District",0760,1432,639,2071,4367,47.42%,1712,276,1988
"District Judge, 248th Judicial District",0761,548,253,801,1550,51.68%,562,188,750
"District Judge, 248th Judicial District",0762,0,0,0,0,0.00%,0,0,0
"District Judge, 248th Judicial District",0763,108,146,254,1212,20.96%,102,139,241
"District Judge, 248th Judicial District",0764,1133,774,1907,5217,36.55%,1217,633,1850
"District Judge, 248th Judicial District",0765,547,426,1073,4055,26.46%,451,569,1020
"District Judge, 248th Judicial District",0766,40,25,65,392,16.58%,16,42,58
"District Judge, 248th Judicial District",0767,10,2,12,86,13.95%,6,6,12
"District Judge, 248th Judicial District",0768,1359,1015,2374,5857,40.53%,1945,363,2308
"District Judge, 248th Judicial District",0769,54,16,70,183,38.25%,3,66,69
"District Judge, 248th Judicial District",0770,31,25,56,323,17.34%,29,25,54
"District Judge, 248th Judicial District",0771,324,254,578,2426,23.83%,337,221,558
"District Judge, 248th Judicial District",0772,1792,851,2643,5709,46.30%,2024,502,2526
"District Judge, 248th Judicial District",0773,473,312,785,2918,26.90%,222,496,718
"District Judge, 248th Judicial District",0774,30,41,71,378,18.78%,16,53,69
"District Judge, 248th Judicial District",0775,18,3,21,92,22.83%,0,21,21
"District Judge, 248th Judicial District",0776,551,496,1047,3053,34.29%,620,381,1001
"District Judge, 248th Judicial District",0777,45,40,86,652,13.19%,30,53,83
"District Judge, 248th Judicial District",0778,0,0,0,0,0.00%,0,0,0
"District Judge, 248th Judicial District",0779,64,51,115,940,12.23%,42,69,111
"District Judge, 248th Judicial District",0780,53,59,122,595,20.50%,74,45,119
"District Judge, 248th Judicial District",0781,666,273,939,3603,26.06%,425,416,841
"District Judge, 248th Judicial District",0782,368,370,738,2236,33.01%,462,250,712
"District Judge, 248th Judicial District",0783,49,13,62,294,21.09%,46,14,60
"District Judge, 248th Judicial District",0784,208,128,336,1079,31.14%,9,314,323
"District Judge, 248th Judicial District",0785,28,25,53,296,17.91%,28,25,53
"District Judge, 248th Judicial District",0786,100,98,198,1251,15.83%,74,117,191
"District Judge, 248th Judicial District",0787,45,52,98,488,20.08%,35,60,95
"District Judge, 248th Judicial District",0788,74,32,106,454,23.35%,52,52,104
"District Judge, 248th Judicial District",0789,0,3,3,3,100.00%,1,2,3
"District Judge, 248th Judicial District",0790,0,0,0,3,0.00%,0,0,0
"District Judge, 248th Judicial District",0791,0,0,0,0,0.00%,0,0,0
"District Judge, 248th Judicial District",0792,269,239,508,1865,27.24%,131,355,486
"District Judge, 248th Judicial District",0793,448,247,695,2484,27.98%,422,249,671
"District Judge, 248th Judicial District",0794,124,144,268,2710,9.89%,37,226,263
"District Judge, 248th Judicial District",0795,90,125,215,1217,17.67%,80,123,203
"District Judge, 248th Judicial District",0796,83,51,134,476,28.15%,74,55,129
"District Judge, 248th Judicial District",0797,0,0,0,0,0.00%,0,0,0
"District Judge, 248th Judicial District",0798,99,111,210,500,42.00%,84,116,200
"District Judge, 248th Judicial District",0799,28,15,43,161,26.71%,9,34,43
"District Judge, 248th Judicial District",0800,588,642,1230,2932,41.95%,842,323,1165
"District Judge, 248th Judicial District",0801,32,14,46,258,17.83%,16,26,42
"District Judge, 248th Judicial District",0802,51,27,78,312,25.00%,14,62,76
"District Judge, 248th Judicial District",0803,725,511,1236,2893,42.72%,910,283,1193
"District Judge, 248th Judicial District",0804,932,591,1523,4768,31.94%,970,505,1475
"District Judge, 248th Judicial District",0805,765,533,1298,2866,45.29%,1052,202,1254
"District Judge, 248th Judicial District",0806,0,0,0,0,0.00%,0,0,0
"District Judge, 248th Judicial District",0807,211,204,415,2028,20.46%,98,299,397
"District Judge, 248th Judicial District",0808,12,17,29,131,22.14%,6,22,28
"District Judge, 248th Judicial District",0809,7,6,13,92,14.13%,5,6,11
"District Judge, 248th Judicial District",0810,9,16,25,211,11.85%,9,15,24
"District Judge, 248th Judicial District",0811,29,50,79,270,29.26%,28,49,77
"District Judge, 248th Judicial District",0812,0,0,0,0,0.00%,0,0,0
"District Judge, 248th Judicial District",0813,938,761,1699,5807,29.26%,850,796,1646
"District Judge, 248th Judicial District",0814,673,533,1206,5102,23.64%,314,857,1171
"District Judge, 248th Judicial District",0815,0,0,0,0,0.00%,0,0,0
"District Judge, 248th Judicial District",0816,10,0,10,73,13.70%,3,7,10
"District Judge, 248th Judicial District",0817,0,0,0,0,0.00%,0,0,0
"District Judge, 248th Judicial District",0818,86,39,125,616,20.29%,27,92,119
"District Judge, 248th Judicial District",0819,64,30,94,240,39.17%,50,33,83
"District Judge, 248th Judicial District",0820,0,0,0,0,0.00%,0,0,0
"District Judge, 248th Judicial District",0821,124,120,244,1242,19.65%,33,202,235
"District Judge, 248th Judicial District",0822,332,167,499,1535,32.51%,15,470,485
"District Judge, 248th Judicial District",0823,821,564,1385,5087,27.23%,801,538,1339
"District Judge, 248th Judicial District",0824,428,282,710,2700,26.30%,165,521,686
"District Judge, 248th Judicial District",0825,0,0,0,0,0.00%,0,0,0
"District Judge, 248th Judicial District",0826,73,50,123,358,34.36%,54,57,111
"District Judge, 248th Judicial District",0827,60,98,158,979,16.14%,70,83,153
"District Judge, 248th Judicial District",0828,541,388,929,1916,48.49%,734,156,890
"District Judge, 248th Judicial District",0829,54,22,76,264,28.79%,18,57,75
"District Judge, 248th Judicial District",0830,0,0,0,2,0.00%,0,0,0
"District Judge, 248th Judicial District",0831,0,0,0,0,0.00%,0,0,0
"District Judge, 248th Judicial District",0832,34,28,62,352,17.61%,18,42,60
"District Judge, 248th Judicial District",0833,0,1,1,20,5.00%,0,1,1
"District Judge, 248th Judicial District",0834,0,0,0,0,0.00%,0,0,0
"District Judge, 248th Judicial District",0835,38,19,57,290,19.66%,13,38,51
"District Judge, 248th Judicial District",0836,3,0,3,19,15.79%,2,1,3
"District Judge, 248th Judicial District",0837,0,0,0,0,0.00%,0,0,0
"District Judge, 248th Judicial District",0838,0,0,0,0,0.00%,0,0,0
"District Judge, 248th Judicial District",0839,136,118,254,1128,22.52%,55,186,241
"District Judge, 248th Judicial District",0840,381,174,555,1705,32.55%,196,345,541
"District Judge, 248th Judicial District",0841,0,0,0,0,0.00%,0,0,0
"District Judge, 248th Judicial District",0842,421,434,855,3259,26.24%,407,412,819
"District Judge, 248th Judicial District",0843,0,1,1,0,0.00%,0,1,1
"District Judge, 248th Judicial District",0844,1,0,1,11,9.09%,0,1,1
"District Judge, 248th Judicial District",0845,54,9,63,134,47.01%,39,21,60
"District Judge, 248th Judicial District",0846,23,24,47,229,20.52%,3,42,45
"District Judge, 248th Judicial District",0847,305,211,516,2015,25.61%,144,356,500
"District Judge, 248th Judicial District",0848,489,266,755,1856,40.68%,218,503,721
"District Judge, 248th Judicial District",0849,201,291,492,2124,23.16%,204,270,474
"District Judge, 248th Judicial District",0850,45,41,87,210,41.43%,33,52,85
"District Judge, 248th Judicial District",0851,1029,657,1686,4709,35.80%,1144,475,1619
"District Judge, 248th Judicial District",0852,0,0,0,1,0.00%,0,0,0
"District Judge, 248th Judicial District",0853,575,620,1296,2882,44.97%,993,247,1240
"District Judge, 248th Judicial District",0854,15,26,41,172,23.84%,8,31,39
"District Judge, 248th Judicial District",0855,5,9,14,16,87.50%,5,8,13
"District Judge, 248th Judicial District",0856,0,1,1,0,0.00%,0,1,1
"District Judge, 248th Judicial District",0857,0,0,0,1,0.00%,0,0,0
"District Judge, 248th Judicial District",0858,63,34,97,343,28.28%,3,90,93
"District Judge, 248th Judicial District",0859,157,106,263,890,29.55%,72,185,257
"District Judge, 248th Judicial District",0860,0,0,0,0,0.00%,0,0,0
"District Judge, 248th Judicial District",0861,315,199,514,1842,27.90%,85,416,501
"District Judge, 248th Judicial District",0862,0,0,0,0,0.00%,0,0,0
"District Judge, 248th Judicial District",0863,101,54,155,584,26.54%,7,147,154
"District Judge, 248th Judicial District",0864,193,299,492,2569,19.15%,144,324,468
"District Judge, 248th Judicial District",0865,2,3,5,21,23.81%,0,5,5
"District Judge, 248th Judicial District",0866,0,0,0,0,0.00%,0,0,0
"District Judge, 248th Judicial District",0867,0,0,0,0,0.00%,0,0,0
"District Judge, 248th Judicial District",0868,236,271,507,2326,21.80%,165,319,484
"District Judge, 248th Judicial District",0869,53,39,92,470,19.57%,22,68,90
"District Judge, 248th Judicial District",0870,0,0,0,0,0.00%,0,0,0
"District Judge, 248th Judicial District",0871,1,0,1,3,33.33%,0,1,1
"District Judge, 248th Judicial District",0872,5,3,8,59,13.56%,4,4,8
"District Judge, 248th Judicial District",0873,98,75,173,737,23.4,7%,44,126,170
"District Judge, 248th Judicial District",0874,763,707,1470,3223,45.61%,1109,304,1413
"District Judge, 248th Judicial District",0875,904,527,1431,5147,27.80%,705,677,1382
"District Judge, 248th Judicial District",0876,698,641,1339,3265,41.01%,1032,267,1299
"District Judge, 248th Judicial District",0877,476,382,858,3032,28.30%,358,479,837
"District Judge, 248th Judicial District",0878,427,354,781,1666,46.88%,645,116,761
"District Judge, 248th Judicial District",0879,407,294,701,2667,26.28%,367,303,670
"District Judge, 248th Judicial District",0880,543,447,990,2352,42.09%,797,163,960
"District Judge, 248th Judicial District",0881,593,540,1133,4479,25.30%,405,701,1106
"District Judge, 248th Judicial District",0882,426,291,717,2422,29.60%,436,257,693
"District Judge, 248th Judicial District",0883,643,702,1345,5408,24.87%,248,1060,1308
"District Judge, 248th Judicial District",0884,57,25,82,377,21.75%,9,70,79
"District Judge, 248th Judicial District",0885,562,368,930,2619,35.51%,559,350,909
"District Judge, 248th Judicial District",0886,128,108,236,675,34.96%,136,88,224
"District Judge, 248th Judicial District",0887,50,67,117,418,27.99%,57,52,109
"District Judge, 248th Judicial District",0888,0,3,3,0,0.00%,2,1,3
"District Judge, 248th Judicial District",0889,14,0,14,57,24.56%,5,8,13
"District Judge, 248th Judicial District",0890,164,103,267,1095,24.38%,86,158,244
"District Judge, 248th Judicial District",0891,317,243,560,1331,42.07%,208,316,524
"District Judge, 248th Judicial District",0892,115,86,201,808,24.88%,72,118,190
"District Judge, 248th Judicial District",0893,0,2,2,6,33.33%,0,2,2
"District Judge, 248th Judicial District",0894,0,3,3,0,0.00%,2,1,3
"District Judge, 248th Judicial District",0895,155,286,442,793,55.74%,168,230,398
"District Judge, 248th Judicial District",0896,370,297,667,1459,45.72%,241,381,622
"District Judge, 248th Judicial District",0897,252,297,549,1701,32.28%,325,207,532
"District Judge, 248th Judicial District",0898,0,0,0,3,0.00%,0,0,0
"District Judge, 248th Judicial District",0899,2,0,2,8,25.00%,0,2,2
"District Judge, 248th Judicial District",0900,0,2,2,10,20.00%,1,1,2
"District Judge, 248th Judicial District",0901,0,0,0,0,0.00%,0,0,0
"District Judge, 248th Judicial District",0902,394,486,880,2139,41.14%,480,350,830
"District Judge, 248th Judicial District",0903,3,7,10,50,20.00%,3,6,9
"District Judge, 248th Judicial District",0904,1,0,1,7,14.29%,1,0,1
"District Judge, 248th Judicial District",0905,123,100,223,904,24.67%,102,110,212
"District Judge, 248th Judicial District",0906,8,6,14,25,56.00%,6,6,12
"District Judge, 248th Judicial District",0907,12,19,31,181,17.13%,6,25,31
"District Judge, 248th Judicial District",0908,0,1,1,0,0.00%,0,1,1
"District Judge, 248th Judicial District",0909,2,1,3,18,16.67%,0,3,3
"District Judge, 248th Judicial District",0910,25,24,49,217,22.58%,21,25,46
"District Judge, 248th Judicial District",0911,118,60,178,551,32.30%,119,52,171
"District Judge, 248th Judicial District",0912,316,201,517,1273,40.61%,349,141,490
"District Judge, 248th Judicial District",0913,0,0,0,0,0.00%,0,0,0
"District Judge, 248th Judicial District",0914,169,179,348,701,49.64%,280,54,334
"District Judge, 248th Judicial District",0915,0,0,0,0,0.00%,0,0,0
"District Judge, 248th Judicial District",0916,417,240,657,1491,44.06%,526,111,637
"District Judge, 248th Judicial District",0917,177,62,239,483,49.48%,156,67,223
"District Judge, 248th Judicial District",0918,304,168,472,883,53.45%,357,92,449
"District Judge, 248th Judicial District",0919,0,0,0,3,0.00%,0,0,0
"District Judge, 248th Judicial District",0920,22,12,34,71,47.89%,24,9,33
"District Judge, 248th Judicial District",0921,32,15,47,119,39.50%,33,13,46
"District Judge, 248th Judicial District",0922,0,0,0,0,0.00%,0,0,0
"District Judge, 248th Judicial District",0923,470,137,607,1511,40.17%,455,133,588
"District Judge, 248th Judicial District",0924,0,0,0,0,0.00%,0,0,0
"District Judge, 248th Judicial District",0925,0,0,0,0,0.00%,0,0,0
"District Judge, 248th Judicial District",0926,171,128,299,796,37.56%,224,63,287
"District Judge, 248th Judicial District",0927,44,30,74,270,27.41%,30,37,67
"District Judge, 248th Judicial District",0928,3,0,3,8,37.50%,0,3,3
"District Judge, 248th Judicial District",0929,0,0,0,0,0.00%,0,0,0
"District Judge, 248th Judicial District",0930,109,54,163,584,27.91%,6,153,159
"District Judge, 248th Judicial District",0931,30,40,70,130,53.85%,31,30,61
"District Judge, 248th Judicial District",0932,0,0,0,0,0.00%,0,0,0
"District Judge, 248th Judicial District",0933,115,85,200,627,31.90%,57,139,196
"District Judge, 248th Judicial District",0934,2,0,2,63,3.17%,1,1,2
"District Judge, 248th Judicial District",0935,3,2,5,54,9.26%,2,1,3
"District Judge, 248th Judicial District",0936,s,2,10,81,12.35%,3,6,9
"District Judge, 248th Judicial District",0937,0,0,0,0,0.00%,0,0,0
"District Judge, 248th Judicial District",0938,30,14,44,231,19.05%,13,30,43
"District Judge, 248th Judicial District",0939,0,0,0,2,0.00%,0,0,0
"District Judge, 248th Judicial District",0940,0,0,0,10,0.00%,0,0,0
"District Judge, 248th Judicial District",0941,9,10,19,25,76.00%,17,2,19
"District Judge, 248th Judicial District",0942,53,27,80,156,51.28%,67,11,78
"District Judge, 248th Judicial District",0943,164,80,244,547,44.61%,162,67,229
"District Judge, 248th Judicial District",0944,20,4,24,45,53.33%,19,1,20
"District Judge, 248th Judicial District",0945,1,2,3,17,17.65%,1,2,3
"District Judge, 248th Judicial District",0946,0,1,1,13,7.69%,0,1,1
"District Judge, 248th Judicial District",0947,177,246,423,799,52.94%,225,174,399
"District Judge, 248th Judicial District",0948,0,14,14,1,1400.00%,8,3,11
"District Judge, 248th Judicial District",0949,34,27,61,193,31.61%,32,29,61
"District Judge, 248th Judicial District",0950,0,0,0,1,0.00%,0,0,0
"District Judge, 248th Judicial District",0951,33,30,63,277,22.74%,15,46,61
"District Judge, 248th Judicial District",0952,16,15,31,71,43.66%,15,13,28
"District Judge, 248th Judicial District",0953,18,9,27,275,9.82%,5,22,27
"District Judge, 248th Judicial District",0954,0,0,0,1,0.00%,0,0,0
"District Judge, 248th Judicial District",0955,3,2,5,19,26.32%,4,1,5
"District Judge, 248th Judicial District",0956,2,4,6,11,54.55%,2,4,6
"District Judge, 248th Judicial District",0957,97,95,192,562,34.16%,21,169,190
"District Judge, 248th Judicial District",0958,81,129,210,1081,19.43%,53,151,204
"District Judge, 248th Judicial District",0959,0,0,0,0,0.00%,0,0,0
"District Judge, 248th Judicial District",0960,196,157,353,976,36.17%,71,268,339
"District Judge, 248th Judicial District",0961,15,0,16,56,28.57%,0,16,16
"District Judge, 248th Judicial District",0962,10,17,27,88,30.68%,3,24,27
"District Judge, 248th Judicial District",0963,54,41,105,426,24.65%,60,40,100
"District Judge, 248th Judicial District",0964,568,437,1005,2372,42.37%,625,348,973
"District Judge, 248th Judicial District",0965,31,21,52,343,15.16%,29,23,52
"District Judge, 248th Judicial District",0966,129,83,212,1148,18.47%,80,128,208
"District Judge, 248th Judicial District",0967,15,48,63,165,38.18%,19,43,62
"District Judge, 248th Judicial District",0968,119,30,149,692,21.53%,29,118,147
"District Judge, 248th Judicial District",0969,156,73,229,604,37.91%,1,226,227
"District Judge, 248th Judicial District",0970,83,36,119,731,16.28%,17,100,117
"District Judge, 248th Judicial District",0971,11,8,19,147,12.93%,1,16,17
"District Judge, 248th Judicial District",09726,8,14,31,45.16%,13,0,13
"District Judge, 248th Judicial District",0973,24,19,43,111,38.74%,20,19,39
"District Judge, 248th Judicial District",0974,57,36,93,299,31.10%,60,31,91
"District Judge, 248th Judicial District",0975,55,30,85,193,44.04%,39,39,78
"District Judge, 248th Judicial District",0976,58,62,130,683,19.03%,86,42,128
"District Judge, 248th Judicial District",0977,50,43,93,572,16.26%,39,54,93
"District Judge, 248th Judicial District",0978,77,79,156,546,28.57%,30,123,153
"District Judge, 248th Judicial District",0979,2,6,8,27,29.63%,4,3,7
"District Judge, 248th Judicial District",0980,280,321,601,1389,43.27%,453,119,572
"District Judge, 248th Judicial District",0981,0,0,0,0,0.00%,0,0,0
"District Judge, 248th Judicial District",0982,312,312,624,1567,39.82%,510,90,600
"District Judge, 248th Judicial District",0983,11,21,32,161,19.88%,19,12,31
"District Judge, 248th Judicial District",0984,18,9,27,192,14.06%,4,22,26
"District Judge, 248th Judicial District",0985,117,63,180,351,51.28%,100,65,165
"District Judge, 248th Judicial District",0986,43,30,73,463,15.77%,11,61,72
"District Judge, 248th Judicial District",0987,231,90,321,1155,27.79%,28,284,312
"District Judge, 248th Judicial District",0988,24,12,36,123,29.27%,33,3,36
"District Judge, 248th Judicial District",09896,6,12,43,27.91%,9,3,12
"District Judge, 248th Judicial District",0990,16,1,17,140,12.14%,8,8,16
"District Judge, 248th Judicial District",0991,0,0,0,1,0.00%,0,0,0
"District Judge, 248th Judicial District",0992,157,107,264,1048,25.19%,146,105,251
"District Judge, 248th Judicial District",0993,169,101,270,568,47.54%,219,41,260
"District Judge, 248th Judicial District",0994,5,5,11,25,44.00%,2,9,11
"District Judge, 248th Judicial District",0995,295,156,451,1393,32.38%,29,414,443
"District Judge, 248th Judicial District",0996,135,140,275,694,39.63%,161,95,256
"District Judge, 248th Judicial District",0997,101,163,264,1656,15.94%,61,199,260
"District Judge, 248th Judicial District",0998,5,1,6,57,10.53%,3,3,6
"District Judge, 248th Judicial District",0999,17,10,27,68,39.71%,23,3,26
"District Judge, 248th Judicial District",1000,42,6,48,405,11.85%,12,35,47
"District Judge, 248th Judicial District",1001,228,136,364,1565,23.26%,95,252,347
"District Judge, 248th Judicial District",1002,170,139,309,1744,17.72%,56,235,291
"District Judge, 248th Judicial District",1003,1,0,1,0,0.00%,1,0,1
"District Judge, 248th Judicial District",1004,111,139,250,654,38.23%,123,109,232
"District Judge, 248th Judicial District",1005,0,8,8,0,0.00%,3,3,6
"District Judge, 248th Judicial District",1006,1,0,1,5,20.00%,1,0,1
"District Judge, 248th Judicial District",1007,208,188,396,1547,25.60%,97,282,379
"District Judge, 248th Judicial District",1008,32,12,44,151,29.14%,35,7,42
"District Judge, 248th Judicial District",1009,0,0,0,9,0.00%,0,0,0
"District Judge, 248th Judicial District",1010,59,35,94,459,20.48%,17,75,92
"District Judge, 248th Judicial District",1011,8,1,9,26,34.62%,4,4,8
"District Judge, 248th Judicial District",1012,134,201,335,1365,24.54%,102,223,325
"District Judge, 248th Judicial District",1013,0,6,6,58,10.34%,4,2,6
"District Judge, 248th Judicial District",1014,4,6,10,31,32.26%,1,9,10
"District Judge, 248th Judicial District",1015,5,4,9,25,36.00%,3,5,8
"District Judge, 248th Judicial District",1016,252,212,464,1691,27.44%,232,212,444
"District Judge, 248th Judicial District",1017,61,44,105,330,31.82%,32,71,103
"District Judge, 248th Judicial District",1018,93,64,157,494,31.78%,71,82,153
"District Judge, 248th Judicial District",1019,130,107,237,1456,16.28%,14,219,233
"District Judge, 248th Judicial District",1020,0,0,0,1,0.00%,0,0,0
"District Judge, 248th Judicial District",1021,0,0,0,2,0.00%,0,0,0
"District Judge, 248th Judicial District",1022,97,79,176,441,39.91%,132,34,166
"District Judge, 248th Judicial District",1023,430,315,745,2026,36.77%,528,186,714
"District Judge, 248th Judicial District",1024,55,61,116,249,46.59%,67,41,108
"District Judge, 248th Judicial District",1025,0,1,1,14,7.14%,1,0,1
"District Judge, 248th Judicial District",1026,0,0,0,0,0.00%,0,0,0
"District Judge, 248th Judicial District",1027,1,0,1,8,12.50%,0,1,1
"District Judge, 248th Judicial District",1028,0,0,0,0,0.00%,0,0,0
"District Judge, 248th Judicial District",1029,537,719,1256,2927,42.91%,989,222,1211
"District Judge, 248th Judicial District",1030,231,151,382,785,48.66%,331,45,376
"District Judge, 248th Judicial District",1031,59,71,130,792,16.41%,34,86,120
"District Judge, 248th Judicial District",1032,31,25,56,244,22.95%,35,17,52
"District Judge, 248th Judicial District",1033,0,0,0,0,0.00%,0,0,0
"District Judge, 248th Judicial District",1034,0,0,0,0,0.00%,0,0,0
"District Judge, 248th Judicial District",1035,2,4,6,138,4.35%,2,4,6
"District Judge, 248th Judicial District",1036,65,24,89,449,19.82%,74,14,88
"District Judge, 248th Judicial District",1037,19,11,30,76,39.47%,16,10,26
"District Judge, 248th Judicial District",1038,62,6,68,327,20.80%,9,57,66
"District Judge, 248th Judicial District",1039,2,0,2,25,8.00%,0,2,2
"District Judge, 248th Judicial District",1040,91,66,157,771,20.36%,75,76,151
"District Judge, 248th Judicial District",1041,0,2,2,0,0.00%,1,1,2
"District Judge, 248th Judicial District",1042,105,67,172,521,33.01%,55,110,165
"District Judge, 248th Judicial District",1043,5,6,12,33,36.36%,4,8,12
"District Judge, 248th Judicial District",1044,16,6,22,55,40.00%,7,15,22
"District Judge, 248th Judicial District",1045,197,173,370,1788,20.69%,48,308,356
"District Judge, 248th Judicial District",1046,11,5,16,62,25.81%,1,15,16
"District Judge, 248th Judicial District",1047,255,186,441,1568,28.13%,159,269,428
"District Judge, 248th Judicial District",1048,1,0,1,17,5.88%,1,0,1
"District Judge, 248th Judicial District",1049,14,45,59,290,20.34%,21,36,57
"District Judge, 248th Judicial District",1050,60,63,123,537,22.91%,33,85,118
"District Judge, 248th Judicial District",1051,0,31,31,0,0.00%,16,12,28
"District Judge, 248th Judicial District",1052,0,0,0,0,0.00%,0,0,0
"District Judge, 248th Judicial District",1053,0,0,0,0,0.00%,0,0,0
"District Judge, 248th Judicial District",1054,0,0,0,1,0.00%,0,0,0
"District Judge, 248th Judicial District",1055,0,0,0,0,0.00%,0,0,0
"District Judge, 248th Judicial District",1056,4,2,6,8,75.00%,2,4,6
"District Judge, 248th Judicial District",1057,7,9,16,118,13.56%,3,12,15
"District Judge, 248th Judicial District",1058,241,285,526,1243,42.32%,107,406,513
"District Judge, 248th Judicial District",1059,3,3,6,28,21.43%,0,5,5
"District Judge, 248th Judicial District",1060,5,2,7,42,16.67%,5,2,7
"District Judge, 248th Judicial District",1061,332,184,516,1716,30.07%,271,225,496
"District Judge, 248th Judicial District",1062,17,6,23,201,11.44%,5,15,20
"District Judge, 248th Judicial District",1063,66,59,125,857,14.59%,20,102,122
"District Judge, 248th Judicial District",1064,25,11,36,119,30.25%,28,8,36
"District Judge, 248th Judicial District",1065,1,0,1,28,3.57%,0,1,1
"District Judge, 248th Judicial District",1066,72,0,72,229,31.44%,3,67,70
"District Judge, 248th Judicial District",1067,0,0,0,0,0.00%,0,0,0
"District Judge, 248th Judicial District",1068,22,8,30,121,24.79%,13,16,29
"District Judge, 248th Judicial District",1069,434,256,690,2580,26.74%,312,336,648
"District Judge, 248th Judicial District",Totals:,378846,308736,687582,2044361,,357549,299725,657274
