Office,Precinct,Early Ballots Cast,Election Ballots Cast,Total Ballots Cast,Registered Voters,Percent Turnout,REP Wesley Ward,DEM Barbara Gardner,Totals
"District Judge, 234th Judicial District",0001,417,466,883,2358,37.45%,284,542,826
"District Judge, 234th Judicial District",0002,333,313,646,1961,32.94%,262,339,601
"District Judge, 234th Judicial District",0003,326,405,731,1560,46.86%,252,408,660
"District Judge, 234th Judicial District",0004,369,487,856,1668,51.32%,304,483,787
"District Judge, 234th Judicial District",0005,279,448,727,1417,51.31%,259,403,662
"District Judge, 234th Judicial District",0006,656,456,1112,3702,30.04%,633,445,1078
"District Judge, 234th Judicial District",0007,209,110,319,1017,31.37%,11,297,308
"District Judge, 234th Judicial District",0008,393,310,703,1744,40.31%,351,321,672
"District Judge, 234th Judicial District",0009,206,223,429,1874,22.89%,114,287,401
"District Judge, 234th Judicial District",0010,255,171,426,1753,24.30%,119,279,398
"District Judge, 234th Judicial District",0011,184,176,360,1785,20.17%,67,264,331
"District Judge, 234th Judicial District",0012,86,66,152,735,20.68%,86,61,147
"District Judge, 234th Judicial District",0013,548,361,909,2689,33.80%,659,211,870
"District Judge, 234th Judicial District",0014,442,495,937,1870,50.11%,492,391,883
"District Judge, 234th Judicial District",0015,597,898,1495,2878,51.95%,883,504,1387
"District Judge, 234th Judicial District",0016,239,137,376,1071,35.11%,167,185,352
"District Judge, 234th Judicial District",0017,185,215,400,1162,34.42%,175,199,374
"District Judge, 234th Judicial District",0018,371,351,722,1443,50.03%,339,337,676
"District Judge, 234th Judicial District",0019,170,207,377,1170,32.22%,118,232,350
"District Judge, 234th Judicial District",0020,311,287,598,2646,22.60%,176,399,575
"District Judge, 234th Judicial District",0021,176,184,360,1122,32.09%,72,269,341
"District Judge, 234th Judicial District",0022,397,322,719,2473,29.07%,134,563,697
"District Judge, 234th Judicial District",0023,31,22,53,541,9.80%,8,43,51
"District Judge, 234th Judicial District",0024,106,88,194,655,29.62%,13,174,187
"District Judge, 234th Judicial District",0025,104,143,247,1086,22.74%,11,231,242
"District Judge, 234th Judicial District",0026,239,277,516,1845,27.97%,131,340,471
"District Judge, 234th Judicial District",0027,463,427,890,3074,28.95%,220,621,841
"District Judge, 234th Judicial District",0028,636,405,1041,3029,34.37%,671,317,988
"District Judge, 234th Judicial District",0029,194,237,431,2638,16.34%,163,244,407
"District Judge, 234th Judicial District",0030,368,391,759,2403,31.59%,196,535,731
"District Judge, 234th Judicial District",0031,453,280,733,2511,29.19%,20,691,711
"District Judge, 234th Judicial District",0032,318,405,723,2398,30.15%,284,393,677
"District Judge, 234th Judicial District",0033,707,615,1322,3706,35.67%,409,832,1241
"District Judge, 234th Judicial District",0034,625,579,1204,2786,43.22%,286,854,1140
"District Judge, 234th Judicial District",0035,4,0,4,11,36.36%,1,3,4
"District Judge, 234th Judicial District",0036,416,318,734,2927,25.08%,193,503,696
"District Judge, 234th Judicial District",0037,542,436,978,2106,46.44%,274,636,910
"District Judge, 234th Judicial District",0038,784,589,1373,2875,47.76%,466,819,1285
"District Judge, 234th Judicial District",0039,657,575,1232,2759,44.65%,315,847,1162
"District Judge, 234th Judicial District",0040,136,152,288,541,53.23%,142,118,260
"District Judge, 234th Judicial District",0041,176,230,406,1334,30.43%,163,230,393
"District Judge, 234th Judicial District",0042,228,109,337,1071,31.47%,6,322,328
"District Judge, 234th Judicial District",0043,293,210,503,1695,29.68%,276,208,484
"District Judge, 234th Judicial District",0044,204,222,426,2001,21.29%,96,303,399
"District Judge, 234th Judicial District",0045,894,750,1644,6698,24.54%,312,1283,1595
"District Judge, 234th Judicial District",0046,290,247,537,2511,21.39%,98,412,510
"District Judge, 234th Judicial District",0047,213,218,431,1627,26.49%,14,408,422
"District Judge, 234th Judicial District",0048,157,142,299,940,31.81%,27,267,294
"District Judge, 234th Judicial District",0049,584,482,1066,3343,31.89%,780,253,1033
"District Judge, 234th Judicial District",0050,785,771,1556,5211,29.86%,841,666,1507
"District Judge, 234th Judicial District",0051,353,243,596,1689,35.29%,440,133,573
"District Judge, 234th Judicial District",0052,422,447,869,2457,35.37%,400,412,812
"District Judge, 234th Judicial District",0053,564,726,1290,2971,43.42%,523,678,1201
"District Judge, 234th Judicial District",0054,269,364,633,1487,42.57%,322,272,594
"District Judge, 234th Judicial District",0055,191,251,442,1506,29.35%,194,220,414
"District Judge, 234th Judicial District",0056,282,278,560,1326,42.23%,374,162,536
"District Judge, 234th Judicial District",0057,710,831,1541,3153,48.87%,595,823,1418
"District Judge, 234th Judicial District",0058,469,556,1025,2690,38.10%,435,540,975
"District Judge, 234th Judicial District",0059,555,609,1164,2544,45.75%,452,634,1086
"District Judge, 234th Judicial District",0060,498,564,1062,2453,43.29%,260,726,986
"District Judge, 234th Judicial District",0061,172,204,376,1773,21.21%,159,191,350
"District Judge, 234th Judicial District",0062,145,322,467,2181,21.41%,117,325,442
"District Judge, 234th Judicial District",0063,264,354,618,1826,33.84%,497,103,600
"District Judge, 234th Judicial District",0064,191,221,412,2141,19.24%,87,301,388
"District Judge, 234th Judicial District",0065,172,230,402,2167,18.55%,90,289,379
"District Judge, 234th Judicial District",0066,69,143,212,1098,19.31%,34,166,200
"District Judge, 234th Judicial District",0067,304,282,586,2794,20.97%,161,389,550
"District Judge, 234th Judicial District",0068,553,352,905,2924,30.95%,24,862,886
"District Judge, 234th Judicial District",0069,80,124,204,1284,15.89%,43,146,189
"District Judge, 234th Judicial District",0070,882,664,1546,3337,46.33%,888,536,1424
"District Judge, 234th Judicial District",0071,602,722,1324,4197,31.55%,646,604,1250
"District Judge, 234th Judicial District",0072,220,293,513,1924,26.66%,164,324,488
"District Judge, 234th Judicial District",0073,252,414,666,1555,42.83%,361,250,611
"District Judge, 234th Judicial District",0074,1153,782,1935,3583,54.01%,1513,346,1859
"District Judge, 234th Judicial District",0075,254,280,534,1444,36.98%,201,303,504
"District Judge, 234th Judicial District",0076,373,374,747,2362,31.63%,443,275,718
"District Judge, 234th Judicial District",0077,43,46,89,566,15.72%,21,65,86
"District Judge, 234th Judicial District",0078,180,201,381,1522,25.03%,129,234,363
"District Judge, 234th Judicial District",0079,205,306,511,2927,17.46%,124,347,471
"District Judge, 234th Judicial District",0080,501,351,852,2725,31.27%,207,607,814
"District Judge, 234th Judicial District",0081,183,187,370,1835,20.16%,144,204,348
"District Judge, 234th Judicial District",0082,639,671,1310,3368,38.90%,980,294,1274
"District Judge, 234th Judicial District",0083,1296,888,2184,6625,32.97%,1061,1051,2112
"District Judge, 234th Judicial District",0084,208,218,426,1373,31.03%,307,104,411
"District Judge, 234th Judicial District",0085,271,248,519,2173,23.88%,21,489,510
"District Judge, 234th Judicial District",0086,447,568,1015,2910,34.88%,455,504,959
"District Judge, 234th Judicial District",0087,574,787,1461,2818,51.85%,926,431,1357
"District Judge, 234th Judicial District",0088,123,118,241,693,34.78%,151,76,227
"District Judge, 234th Judicial District",0089,165,371,536,1094,48.99%,295,197,492
"District Judge, 234th Judicial District",0090,844,790,1634,3700,44.16%,1187,379,1566
"District Judge, 234th Judicial District",0091,219,222,441,1505,29.30%,264,160,424
"District Judge, 234th Judicial District",0092,695,462,1157,2242,51.61%,764,322,1086
"District Judge, 234th Judicial District",0093,381,301,682,3356,20.32%,269,377,646
"District Judge, 234th Judicial District",0094,51,43,94,549,17.12%,26,64,90
"District Judge, 234th Judicial District",0095,917,576,1493,3177,46.99%,1086,343,1429
"District Judge, 234th Judicial District",0096,83,83,166,1296,12.81%,21,144,165
"District Judge, 234th Judicial District",0097,1024,725,1749,4828,36.23%,1290,397,1687
"District Judge, 234th Judicial District",0098,403,488,891,2651,33.61%,734,127,861
"District Judge, 234th Judicial District",0099,254,184,438,2092,20.94%,211,215,426
"District Judge, 234th Judicial District",0100,155,173,338,1730,19.54%,177,153,330
"District Judge, 234th Judicial District",0101,72,58,130,946,13.74%,48,80,128
"District Judge, 234th Judicial District",0102,207,121,328,1872,17.52%,88,228,316
"District Judge, 234th Judicial District",0103,700,714,1414,5371,26.33%,789,587,1376
"District Judge, 234th Judicial District",0104,530,231,761,1905,39.95%,17,733,750
"District Judge, 234th Judicial District",0105,195,210,406,2165,18.75%,130,248,378
"District Judge, 234th Judicial District",0106,15,7,25,294,8.50%,16,9,25
"District Judge, 234th Judicial District",0107,154,197,351,2032,17.27%,58,278,336
"District Judge, 234th Judicial District",0108,558,272,940,3365,27.93%,564,339,903
"District Judge, 234th Judicial District",0109,529,245,774,2824,27.41%,8,750,758
"District Judge, 234th Judicial District",0110,554,494,1148,3042,37.74%,736,371,1107
"District Judge, 234th Judicial District",0111,815,795,1611,4102,39.27%,1174,372,1546
"District Judge, 234th Judicial District",0112,542,485,1027,2976,34.51%,754,236,990
"District Judge, 234th Judicial District",0113,552,429,991,2647,37.44%,600,345,945
"District Judge, 234th Judicial District",0114,707,547,1254,3311,37.87%,1007,217,1224
"District Judge, 234th Judicial District",0115,238,150,388,1800,21.56%,51,326,377
"District Judge, 234th Judicial District",0116,982,776,1758,3147,55.86%,1330,320,1650
"District Judge, 234th Judicial District",0117,215,226,441,1880,23.46%,214,205,419
"District Judge, 234th Judicial District",0118,304,123,427,759,56.26%,360,53,413
"District Judge, 234th Judicial District",0119,1288,1024,2312,5500,42.04%,1871,359,2230
"District Judge, 234th Judicial District",0120,712,422,1134,3191,35.54%,736,352,1088
"District Judge, 234th Judicial District",0121,92,178,270,848,31.84%,188,69,257
"District Judge, 234th Judicial District",0122,352,225,577,1890,30.53%,19,544,563
"District Judge, 234th Judicial District",0123,284,288,572,1392,41.09%,142,396,538
"District Judge, 234th Judicial District",0124,1734,1292,3026,7254,41.71%,2401,548,2949
"District Judge, 234th Judicial District",0125,415,332,747,2405,31.06%,455,267,722
"District Judge, 234th Judicial District",0126,893,467,1360,3100,43.87%,1201,126,1327
"District Judge, 234th Judicial District",0127,435,154,589,1836,32.08%,420,135,555
"District Judge, 234th Judicial District",0128,445,707,1152,2290,50.31%,715,339,1054
"District Judge, 234th Judicial District",0129,1030,1200,2230,5746,38.81%,1407,713,2120
"District Judge, 234th Judicial District",0130,727,523,1250,2333,53.58%,918,268,1186
"District Judge, 234th Judicial District",0131,251,259,510,1935,26.36%,119,369,488
"District Judge, 234th Judicial District",0132,593,323,916,2387,38.37%,20,876,896
"District Judge, 234th Judicial District",0133,513,858,1371,2662,51.50%,799,468,1267
"District Judge, 234th Judicial District",0134,192,265,457,1437,31.80%,203,233,436
"District Judge, 234th Judicial District",0135,727,579,1305,2671,48.90%,928,307,1235
"District Judge, 234th Judicial District",0136,503,371,874,2013,43.42%,38,812,850
"District Judge, 234th Judicial District",0137,166,141,307,716,42.88%,151,132,283
"District Judge, 234th Judicial District",0138,296,199,495,1699,29.13%,14,471,485
"District Judge, 234th Judicial District",0139,699,551,1250,3037,41.16%,547,632,1179
"District Judge, 234th Judicial District",0140,699,480,1179,3214,36.68%,143,997,1140
"District Judge, 234th Judicial District",0141,80,80,160,855,18.71%,96,55,151
"District Judge, 234th Judicial District",0142,87,103,190,902,21.06%,63,116,179
"District Judge, 234th Judicial District",0143,1962,580,2542,6386,39.81%,1837,648,2485
"District Judge, 234th Judicial District",0144,216,158,374,1093,34.22%,9,356,365
"District Judge, 234th Judicial District",0145,264,213,477,1538,31.01%,9,456,465
"District Judge, 234th Judicial District",0146,426,519,945,2008,47.06%,410,485,895
"District Judge, 234th Judicial District",0147,589,329,1018,3008,33.84%,130,862,992
"District Judge, 234th Judicial District",0148,500,780,1280,2540,50.39%,494,684,1178
"District Judge, 234th Judicial District",0149,1621,737,2358,7993,29.50%,1212,1080,2292
"District Judge, 234th Judicial District",0150,236,169,405,1256,32.25%,11,390,401
"District Judge, 234th Judicial District",0151,137,79,216,826,26.15%,10,199,209
"District Judge, 234th Judicial District",0152,213,299,512,2788,18.36%,138,354,492
"District Judge, 234th Judicial District",0153,125,206,331,1808,18.31%,107,208,315
"District Judge, 234th Judicial District",0154,249,183,432,2190,19.73%,104,306,410
"District Judge, 234th Judicial District",0155,1022,619,1641,4109,39.94%,1150,439,1589
"District Judge, 234th Judicial District",0156,799,326,1125,3071,36.63%,41,1058,1099
"District Judge, 234th Judicial District",0157,448,214,662,2236,29.61%,24,623,647
"District Judge, 234th Judicial District",0158,600,315,915,3035,30.15%,19,879,898
"District Judge, 234th Judicial District",0159,116,127,243,998,24.35%,35,201,236
"District Judge, 234th Judicial District",0160,122,73,195,696,28.02%,5,187,192
"District Judge, 234th Judicial District",0161,163,141,304,991,30.68%,5,293,298
"District Judge, 234th Judicial District",0162,101,83,184,1265,14.55%,66,106,172
"District Judge, 234th Judicial District",0163,230,320,550,3037,18.11%,233,290,523
"District Judge, 234th Judicial District",0164,182,205,387,1420,27.25%,11,369,380
"District Judge, 234th Judicial District",0165,535,483,1018,2334,43.62%,675,296,971
"District Judge, 234th Judicial District",0166,158,233,391,1028,38.04%,114,256,370
"District Judge, 234th Judicial District",0167,3,0,3,24,12.50%,0,3,3
"District Judge, 234th Judicial District",0168,92,58,150,503,29.82%,2,145,147
"District Judge, 234th Judicial District",0169,518,251,767,2513,30.52%,13,736,749
"District Judge, 234th Judicial District",0170,271,141,412,1869,22.04%,212,181,393
"District Judge, 234th Judicial District",0171,202,198,400,1604,24.94%,9,384,393
"District Judge, 234th Judicial District",0172,88,80,166,621,26.73%,62,91,153
"District Judge, 234th Judicial District",0173,817,739,1556,3599,43.23%,1248,258,1506
"District Judge, 234th Judicial District",0174,829,733,1562,3296,47.39%,1066,415,1481
"District Judge, 234th Judicial District",0175,557,749,1306,2618,49.89%,669,547,1216
"District Judge, 234th Judicial District",0176,344,451,795,1602,49.63%,412,315,727
"District Judge, 234th Judicial District",0177,278,326,604,1496,40.37%,349,220,569
"District Judge, 234th Judicial District",0178,504,365,869,1765,49.24%,610,202,812
"District Judge, 234th Judicial District",0179,256,188,444,1575,28.19%,239,184,423
"District Judge, 234th Judicial District",0180,470,343,813,2834,28.69%,23,752,775
"District Judge, 234th Judicial District",0181,175,262,437,2061,21.20%,136,278,414
"District Judge, 234th Judicial District",0182,590,974,1564,3405,45.93%,944,489,1433
"District Judge, 234th Judicial District",0183,519,794,1313,2491,52.71%,861,365,1226
"District Judge, 234th Judicial District",0184,106,135,241,994,24.25%,79,142,221
"District Judge, 234th Judicial District",0185,283,292,575,1933,29.75%,208,344,552
"District Judge, 234th Judicial District",0186,97,106,203,798,25.44%,28,170,198
"District Judge, 234th Judicial District",0187,21,25,46,311,14.79%,14,31,45
"District Judge, 234th Judicial District",0188,153,146,299,1637,18.27%,137,150,287
"District Judge, 234th Judicial District",0189,239,360,599,1465,40.89%,314,240,554
"District Judge, 234th Judicial District",0190,120,177,297,1723,17.24%,120,162,282
"District Judge, 234th Judicial District",0191,79,126,205,1366,15.01%,84,113,197
"District Judge, 234th Judicial District",0192,380,225,605,1959,30.88%,27,565,592
"District Judge, 234th Judicial District",0193,173,187,360,1074,33.52%,8,340,348
"District Judge, 234th Judicial District",0194,350,431,781,1912,40.85%,242,501,743
"District Judge, 234th Judicial District",0195,269,278,547,1694,32.29%,16,517,533
"District Judge, 234th Judicial District",0196,52,32,84,316,26.58%,4,77,81
"District Judge, 234th Judicial District",0197,543,309,852,2914,29.24%,15,822,837
"District Judge, 234th Judicial District",0198,53,74,127,642,19.78%,2,124,126
"District Judge, 234th Judicial District",0199,812,661,1473,3216,45.80%,1144,266,1410
"District Judge, 234th Judicial District",0200,982,536,1498,3382,44.29%,680,709,1389
"District Judge, 234th Judicial District",0201,98,87,185,724,25.55%,2,180,182
"District Judge, 234th Judicial District",0202,217,189,406,1464,27.73%,12,385,397
"District Judge, 234th Judicial District",0203,107,68,175,960,18.23%,38,128,166
"District Judge, 234th Judicial District",0204,818,784,1600,3487,45.88%,887,603,1490
"District Judge, 234th Judicial District",0205,484,171,635,1664,38.16%,10,615,625
"District Judge, 234th Judicial District",0206,382,462,824,2779,29.65%,232,548,780
"District Judge, 234th Judicial District",0207,285,261,528,1188,44.28%,161,334,495
"District Judge, 234th Judicial District",0208,322,262,584,2195,26.61%,171,386,557
"District Judge, 234th Judicial District",0209,0,2,2,0,0.00%,2,0,2
"District Judge, 234th Judicial District",0210,502,467,969,2533,38.26%,102,839,941
"District Judge, 234th Judicial District",0211,307,386,693,2914,23.78%,262,398,660
"District Judge, 234th Judicial District",0212,98,155,251,1300,19.31%,49,193,242
"District Judge, 234th Judicial District",0213,828,913,1739,3350,51.91%,1373,258,1831
"District Judge, 234th Judicial District",0214,404,491,895,1854,48.27%,571,275,846
"District Judge, 234th Judicial District",0215,421,711,1132,2258,50.13%,686,371,1057
"District Judge, 234th Judicial District",0216,382,223,585,1945,30.08%,33,540,573
"District Judge, 234th Judicial District",0217,844,631,1475,2678,55.08%,976,396,1372
"District Judge, 234th Judicial District",0218,391,402,793,2292,34.60%,239,491,730
"District Judge, 234th Judicial District",0219,498,436,932,2767,33.68%,45,853,898
"District Judge, 234th Judicial District",0220,325,187,512,2310,22.16%,370,128,498
"District Judge, 234th Judicial District",0221,332,369,701,2529,27.72%,299,362,661
"District Judge, 234th Judicial District",0222,823,674,1297,2501,51.86%,624,571,1195
"District Judge, 234th Judicial District",0223,583,377,940,3582,26.24%,256,626,882
"District Judge, 234th Judicial District",0224,530,456,986,2238,44.06%,465,448,913
"District Judge, 234th Judicial District",0225,378,405,781,3305,23.63%,387,367,754
"District Judge, 234th Judicial District",0226,227,307,534,2436,21.92%,127,376,503
"District Judge, 234th Judicial District",0227,558,423,981,1785,54.96%,743,161,904
"District Judge, 234th Judicial District",0228,382,195,557,1050,53.05%,26,514,540
"District Judge, 234th Judicial District",0229,31,96,127,815,15.58%,59,60,119
"District Judge, 234th Judicial District",0230,185,116,301,1089,27.64%,7,286,293
"District Judge, 234th Judicial District",0231,233,264,497,2232,22.27%,120,348,468
"District Judge, 234th Judicial District",0232,361,474,835,1760,47.44%,465,315,780
"District Judge, 234th Judicial District",0233,890,801,1691,4445,38.04%,808,751,1559
"District Judge, 234th Judicial District",0234,1192,913,2105,3993,52.72%,1608,362,1970
"District Judge, 234th Judicial District",0235,240,158,398,1356,29.35%,13,375,388
"District Judge, 234th Judicial District",0236,354,235,589,2079,28.33%,12,564,576
"District Judge, 234th Judicial District",0237,416,253,669,2161,30.96%,9,649,658
"District Judge, 234th Judicial District",0238,339,245,584,1925,30.34%,13,556,569
"District Judge, 234th Judicial District",0239,383,236,619,1964,31.52%,21,590,611
"District Judge, 234th Judicial District",0240,585,243,828,2649,31.26%,20,793,813
"District Judge, 234th Judicial District",0241,222,229,451,2372,19.01%,185,247,432
"District Judge, 234th Judicial District",0242,173,162,335,1596,20.99%,193,126,319
"District Judge, 234th Judicial District",0243,138,43,181,457,39.61%,1,179,180
"District Judge, 234th Judicial District",0244,480,425,905,3117,29.03%,493,372,865
"District Judge, 234th Judicial District",0245,945,799,1745,5828,29.94%,1218,482,1700
"District Judge, 234th Judicial District",0246,584,513,1197,3315,36.11%,854,302,1156
"District Judge, 234th Judicial District",0247,173,254,427,1582,26.99%,13,409,422
"District Judge, 234th Judicial District",0248,161,167,328,2100,15.62%,91,223,314
"District Judge, 234th Judicial District",0249,461,348,809,2719,29.75%,564,217,781
"District Judge, 234th Judicial District",0250,109,164,273,964,28.32%,8,261,269
"District Judge, 234th Judicial District",0251,278,436,714,2089,34.18%,25,675,700
"District Judge, 234th Judicial District",0252,504,312,816,2377,34.33%,15,786,801
"District Judge, 234th Judicial District",0253,379,222,601,2177,27.61%,11,578,589
"District Judge, 234th Judicial District",0254,93,112,205,1550,13.23%,65,130,195
"District Judge, 234th Judicial District",0255,525,648,1173,2482,47.26%,541,553,1094
"District Judge, 234th Judicial District",0256,575,449,1024,3254,31.47%,483,492,975
"District Judge, 234th Judicial District",0257,204,245,449,2523,17.80%,127,299,426
"District Judge, 234th Judicial District",0258,839,800,1539,3322,49.34%,1200,327,1527
"District Judge, 234th Judicial District",0259,555,382,1038,2361,43.96%,26,993,1019
"District Judge, 234th Judicial District",0260,162,145,307,1260,24.37%,176,110,286
"District Judge, 234th Judicial District",0261,124,120,244,1417,17.22%,101,134,235
"District Judge, 234th Judicial District",0262,758,600,1358,4397,30.88%,831,447,1278
"District Judge, 234th Judicial District",0263,858,712,1570,3693,42.51%,1210,305,1515
"District Judge, 234th Judicial District",0264,480,457,937,2963,31.62%,568,311,879
"District Judge, 234th Judicial District",0265,988,759,1747,3584,48.74%,1306,327,1633
"District Judge, 234th Judicial District",0266,259,257,516,2104,24.52%,254,232,486
"District Judge, 234th Judicial District",0267,146,166,312,1327,23.51%,159,133,292
"District Judge, 234th Judicial District",0268,435,717,1152,2493,46.21%,657,385,1042
"District Judge, 234th Judicial District",0269,702,453,1155,2030,56.90%,921,170,1091
"District Judge, 234th Judicial District",0270,817,672,1489,3605,41.30%,814,587,1401
"District Judge, 234th Judicial District",0271,656,382,1038,2518,41.22%,24,1001,1025
"District Judge, 234th Judicial District",0272,264,292,555,2162,25.72%,218,313,531
"District Judge, 234th Judicial District",0273,548,689,1237,2470,50.08%,1007,169,1176
"District Judge, 234th Judicial District",0274,588,346,934,2153,43.38%,638,238,876
"District Judge, 234th Judicial District",0275,207,236,443,1850,23.95%,108,322,430
"District Judge, 234th Judicial District",0276,572,231,803,2536,31.66%,11,779,790
"District Judge, 234th Judicial District",0277,170,186,356,1492,23.86%,167,176,343
"District Judge, 234th Judicial District",0278,421,320,741,2454,30.20%,415,298,713
"District Judge, 234th Judicial District",0279,250,223,473,1941,24.37%,278,174,452
"District Judge, 234th Judicial District",0280,130,188,318,1524,20.87%,128,170,298
"District Judge, 234th Judicial District",0281,655,742,1397,2633,53.06%,669,591,1260
"District Judge, 234th Judicial District",0282,314,455,769,2042,37.66%,497,231,728
"District Judge, 234th Judicial District",0283,0,0,0,0,0.00%,0,0,0
"District Judge, 234th Judicial District",0284,574,335,910,3172,28.69%,417,450,867
"District Judge, 234th Judicial District",0285,448,378,826,2540,32.52%,75,727,802
"District Judge, 234th Judicial District",0286,1255,821,2076,6170,33.65%,189,1828,2017
"District Judge, 234th Judicial District",0287,370,477,847,1621,52.25%,401,391,792
"District Judge, 234th Judicial District",0288,532,313,845,2210,38.24%,21,812,833
"District Judge, 234th Judicial District",0289,186,212,398,1564,25.45%,193,182,375
"District Judge, 234th Judicial District",0290,245,298,543,1642,33.07%,404,121,525
"District Judge, 234th Judicial District",0291,325,235,560,1225,45.71%,284,245,529
"District Judge, 234th Judicial District",0292,207,147,354,1356,26.11%,40,304,344
"District Judge, 234th Judicial District",0293,356,447,803,1759,45.65%,364,385,749
"District Judge, 234th Judicial District",0294,488,221,709,2097,33.81%,9,686,695
"District Judge, 234th Judicial District",0295,148,103,251,885,28.36%,10,238,248
"District Judge, 234th Judicial District",0296,327,340,667,1713,38.94%,386,236,622
"District Judge, 234th Judicial District",0297,280,249,529,2012,26.29%,229,266,495
"District Judge, 234th Judicial District",0298,415,358,773,2121,36.45%,455,272,727
"District Judge, 234th Judicial District",0299,178,117,295,1353,21.80%,117,158,275
"District Judge, 234th Judicial District",0300,1389,1016,2405,5406,44.49%,1898,411,2309
"District Judge, 234th Judicial District",0301,210,255,465,2352,19.77%,181,261,442
"District Judge, 234th Judicial District",0302,353,343,696,2720,25.59%,398,275,673
"District Judge, 234th Judicial District",0303,922,784,1706,3245,52.57%,1373,262,1635
"District Judge, 234th Judicial District",0304,606,505,1111,2298,48.35%,603,427,1030
"District Judge, 234th Judicial District",0305,524,432,956,4191,22.81%,406,521,927
"District Judge, 234th Judicial District",0306,649,342,991,1879,52.74%,722,213,935
"District Judge, 234th Judicial District",0307,733,670,1403,3099,45.27%,956,366,1322
"District Judge, 234th Judicial District",0308,199,130,329,1296,25.39%,113,203,316
"District Judge, 234th Judicial District",0309,708,593,1301,2524,51.55%,1036,191,1227
"District Judge, 234th Judicial District",0310,386,279,665,1435,46.34%,442,177,619
"District Judge, 234th Judicial District",0311,486,421,907,2986,30.38%,485,361,846
"District Judge, 234th Judicial District",0312,742,457,1199,3636,32.98%,783,364,1147
"District Judge, 234th Judicial District",0313,9,0,9,62,14.52%,7,2,9
"District Judge, 234th Judicial District",0314,1121,913,2034,5647,36.02%,1277,695,1972
"District Judge, 234th Judicial District",0315,478,388,866,1608,53.86%,503,307,810
"District Judge, 234th Judicial District",0316,412,341,753,1537,48.99%,414,281,695
"District Judge, 234th Judicial District",0317,248,209,457,1588,28.78%,145,289,434
"District Judge, 234th Judicial District",0318,834,568,1402,3660,38.31%,62,1302,1364
"District Judge, 234th Judicial District",0319,512,230,742,2158,34.38%,44,677,721
"District Judge, 234th Judicial District",0320,234,168,402,1537,26.15%,198,188,386
"District Judge, 234th Judicial District",0321,262,191,453,2346,19.31%,163,261,424
"District Judge, 234th Judicial District",0322,181,129,310,1226,25.29%,104,195,299
"District Judge, 234th Judicial District",0323,278,211,489,1722,28.40%,234,223,457
"District Judge, 234th Judicial District",0324,532,646,1178,2336,50.43%,718,370,1088
"District Judge, 234th Judicial District",0325,289,193,482,2112,22.82%,103,363,466
"District Judge, 234th Judicial District",0326,87,74,161,698,23.07%,76,76,152
"District Judge, 234th Judicial District",0327,380,129,509,1729,29.44%,12,487,499
"District Judge, 234th Judicial District",0328,151,140,291,1434,20.29%,125,154,279
"District Judge, 234th Judicial District",0329,189,184,373,1397,26.70%,141,214,355
"District Judge, 234th Judicial District",0330,334,253,587,1936,30.32%,329,230,559
"District Judge, 234th Judicial District",0331,0,0,0,0,0.00%,0,0,0
"District Judge, 234th Judicial District",0332,18,7,25,138,18.12%,11,11,22
"District Judge, 234th Judicial District",0333,524,714,1238,3021,40.98%,860,319,1179
"District Judge, 234th Judicial District",0334,83,42,125,742,16.85%,20,102,122
"District Judge, 234th Judicial District",0335,121,98,219,1300,16.85%,81,121,202
"District Judge, 234th Judicial District",0336,866,624,1490,4051,36.78%,132,1322,1454
"District Judge, 234th Judicial District",0337,124,103,227,1029,22.06%,40,178,218
"District Judge, 234th Judicial District",0338,730,391,1121,4934,22.72%,380,669,1049
"District Judge, 234th Judicial District",0339,202,222,424,1757,24.13%,96,300,396
"District Judge, 234th Judicial District",0340,1038,594,1632,3765,43.35%,1224,337,1561
"District Judge, 234th Judicial District",0341,91,167,258,1290,20.00%,84,166,250
"District Judge, 234th Judicial District",0342,675,605,1280,6526,19.61%,204,1046,1250
"District Judge, 234th Judicial District",0343,189,271,460,1964,23.42%,133,299,432
"District Judge, 234th Judicial District",0344,154,172,326,1160,28.10%,15,297,312
"District Judge, 234th Judicial District",0345,156,165,321,1804,17.79%,97,209,306
"District Judge, 234th Judicial District",0346,0,1,1,3,33.33%,1,0,1
"District Judge, 234th Judicial District",0347,592,436,1028,3387,30.35%,691,304,995
"District Judge, 234th Judicial District",0348,438,208,646,1708,37.82%,494,123,617
"District Judge, 234th Judicial District",0349,188,267,455,1349,33.73%,279,152,431
"District Judge, 234th Judicial District",0350,524,526,1050,2909,36.09%,415,555,970
"District Judge, 234th Judicial District",0351,1491,710,2201,4712,46.71%,1731,389,2120
"District Judge, 234th Judicial District",0352,520,339,859,3205,26.80%,624,203,827
"District Judge, 234th Judicial District",0353,665,451,1116,3862,28.90%,198,884,1082
"District Judge, 234th Judicial District",0354,715,338,1053,3388,31.08%,257,764,1021
"District Judge, 234th Judicial District",0355,301,264,565,1560,36.22%,50,501,551
"District Judge, 234th Judicial District",0356,594,538,1132,2972,38.09%,750,331,1081
"District Judge, 234th Judicial District",0357,837,575,1412,3517,40.15%,1032,329,1361
"District Judge, 234th Judicial District",0358,212,254,466,2492,18.70%,48,403,451
"District Judge, 234th Judicial District",0359,234,224,458,3061,14.96%,57,391,448
"District Judge, 234th Judicial District",0360,522,380,902,2146,42.03%,465,356,821
"District Judge, 234th Judicial District",0361,41,295,336,1673,20.08%,50,249,299
"District Judge, 234th Judicial District",0362,1138,887,2025,5086,39.82%,1484,440,1924
"District Judge, 234th Judicial District",0363,620,412,1032,3677,28.07%,462,545,1007
"District Judge, 234th Judicial District",0364,488,405,893,2658,33.60%,505,346,851
"District Judge, 234th Judicial District",0365,478,231,709,1305,54.33%,54,636,690
"District Judge, 234th Judicial District",0366,252,270,522,2454,21.27%,128,380,508
"District Judge, 234th Judicial District",0367,170,138,308,1130,27.26%,66,236,302
"District Judge, 234th Judicial District",0368,178,88,266,958,27.77%,73,182,255
"District Judge, 234th Judicial District",0369,32,29,61,559,10.91%,15,45,60
"District Judge, 234th Judicial District",0370,1532,1105,2637,6593,40.00%,1992,555,2547
"District Judge, 234th Judicial District",0371,122,52,174,502,34.66%,7,161,168
"District Judge, 234th Judicial District",0372,221,170,391,1224,31.94%,47,331,378
"District Judge, 234th Judicial District",0373,21,12,33,157,21.02%,1,30,31
"District Judge, 234th Judicial District",0374,85,93,158,738,21.41%,56,98,154
"District Judge, 234th Judicial District",0375,254,220,474,2645,17.92%,234,204,438
"District Judge, 234th Judicial District",0376,278,205,483,1910,25.29%,209,254,463
"District Judge, 234th Judicial District",0377,525,583,1109,2920,37.98%,809,246,1055
"District Judge, 234th Judicial District",0378,232,354,586,1829,32.04%,365,195,560
"District Judge, 234th Judicial District",0379,431,289,720,2027,35.52%,70,634,704
"District Judge, 234th Judicial District",0380,1299,995,2294,5666,40.49%,1253,979,2232
"District Judge, 234th Judicial District",0381,412,248,660,2855,23.12%,310,326,636
"District Judge, 234th Judicial District",0382,132,157,289,922,31.34%,210,69,279
"District Judge, 234th Judicial District",0383,289,263,552,2173,25.40%,222,312,534
"District Judge, 234th Judicial District",0384,573,373,946,2657,35.60%,194,714,908
"District Judge, 234th Judicial District",0385,583,670,1253,2207,56.77%,971,213,1184
"District Judge, 234th Judicial District",0386,662,469,1131,2922,38.71%,828,260,1088
"District Judge, 234th Judicial District",0387,555,672,1227,3935,31.18%,888,299,1187
"District Judge, 234th Judicial District",0388,1430,1010,2440,6888,35.42%,1407,963,2370
"District Judge, 234th Judicial District",0389,91,208,299,1026,29.14%,42,236,278
"District Judge, 234th Judicial District",0390,356,263,619,1480,41.82%,77,518,595
"District Judge, 234th Judicial District",0391,508,260,768,1883,40.79%,481,249,730
"District Judge, 234th Judicial District",0392,387,155,542,1446,37.48%,7,527,534
"District Judge, 234th Judicial District",0393,165,185,350,1292,27.09%,158,182,340
"District Judge, 234th Judicial District",0394,69,73,142,834,17.03%,72,63,135
"District Judge, 234th Judicial District",0395,469,404,873,1846,47.29%,630,195,825
"District Judge, 234th Judicial District",0396,622,216,838,2082,40.25%,21,805,826
"District Judge, 234th Judicial District",0397,86,78,164,760,21,58%,79,81,160
"District Judge, 234th Judicial District",0398,615,521,1136,4022,28.24%,609,502,1111
"District Judge, 234th Judicial District",0399,402,366,768,2791,27.52%,421,328,749
"District Judge, 234th Judicial District",0400,620,359,979,2411,40.61%,708,221,929
"District Judge, 234th Judicial District",0401,330,205,535,1913,27.97%,19,506,525
"District Judge, 234th Judicial District",0402,466,266,732,1794,40.80%,37,679,716
"District Judge, 234th Judicial District",0403,475,498,973,1715,56.73%,529,358,887
"District Judge, 234th Judicial District",0404,419,330,749,2585,28.97%,441,279,720
"District Judge, 234th Judicial District",0405,0,0,0,0,0.00%,0,0,0
"District Judge, 234th Judicial District",0406,137,67,204,628,32.48%,3,198,201
"District Judge, 234th Judicial District",0407,688,793,1481,3769,39.29%,993,401,1394
"District Judge, 234th Judicial District",0408,146,153,299,1691,17.68%,143,141,284
"District Judge, 234th Judicial District",0409,122,149,271,1459,18.57%,110,151,261
"District Judge, 234th Judicial District",0410,132,80,212,899,23.58%,43,160,203
"District Judge, 234th Judicial District",0411,235,200,435,2339,18.60%,159,261,420
"District Judge, 234th Judicial District",0412,74,44,118,468,25.21%,8,105,113
"District Judge, 234th Judicial District",0413,767,386,1153,2992,38.54%,457,650,1107
"District Judge, 234th Judicial District",0414,654,480,1134,3453,32.84%,873,221,1094
"District Judge, 234th Judicial District",0415,539,598,1137,2203,51.61%,758,332,1090
"District Judge, 234th Judicial District",0416,538,558,1096,3791,28.91%,609,447,1056
"District Judge, 234th Judicial District",041,7,353,385,738,2448,30.15%,370,333,703
"District Judge, 234th Judicial District",0418,403,469,872,3584,24.33%,360,472,832
"District Judge, 234th Judicial District",0419,571,324,895,2658,33.67%,596,261,857
"District Judge, 234th Judicial District",0420,1036,874,1910,4762,40.11%,1558,282,1840
"District Judge, 234th Judicial District",0421,36,37,73,410,17.80%,23,45,68
"District Judge, 234th Judicial District",0422,731,402,1133,3345,33.87%,29,1083,1112
"District Judge, 234th Judicial District",0423,108,120,228,1376,16.57%,73,145,218
"District Judge, 234th Judicial District",0424,240,111,351,967,36.30%,208,124,332
"District Judge, 234th Judicial District",0425,107,123,230,883,26.05%,89,133,222
"District Judge, 234th Judicial District",0426,260,183,443,1218,36.37%,255,164,419
"District Judge, 234th Judicial District",0427,179,134,313,1092,28.66%,136,154,290
"District Judge, 234th Judicial District",0428,619,421,1040,4538,22.92%,330,635,965
"District Judge, 234th Judicial District",0429,445,314,759,3197,23.74%,211,509,720
"District Judge, 234th Judicial District",0430,161,133,294,1657,17.74%,85,194,279
"District Judge, 234th Judicial District",0431,327,84,411,3417,12.03%,149,244,393
"District Judge, 234th Judicial District",0432,123,157,280,1455,19.24%,105,163,268
"District Judge, 234th Judicial District",0433,50,63,113,581,19.45%,24,86,110
"District Judge, 234th Judicial District",0434,370,289,659,1503,43.85%,421,199,620
"District Judge, 234th Judicial District",0435,855,636,1491,3252,45.85%,973,440,1413
"District Judge, 234th Judicial District",0436,629,531,1160,2933,39.55%,718,377,1095
"District Judge, 234th Judicial District",0437,521,512,1033,2033,50.81%,725,246,971
"District Judge, 234th Judicial District",0438,517,389,1006,1861,54.06%,766,180,946
"District Judge, 234th Judicial District",0439,710,884,1594,3554,44.85%,1162,343,1505
"District Judge, 234th Judicial District",0440,664,858,1522,2930,51.95%,1207,232,1439
"District Judge, 234th Judicial District",0441,345,420,765,1669,45.84%,583,135,718
"District Judge, 234th Judicial District",0442,612,574,1186,2575,46.06%,978,163,1141
"District Judge, 234th Judicial District",0443,225,138,354,646,56.35%,260,85,345
"District Judge, 234th Judicial District",0444,587,583,1270,3262,38.93%,807,385,1192
"District Judge, 234th Judicial District",0445,499,348,847,2026,41.81%,575,237,812
"District Judge, 234th Judicial District",0446,31,22,53,291,18.21%,24,25,49
"District Judge, 234th Judicial District",0447,93,86,179,637,28.10%,52,119,171
"District Judge, 234th Judicial District",0448,590,778,1368,3138,43.59%,753,529,1282
"District Judge, 234th Judicial District",0449,12,23,35,198,17.68%,4,30,34
"District Judge, 234th Judicial District",0450,435,328,763,2635,28.96%,241,492,733
"District Judge, 234th Judicial District",0451,1002,510,1512,2687,56.27%,1236,212,1448
"District Judge, 234th Judicial District",0452,554,444,998,3048,32.74%,734,231,965
"District Judge, 234th Judicial District",0453,231,262,493,1937,25.45%,194,277,471
"District Judge, 234th Judicial District",0454,594,248,842,2561,32.88%,9,820,829
"District Judge, 234th Judicial District",0455,367,165,532,1689,31.50%,21,504,525
"District Judge, 234th Judicial District",0456,482,362,844,3513,24.03%,494,328,822
"District Judge, 234th Judicial District",0457,0,0,0,0,0.00%,0,0,0
"District Judge, 234th Judicial District",0458,471,237,708,1924,36.80%,28,661,689
"District Judge, 234th Judicial District",0459,951,474,1425,3021,47.17%,1122,250,1372
"District Judge, 234th Judicial District",0460,554,331,885,2837,31.19%,229,640,869
"District Judge, 234th Judicial District",0461,1155,735,1900,3871,49.08%,1327,450,1777
"District Judge, 234th Judicial District",0462,674,619,1293,3384,38.21%,474,759,1233
"District Judge, 234th Judicial District",0463,480,404,884,3326,26.58%,409,448,857
"District Judge, 234th Judicial District",0464,356,430,786,2257,34.82%,563,199,762
"District Judge, 234th Judicial District",0465,687,520,1207,3564,33.87%,687,481,1168
"District Judge, 234th Judicial District",0466,1058,614,1672,4184,39.96%,984,636,1620
"District Judge, 234th Judicial District",0467,213,189,402,1270,31.65%,98,294,392
"District Judge, 234th Judicial District",0468,352,443,795,3598,22.10%,248,519,767
"District Judge, 234th Judicial District",0469,1294,547,1841,3985,46.20%,1466,297,1763
"District Judge, 234th Judicial District",0470,185,176,361,1326,27.22%,269,73,342
"District Judge, 234th Judicial District",0471,375,380,755,2387,31.63%,600,134,734
"District Judge, 234th Judicial District",0472,198,278,476,1081,44.03%,203,238,441
"District Judge, 234th Judicial District",0473,599,391,990,1806,54.82%,691,250,941
"District Judge, 234th Judicial District",0474,559,588,1147,3037,37.77%,791,315,1106
"District Judge, 234th Judicial District",0475,189,267,456,1809,25.21%,217,223,440
"District Judge, 234th Judicial District",0476,404,473,877,2430,36.09%,487,357,844
"District Judge, 234th Judicial District",0477,737,567,1304,3505,37.20%,979,278,1257
"District Judge, 234th Judicial District",0478,958,657,1615,4461,36.20%,1092,452,1544
"District Judge, 234th Judicial District",0479,638,612,1250,2714,46.06%,927,274,1201
"District Judge, 234th Judicial District",0480,493,450,943,2415,39.05%,679,227,906
"District Judge, 234th Judicial District",0481,770,623,1393,3482,40.01%,1063,273,1336
"District Judge, 234th Judicial District",0482,878,630,1508,4373,34.48%,1084,370,1454
"District Judge, 234th Judicial District",0483,1042,478,1520,4308,35.28%,890,572,1462
"District Judge, 234th Judicial District",0484,1107,930,2037,4979,40.91%,1468,505,1973
"District Judge, 234th Judicial District",0485,1095,911,2006,5388,37.23%,1555,395,1950
"District Judge, 234th Judicial District",0486,873,855,1728,3866,44.70%,1355,304,1659
"District Judge, 234th Judicial District",0487,570,294,864,3860,22.38%,311,481,792
"District Judge, 234th Judicial District",0488,268,254,522,1719,30.37%,195,292,487
"District Judge, 234th Judicial District",0489,350,290,640,1893,33.81%,214,396,610
"District Judge, 234th Judicial District",0490,444,368,812,1975,41.11%,283,497,780
"District Judge, 234th Judicial District",0491,314,372,686,1888,36.33%,407,250,657
"District Judge, 234th Judicial District",0492,556,410,966,2335,41.37%,590,331,921
"District Judge, 234th Judicial District",0493,479,322,801,1853,43.23%,540,218,758
"District Judge, 234th Judicial District",0494,381,247,628,2467,25.46%,78,537,615
"District Judge, 234th Judicial District",0495,522,523,1045,2375,44.00%,749,237,986
"District Judge, 234th Judicial District",0496,190,315,505,2160,23.38%,191,297,488
"District Judge, 234th Judicial District",0497,526,243,769,2257,34.07%,25,725,750
"District Judge, 234th Judicial District",0498,363,323,686,2297,29.87%,303,368,671
"District Judge, 234th Judicial District",0499,750,518,1268,2326,54.51%,938,261,1199
"District Judge, 234th Judicial District",0500,729,715,1444,3507,41.17%,1003,385,1388
"District Judge, 234th Judicial District",0501,341,417,758,1801,42.09%,278,429,707
"District Judge, 234th Judicial District",0502,477,350,827,2501,33.07%,670,128,798
"District Judge, 234th Judicial District",0503,174,116,290,1374,21.11%,108,162,270
"District Judge, 234th Judicial District",0504,524,527,1151,2288,50.31%,744,338,1082
"District Judge, 234th Judicial District",0505,531,562,1193,3773,31.62%,531,593,1124
"District Judge, 234th Judicial District",0506,665,670,1335,3502,38.12%,233,1054,1287
"District Judge, 234th Judicial District",0507,221,149,370,2452,15.09%,74,227,301
"District Judge, 234th Judicial District",0508,492,412,904,3287,27.50%,342,500,842
"District Judge, 234th Judicial District",0509,753,596,1349,3732,36.15%,938,348,1286
"District Judge, 234th Judicial District",0510,687,514,1201,3590,33.45%,608,544,1152
"District Judge, 234th Judicial District",0511,0,0,0,0,0.00%,0,0,0
"District Judge, 234th Judicial District",0512,602,660,1262,5057,24.96%,601,626,1227
"District Judge, 234th Judicial District",0513,1019,487,1506,2894,52.04%,1168,272,1440
"District Judge, 234th Judicial District",0514,953,720,1673,4275,39.13%,1271,344,1615
"District Judge, 234th Judicial District",0515,942,683,1625,3455,47.03%,1307,248,1555
"District Judge, 234th Judicial District",0516,1000,800,1800,5356,33.61%,943,783,1726
"District Judge, 234th Judicial District",0517,481,256,737,2954,24.95%,420,294,714
"District Judge, 234th Judicial District",0518,635,693,1328,3943,33.68%,876,397,1273
"District Judge, 234th Judicial District",0519,623,493,1116,2966,37.63%,826,249,1075
"District Judge, 234th Judicial District",0520,473,457,930,4580,20.31%,170,741,911
"District Judge, 234th Judicial District",0521,471,464,935,2866,32.62%,505,396,901
"District Judge, 234th Judicial District",0522,715,572,1,288,2689,47.90%,998,246,1244
"District Judge, 234th Judicial District",0523,751,415,1166,3052,38.20%,794,322,1116
"District Judge, 234th Judicial District",0524,567,459,1026,3410,30.09%,358,631,989
"District Judge, 234th Judicial District",0525,707,482,1189,3091,38.47%,269,866,1135
"District Judge, 234th Judicial District",0526,58,84,152,780,19.49%,46,96,142
"District Judge, 234th Judicial District",0527,37,40,77,574,13.41%,41,32,73
"District Judge, 234th Judicial District",0528,14,12,26,90,28.89%,2,23,25
"District Judge, 234th Judicial District",0529,1043,491,1534,3710,41.35%,1319,158,1477
"District Judge, 234th Judicial District",0530,114,107,221,1196,18.48%,53,152,205
"District Judge, 234th Judicial District",0531,363,174,537,1145,46.90%,416,101,517
"District Judge, 234th Judicial District",0532,205,146,351,1048,33.49%,253,89,342
"District Judge, 234th Judicial District",0533,124,108,232,1119,20.73%,137,84,221
"District Judge, 234th Judicial District",0534,783,524,1,307,3837,34.06%,990,261,1251
"District Judge, 234th Judicial District",0535,33,29,62,416,14.90%,30,30,60
"District Judge, 234th Judicial District",0536,554,780,1334,5139,25.96%,514,774,1288
"District Judge, 234th Judicial District",0537,855,778,1633,3050,53.54%,1196,367,1563
"District Judge, 234th Judicial District",0538,204,160,364,1303,27.94%,7,350,357
"District Judge, 234th Judicial District",0539,15,241,256,64,400.00%,73,164,237
"District Judge, 234th Judicial District",0540,378,316,694,1567,44.29%,284,356,640
"District Judge, 234th Judicial District",0541,784,505,1289,4599,28.03%,186,1047,1233
"District Judge, 234th Judicial District",0542,360,382,742,2557,29.02%,44,667,711
"District Judge, 234th Judicial District",0543,141,213,354,1565,22.62%,115,219,334
"District Judge, 234th Judicial District",0544,35,41,77,310,24.84%,12,63,75
"District Judge, 234th Judicial District",0545,596,620,1216,3629,33.51%,618,551,1169
"District Judge, 234th Judicial District",0546,2,2,4,37,10.81%,2,1,3
"District Judge, 234th Judicial District",0547,501,466,967,2406,40.19%,673,253,926
"District Judge, 234th Judicial District",0548,286,293,579,2215,26.14%,305,259,564
"District Judge, 234th Judicial District",0549,343,418,761,2663,28.58%,108,637,745
"District Judge, 234th Judicial District",0550,501,431,932,3031,30.75%,530,373,903
"District Judge, 234th Judicial District",0551,1288,1394,2682,7034,38.13%,2024,584,2608
"District Judge, 234th Judicial District",0552,847,883,1730,3415,50.66%,1446,230,1676
"District Judge, 234th Judicial District",0553,578,529,1107,4686,23.62%,498,580,1078
"District Judge, 234th Judicial District",0554,261,199,460,1757,26.18%,97,329,426
"District Judge, 234th Judicial District",0555,225,277,502,2219,22.62%,110,375,485
"District Judge, 234th Judicial District",0556,276,186,462,2319,19.92%,137,310,447
"District Judge, 234th Judicial District",0557,455,183,638,2830,22.54%,264,298,562
"District Judge, 234th Judicial District",0558,693,463,1156,4380,26.39%,405,707,1112
"District Judge, 234th Judicial District",0559,640,494,1134,4969,22.82%,343,750,1093
"District Judge, 234th Judicial District",0560,72,131,203,1120,18.13%,53,135,188
"District Judge, 234th Judicial District",0561,362,436,798,3064,26.04%,479,285,764
"District Judge, 234th Judicial District",0562,113,68,181,694,26.08%,25,152,177
"District Judge, 234th Judicial District",0563,1107,376,1483,3105,47.76%,1164,257,1421
"District Judge, 234th Judicial District",0564,470,426,896,3155,28.40%,233,621,854
"District Judge, 234th Judicial District",0565,108,78,186,1354,13.74%,41,132,173
"District Judge, 234th Judicial District",0566,417,324,741,2882,25.71%,225,495,720
"District Judge, 234th Judicial District",0567,301,193,494,2238,22.07%,162,290,452
"District Judge, 234th Judicial District",0568,876,685,1561,3594,43.43%,1026,449,1475
"District Judge, 234th Judicial District",0569,572,667,1239,3525,35.15%,672,497,1169
"District Judge, 234th Judicial District",0570,238,210,448,1562,28.68%,155,259,414
"District Judge, 234th Judicial District",0571,155,149,304,1827,16.64%,119,175,294
"District Judge, 234th Judicial District",0572,555,375,930,3108,29.92%,479,410,889
"District Judge, 234th Judicial District",0573,290,151,441,1619,27.24%,6,427,433
"District Judge, 234th Judicial District",0574,31,42,73,402,18.16%,8,64,72
"District Judge, 234th Judicial District",0575,13,11,24,74,32.43%,19,4,23
"District Judge, 234th Judicial District",0576,485,318,803,2734,29.37%,26,760,786
"District Judge, 234th Judicial District",0577,147,88,235,608,38.65%,144,82,226
"District Judge, 234th Judicial District",0578,409,538,947,1799,52.64%,575,320,895
"District Judge, 234th Judicial District",0579,75,101,176,1056,16.67%,34,134,168
"District Judge, 234th Judicial District",0580,179,118,297,1031,28.81%,4,284,288
"District Judge, 234th Judicial District",0581,212,174,386,1032,37.40%,7,367,374
"District Judge, 234th Judicial District",0582,258,171,429,1588,27.02%,22,396,418
"District Judge, 234th Judicial District",0583,225,131,356,1262,28.21%,14,332,346
"District Judge, 234th Judicial District",0584,182,93,275,1014,27.12%,11,258,269
"District Judge, 234th Judicial District",0585,417,172,589,2511,23.46%,14,569,583
"District Judge, 234th Judicial District",0586,638,680,1318,4316,30.54%,796,475,1271
"District Judge, 234th Judicial District",0587,436,284,720,2598,27.71%,286,415,701
"District Judge, 234th Judicial District",0588,758,674,1432,3645,39.29%,1018,367,1385
"District Judge, 234th Judicial District",0589,500,386,886,3420,25.91%,490,371,861
"District Judge, 234th Judicial District",0590,772,399,1171,2162,54.16%,923,208,1131
"District Judge, 234th Judicial District",0591,183,231,414,2121,19.52%,118,279,397
"District Judge, 234th Judicial District",0592,133,157,290,1350,21.48%,79,199,278
"District Judge, 234th Judicial District",0593,543,564,1107,4380,25.27%,538,520,1058
"District Judge, 234th Judicial District",0594,561,326,887,2490,35.62%,252,606,858
"District Judge, 234th Judicial District",0595,201,178,379,1693,22.39%,69,302,371
"District Judge, 234th Judicial District",0596,441,348,789,3007,26.24%,439,324,763
"District Judge, 234th Judicial District",0597,367,394,761,3653,20.83%,324,425,749
"District Judge, 234th Judicial District",0598,195,57,252,728,34.62%,205,42,247
"District Judge, 234th Judicial District",0599,850,578,1428,4950,28.85%,510,872,1382
"District Judge, 234th Judicial District",0600,667,429,1096,3957,27.70%,437,606,1043
"District Judge, 234th Judicial District",0601,1073,756,1829,4057,45.08%,1399,365,1764
"District Judge, 234th Judicial District",0602,293,235,528,1326,39.82%,387,127,514
"District Judge, 234th Judicial District",0603,884,794,1678,4843,34.65%,1073,571,1644
"District Judge, 234th Judicial District",0604,702,518,1220,3005,40.60%,1005,176,1181
"District Judge, 234th Judicial District",0605,907,556,1463,5582,26.21%,358,1063,1421
"District Judge, 234th Judicial District",0606,176,70,246,937,26.25%,3,239,242
"District Judge, 234th Judicial District",0607,62,51,113,728,15.52%,12,95,107
"District Judge, 234th Judicial District",0608,31,47,78,537,14.53%,43,29,72
"District Judge, 234th Judicial District",0609,667,680,1347,3384,39.80%,842,439,1281
"District Judge, 234th Judicial District",0610,231,188,419,1927,21.74%,213,174,387
"District Judge, 234th Judicial District",0611,495,242,737,2488,29.62%,22,701,723
"District Judge, 234th Judicial District",0612,996,497,1493,3307,45.15%,1121,293,1414
"District Judge, 234th Judicial District",0613,186,204,390,1554,25.10%,65,315,380
"District Judge, 234th Judicial District",0614,737,566,1303,4207,30.97%,501,756,1257
"District Judge, 234th Judicial District",0615,480,299,779,1967,39.60%,500,258,758
"District Judge, 234th Judicial District",0616,739,663,1402,3436,40.80%,991,360,1351
"District Judge, 234th Judicial District",0617,541,393,934,3809,24.52%,389,524,913
"District Judge, 234th Judicial District",0618,946,567,1513,6003,25.20%,764,704,1468
"District Judge, 234th Judicial District",0619,1219,803,2022,4297,47.06%,1498,428,1926
"District Judge, 234th Judicial District",0620,689,264,953,2897,32.90%,605,306,911
"District Judge, 234th Judicial District",0621,154,101,255,1133,22.51%,135,107,242
"District Judge, 234th Judicial District",0622,881,524,1405,4403,31.91%,861,495,1356
"District Judge, 234th Judicial District",0623,887,487,1374,3691,37.23%,929,386,1315
"District Judge, 234th Judicial District",0624,1,1,2,3,66.67%,1,1,2
"District Judge, 234th Judicial District",0625,477,362,839,1820,46.10%,489,301,790
"District Judge, 234th Judicial District",0626,581,440,1021,2861,35.69%,566,399,965
"District Judge, 234th Judicial District",0627,346,322,668,3049,21.91%,238,398,636
"District Judge, 234th Judicial District",0628,152,219,371,1675,22.15%,194,164,358
"District Judge, 234th Judicial District",0629,37,53,90,696,12.93%,15,74,89
"District Judge, 234th Judicial District",0630,974,600,1574,3905,40.31%,119,1417,1536
"District Judge, 234th Judicial District",0631,822,404,1226,2846,43.08%,900,284,1184
"District Judge, 234th Judicial District",0632,7,4,11,343,3.21%,4,7,11
"District Judge, 234th Judicial District",0633,943,731,1674,3559,47.04%,1190,425,1615
"District Judge, 234th Judicial District",0634,458,442,900,3029,29.71%,598,273,871
"District Judge, 234th Judicial District",0635,743,485,1228,3393,36.19%,927,269,1196
"District Judge, 234th Judicial District",0636,835,874,1710,4140,41.30%,1475,185,1660
"District Judge, 234th Judicial District",0637,409,362,771,2512,30.69%,178,539,717
"District Judge, 234th Judicial District",0638,304,245,549,2204,24.91%,44,483,527
"District Judge, 234th Judicial District",0639,549,547,1096,2526,43.39%,885,167,1052
"District Judge, 234th Judicial District",0640,641,459,1100,3733,29.47%,692,379,1071
"District Judge, 234th Judicial District",0641,649,596,1245,3650,34.11%,828,372,1200
"District Judge, 234th Judicial District",0642,471,394,865,1764,49.04%,696,130,826
"District Judge, 234th Judicial District",0643,934,653,1587,5945,26.69%,616,923,1539
"District Judge, 234th Judicial District",0644,1019,823,1842,5523,33.35%,1213,554,1767
"District Judge, 234th Judicial District",0645,654,594,1248,4185,29.82%,682,511,1193
"District Judge, 234th Judicial District",0646,364,287,651,2220,29.32%,204,409,613
"District Judge, 234th Judicial District",0647,904,470,1374,6084,22.58%,373,889,1262
"District Judge, 234th Judicial District",0648,838,579,1417,3367,42.08%,1019,352,1371
"District Judge, 234th Judicial District",0649,687,434,1121,4576,24.50%,372,683,1055
"District Judge, 234th Judicial District",0650,906,766,1672,3888,43.00%,1201,394,1595
"District Judge, 234th Judicial District",0651,963,766,1729,5128,33.72%,1101,554,1655
"District Judge, 234th Judicial District",0652,467,515,982,2815,34.88%,168,779,947
"District Judge, 234th Judicial District",0653,0,4,4,0,0.00%,0,4,4
"District Judge, 234th Judicial District",0654,950,1005,1955,6208,31.49%,1078,809,1887
"District Judge, 234th Judicial District",0655,1115,1079,2195,6855,32.02%,1375,736,2111
"District Judge, 234th Judicial District",0656,579,393,972,2674,36.35%,38,913,951
"District Judge, 234th Judicial District",0657,246,172,418,1292,32.35%,170,232,402
"District Judge, 234th Judicial District",0658,540,426,966,2807,34.41%,627,314,941
"District Judge, 234th Judicial District",0659,1149,788,1937,4856,39.89%,1393,491,1884
"District Judge, 234th Judicial District",0660,950,825,1775,5372,33.04%,165,1569,1734
"District Judge, 234th Judicial District",0661,675,765,1440,4567,31.53%,841,545,1386
"District Judge, 234th Judicial District",0662,1148,890,2038,4874,41.81%,1623,352,1975
"District Judge, 234th Judicial District",0663,717,797,1514,3346,45.25%,750,664,1414
"District Judge, 234th Judicial District",0664,352,250,602,2869,20.98%,132,444,576
"District Judge, 234th Judicial District",0665,482,348,830,2154,38.53%,692,113,805
"District Judge, 234th Judicial District",0666,0,0,0,0,0.00%,0,0,0
"District Judge, 234th Judicial District",0667,488,502,990,2149,46.07%,778,170,948
"District Judge, 234th Judicial District",0668,399,509,908,2775,32.72%,595,287,882
"District Judge, 234th Judicial District",0669,850,738,1588,3425,46.36%,1150,374,1524
"District Judge, 234th Judicial District",0670,955,471,1427,2983,47.84%,1143,236,1379
"District Judge, 234th Judicial District",0671,403,565,968,3037,31.87%,594,335,929
"District Judge, 234th Judicial District",0672,959,862,1821,5706,31.91%,1239,532,1771
"District Judge, 234th Judicial District",0673,729,516,1245,2995,41.57%,985,208,1193
"District Judge, 234th Judicial District",0674,1071,618,1689,4091,41.29%,1255,373,1628
"District Judge, 234th Judicial District",0675,0,1,1,0,0.00%,1,0,1
"District Judge, 234th Judicial District",0676,0,0,0,0,0.00%,0,0,0
"District Judge, 234th Judicial District",0677,127,127,254,1266,20.06%,92,147,239
"District Judge, 234th Judicial District",0678,166,108,274,735,37.28%,174,82,256
"District Judge, 234th Judicial District",0679,635,520,1155,3381,34.16%,869,238,1107
"District Judge, 234th Judicial District",0680,21,14,35,162,21.60%,13,22,35
"District Judge, 234th Judicial District",0681,1,0,1,5,20.00%,1,0,1
"District Judge, 234th Judicial District",0682,711,654,1365,4216,32.38%,1003,317,1320
"District Judge, 234th Judicial District",0683,29,20,49,276,17.75%,8,37,45
"District Judge, 234th Judicial District",0684,27,22,49,223,21.97%,25,22,47
"District Judge, 234th Judicial District",0685,110,29,139,307,45.28%,63,67,130
"District Judge, 234th Judicial District",0686,17,12,29,208,13.94%,12,16,28
"District Judge, 234th Judicial District",0687,549,537,1086,2609,41.63%,728,294,1022
"District Judge, 234th Judicial District",0688,999,617,1616,3504,46.12%,1299,262,1561
"District Judge, 234th Judicial District",0689,211,387,598,2346,25.49%,297,273,570
"District Judge, 234th Judicial District",0690,926,1104,2030,5102,39.79%,1643,324,1967
"District Judge, 234th Judicial District",0691,2,5,7,25,28.00%,3,4,7
"District Judge, 234th Judicial District",0692,444,548,992,2847,34.84%,749,204,953
"District Judge, 234th Judicial District",0693,167,91,258,666,38.74%,70,177,247
"District Judge, 234th Judicial District",0694,260,120,380,845,44.97%,259,97,356
"District Judge, 234th Judicial District",0695,232,193,425,1724,24.65%,271,141,412
"District Judge, 234th Judicial District",0696,261,207,468,1982,23.61%,297,153,450
"District Judge, 234th Judicial District",0697,605,613,1218,4413,27.60%,301,875,1176
"District Judge, 234th Judicial District",0698,448,489,937,3189,29.38%,102,812,914
"District Judge, 234th Judicial District",0699,568,414,982,2343,41.91%,660,265,925
"District Judge, 234th Judicial District",0700,255,251,506,1371,36.91%,424,64,488
"District Judge, 234th Judicial District",0701,56,43,99,588,16.84%,62,32,94
"District Judge, 234th Judicial District",0702,54,70,134,539,24.86%,18,114,132
"District Judge, 234th Judicial District",0703,372,490,862,1882,45.80%,629,194,823
"District Judge, 234th Judicial District",0704,569,599,1168,3064,38.12%,947,177,1124
"District Judge, 234th Judicial District",0705,114,113,227,1523,14.90%,30,191,221
"District Judge, 234th Judicial District",0706,115,71,186,610,30.49%,92,82,174
"District Judge, 234th Judicial District",0707,153,86,239,707,33.80%,157,69,226
"District Judge, 234th Judicial District",0708,54,52,106,563,18.83%,50,47,97
"District Judge, 234th Judicial District",0709,1375,947,2322,6848,33.91%,1408,855,2263
"District Judge, 234th Judicial District",0710,371,462,833,2082,40.01%,458,318,776
"District Judge, 234th Judicial District",0711,702,506,1208,3484,34.67%,741,405,1146
"District Judge, 234th Judicial District",0712,491,463,954,3670,25.99%,405,530,935
"District Judge, 234th Judicial District",0713,228,262,490,1907,25.69%,246,224,470
"District Judge, 234th Judicial District",0714,35,19,55,296,18.58%,33,19,52
"District Judge, 234th Judicial District",0715,176,187,363,1408,25.78%,206,138,344
"District Judge, 234th Judicial District",0716,449,407,856,2680,31.94%,599,232,831
"District Judge, 234th Judicial District",0717,373,250,623,2002,31.12%,71,538,609
"District Judge, 234th Judicial District",0718,1017,806,1823,4229,43.11%,1284,440,1724
"District Judge, 234th Judicial District",0719,247,137,384,1589,24.17%,234,137,371
"District Judge, 234th Judicial District",0720,994,780,1774,4282,41.43%,1333,382,1715
"District Judge, 234th Judicial District",0721,754,532,1286,2870,44.81%,848,375,1223
"District Judge, 234th Judicial District",0722,871,494,1365,4479,30.48%,102,1225,1327
"District Judge, 234th Judicial District",0723,401,202,603,1858,32.45%,130,455,585
"District Judge, 234th Judicial District",0724,151,128,279,766,36.42%,209,55,264
"District Judge, 234th Judicial District",0725,423,237,660,2237,29.50%,311,327,638
"District Judge, 234th Judicial District",0726,592,402,994,2087,47.63%,869,101,970
"District Judge, 234th Judicial District",0727,338,290,628,2488,25.24%,204,387,591
"District Judge, 234th Judicial District",0728,209,151,360,880,40.91%,216,126,342
"District Judge, 234th Judicial District",0729,136,59,195,464,42.03%,122,69,191
"District Judge, 234th Judicial District",0730,428,359,787,1747,45.05%,510,235,745
"District Judge, 234th Judicial District",0731,58,27,85,352,24.15%,25,58,83
"District Judge, 234th Judicial District",0732,441,324,765,1924,39.76%,473,252,725
"District Judge, 234th Judicial District",0733,13,7,20,215,9.30%,8,11,19
"District Judge, 234th Judicial District",0734,1558,962,2520,7005,35.97%,1748,703,2451
"District Judge, 234th Judicial District",0735,8,0,6,18,33.33%,5,1,6
"District Judge, 234th Judicial District",0736,3,1,4,22,18.18%,0,3,3
"District Judge, 234th Judicial District",0737,11,7,18,51,35.29%,13,5,18
"District Judge, 234th Judicial District",0738,139,100,239,1361,17.56%,46,188,234
"District Judge, 234th Judicial District",0739,353,301,654,2955,22.13%,340,287,627
"District Judge, 234th Judicial District",0740,96,98,194,939,20.66%,127,59,186
"District Judge, 234th Judicial District",0741,0,1,1,0,0.00%,0,0,0
"District Judge, 234th Judicial District",0742,0,11,11,0,0.00%,6,5,11
"District Judge, 234th Judicial District",0743,15,18,33,210,15.71%,16,14,30
"District Judge, 234th Judicial District",0744,456,392,848,2027,41.84%,556,247,803
"District Judge, 234th Judicial District",0745,683,372,1055,2494,42.30%,642,356,998
"District Judge, 234th Judicial District",0746,114,77,191,691,27.64%,90,97,187
"District Judge, 234th Judicial District",0747,550,467,1017,3743,27.17%,496,493,989
"District Judge, 234th Judicial District",0748,170,140,310,1403,22.10%,161,139,300
"District Judge, 234th Judicial District",0749,30,17,47,377,12.47%,9,36,45
"District Judge, 234th Judicial District",0750,111,96,207,767,26.99%,127,77,204
"District Judge, 234th Judicial District",0751,925,964,1889,5084,37.16%,1240,577,1817
"District Judge, 234th Judicial District",0752,286,200,486,1483,32.77%,368,98,466
"District Judge, 234th Judicial District",0753,55,73,128,259,49.42%,81,41,122
"District Judge, 234th Judicial District",0754,0,0,0,0,0.00%,0,0,0
"District Judge, 234th Judicial District",0755,442,584,1026,4294,23.89%,453,532,985
"District Judge, 234th Judicial District",0756,251,177,428,1600,26.75%,168,245,413
"District Judge, 234th Judicial District",0757,520,508,1028,4035,25.48%,185,812,997
"District Judge, 234th Judicial District",0758,1114,692,1806,4096,44.09%,1462,286,1748
"District Judge, 234th Judicial District",0759,465,413,878,2730,32.16%,554,290,844
"District Judge, 234th Judicial District",0760,1432,639,2071,4367,47.42%,1731,257,1988
"District Judge, 234th Judicial District",0761,548,253,801,1550,51.68%,561,189,750
"District Judge, 234th Judicial District",0762,0,0,0,0,0.00%,0,0,0
"District Judge, 234th Judicial District",0763,108,146,254,1212,20.96%,99,142,241
"District Judge, 234th Judicial District",0764,1133,774,1907,5217,36.55%,1211,636,1847
"District Judge, 234th Judicial District",0765,647,426,1073,4055,26.46%,450,570,1020
"District Judge, 234th Judicial District",0766,40,25,65,392,16.58%,16,41,57
"District Judge, 234th Judicial District",0767,10,2,12,86,13.95%,6,6,12
"District Judge, 234th Judicial District",0768,1359,1015,2374,5857,40.53%,1928,383,2311
"District Judge, 234th Judicial District",0769,54,16,70,183,38.25%,3,66,69
"District Judge, 234th Judicial District",0770,31,25,56,323,17.34%,25,29,54
"District Judge, 234th Judicial District",0771,324,254,578,2426,23.83%,335,221,556
"District Judge, 234th Judicial District",0772,1792,851,2643,5709,46.30%,2021,518,2539
"District Judge, 234th Judicial District",0773,473,312,785,2918,26.90%,214,509,723
"District Judge, 234th Judicial District",0774,30,41,71,378,18.78%,16,53,69
"District Judge, 234th Judicial District",0775,18,3,21,92,22.83%,0,21,21
"District Judge, 234th Judicial District",0776,551,496,1047,3053,34.29%,617,385,1002
"District Judge, 234th Judicial District",0777,46,40,86,652,13.19%,30,55,85
"District Judge, 234th Judicial District",0778,0,0,0,0,0.00%,0,0,0
"District Judge, 234th Judicial District",0779,64,51,115,940,12.23%,41,70,111
"District Judge, 234th Judicial District",0780,63,59,122,595,20.50%,72,46,118
"District Judge, 234th Judicial District",0781,666,273,939,3603,26.06%,425,419,844
"District Judge, 234th Judicial District",0782,368,370,738,2236,33.01%,459,255,714
"District Judge, 234th Judicial District",0783,49,13,62,294,21.09%,45,15,60
"District Judge, 234th Judicial District",0784,208,128,336,1079,31.14%,6,317,323
"District Judge, 234th Judicial District",0785,28,25,53,296,17.91%,26,27,53
"District Judge, 234th Judicial District",0786,100,98,198,1251,15.83%,75,118,193
"District Judge, 234th Judicial District",0787,46,52,98,488,20.08%,32,63,95
"District Judge, 234th Judicial District",0788,74,32,106,454,23.35%,50,53,103
"District Judge, 234th Judicial District",0789,0,3,3,3,100.00%,1,2,3
"District Judge, 234th Judicial District",0790,0,0,0,3,0.00%,0,0,0
"District Judge, 234th Judicial District",0791,0,0,0,0,0.00%,0,0,0
"District Judge, 234th Judicial District",0792,269,239,508,1865,27.24%,121,363,484
"District Judge, 234th Judicial District",0793,448,247,695,2484,27.98%,412,259,671
"District Judge, 234th Judicial District",0794,124,144,268,2710,9.89%,33,227,260
"District Judge, 234th Judicial District",0795,90,125,215,1217,17.67%,74,129,203
"District Judge, 234th Judicial District",0796,83,51,134,476,28.15%,75,55,130
"District Judge, 234th Judicial District",0797,0,0,0,0,0.00%,0,0,0
"District Judge, 234th Judicial District",0798,99,111,210,500,42.00%,80,121,201
"District Judge, 234th Judicial District",0799,28,15,43,161,26.71%,8,35,43
"District Judge, 234th Judicial District",0800,588,642,1230,2932,41.95%,834,333,1167
"District Judge, 234th Judicial District",0801,32,14,46,258,17.83%,14,28,42
"District Judge, 234th Judicial District",0802,51,27,78,312,25.00%,16,60,76
"District Judge, 234th Judicial District",0803,725,511,1236,2893,42.72%,914,281,1195
"District Judge, 234th Judicial District",0804,932,591,1523,4768,31.94%,964,514,1478
"District Judge, 234th Judicial District",0805,765,533,1298,2866,45.29%,1046,207,1253
"District Judge, 234th Judicial District",0806,0,0,0,0,0.00%,0,0,0
"District Judge, 234th Judicial District",0807,211,204,415,2028,20.46%,92,307,399
"District Judge, 234th Judicial District",0808,12,17,29,131,22.14%,7,22,29
"District Judge, 234th Judicial District",0809,7,6,13,92,14.13%,5,6,11
"District Judge, 234th Judicial District",0810,9,16,25,211,11.85%,7,17,24
"District Judge, 234th Judicial District",0811,29,50,79,270,29.26%,25,51,76
"District Judge, 234th Judicial District",0812,0,0,0,0,0.00%,0,0,0
"District Judge, 234th Judicial District",0813,938,761,1699,5807,29.26%,853,799,1652
"District Judge, 234th Judicial District",0814,673,533,1206,5102,23.64%,293,879,1172
"District Judge, 234th Judicial District",0815,0,0,0,0,0.00%,0,0,0
"District Judge, 234th Judicial District",0816,10,0,10,73,13.70%,3,7,10
"District Judge, 234th Judicial District",0817,0,0,0,0,0.00%,0,0,0
"District Judge, 234th Judicial District",0818,86,39,125,616,20.29%,27,92,119
"District Judge, 234th Judicial District",0819,64,30,94,240,39.17%,51,34,85
"District Judge, 234th Judicial District",0820,0,0,0,0,0.00%,0,0,0
"District Judge, 234th Judicial District",0821,124,120,244,1242,19.65%,31,204,235
"District Judge, 234th Judicial District",0822,332,167,499,1535,32.51%,16,470,486
"District Judge, 234th Judicial District",0823,821,564,1385,5087,27.23%,804,538,1342
"District Judge, 234th Judicial District",0824,428,282,710,2700,26.30%,154,534,688
"District Judge, 234th Judicial District",0825,0,0,0,0,0.00%,0,0,0
"District Judge, 234th Judicial District",0826,73,50,123,358,34.36%,64,53,117
"District Judge, 234th Judicial District",0827,60,98,158,979,16.14%,69,82,151
"District Judge, 234th Judicial District",0828,541,388,929,1916,48.49%,749,142,891
"District Judge, 234th Judicial District",0829,54,22,76,264,28.79%,18,58,76
"District Judge, 234th Judicial District",0830,0,0,0,2,0.00%,0,0,0
"District Judge, 234th Judicial District",0831,0,0,0,0,0.00%,0,0,0
"District Judge, 234th Judicial District",0832,34,28,62,352,17.61%,17,42,59
"District Judge, 234th Judicial District",0833,0,1,1,20,5.00%,0,1,1
"District Judge, 234th Judicial District",0834,0,0,0,0,0.00%,0,0,0
"District Judge, 234th Judicial District",0835,38,19,57,290,19.66%,12,39,51
"District Judge, 234th Judicial District",0836,3,0,3,19,15.79%,1,2,3
"District Judge, 234th Judicial District",0837,0,0,0,0,0.00%,0,0,0
"District Judge, 234th Judicial District",0838,0,0,0,0,0.00%,0,0,0
"District Judge, 234th Judicial District",0839,136,118,254,1128,22.52%,52,191,243
"District Judge, 234th Judicial District",0840,381,174,555,1705,32.55%,196,346,542
"District Judge, 234th Judicial District",0841,0,0,0,0,0.00%,0,0,0
"District Judge, 234th Judicial District",0842,421,434,855,3259,26.24%,391,435,826
"District Judge, 234th Judicial District",0843,0,1,1,0,0.00%,0,1,1
"District Judge, 234th Judicial District",0844,1,0,1,11,9.09%,0,1,1
"District Judge, 234th Judicial District",0845,54,9,63,134,47.01%,39,21,60
"District Judge, 234th Judicial District",0846,23,24,47,229,20.52%,2,43,45
"District Judge, 234th Judicial District",0847,305,211,516,2015,25.61%,138,362,500
"District Judge, 234th Judicial District",0848,489,266,755,1856,40.68%,228,493,721
"District Judge, 234th Judicial District",0849,201,291,492,2124,23.16%,191,280,471
"District Judge, 234th Judicial District",0850,45,41,87,210,41.43%,33,50,83
"District Judge, 234th Judicial District",0851,1029,657,1686,4709,35.80%,1128,494,1622
"District Judge, 234th Judicial District",0852,0,0,0,1,0.00%,0,0,0
"District Judge, 234th Judicial District",0853,575,620,1296,2882,44.97%,996,244,1240
"District Judge, 234th Judicial District",0854,15,26,41,172,23.84%,6,33,39
"District Judge, 234th Judicial District",0855,5,9,14,16,87.50%,5,8,13
"District Judge, 234th Judicial District",0856,0,1,1,0,0.00%,0,1,1
"District Judge, 234th Judicial District",0857,0,0,0,1,0.00%,0,0,0
"District Judge, 234th Judicial District",0858,63,34,97,343,28.28%,3,91,94
"District Judge, 234th Judicial District",0859,157,106,263,890,29.55%,71,187,258
"District Judge, 234th Judicial District",0860,0,0,0,0,0.00%,0,0,0
"District Judge, 234th Judicial District",0861,315,199,514,1842,27.90%,82,419,501
"District Judge, 234th Judicial District",0862,0,0,0,0,0.00%,0,0,0
"District Judge, 234th Judicial District",0863,101,54,155,584,26.54%,8,145,153
"District Judge, 234th Judicial District",0864,193,299,492,2569,19.15%,134,334,468
"District Judge, 234th Judicial District",0865,2,3,5,21,23.81%,0,5,5
"District Judge, 234th Judicial District",0866,0,0,0,0,0.00%,0,0,0
"District Judge, 234th Judicial District",0867,0,0,0,0,0.00%,0,0,0
"District Judge, 234th Judicial District",0868,236,271,507,2326,21.80%,159,329,488
"District Judge, 234th Judicial District",0869,53,39,92,470,19.57%,25,66,91
"District Judge, 234th Judicial District",0870,0,0,0,0,0.00%,0,0,0
"District Judge, 234th Judicial District",0871,1,0,1,3,33.33%,0,1,1
"District Judge, 234th Judicial District",0872,5,3,8,59,13.56%,4,4,8
"District Judge, 234th Judicial District",0873,98,75,173,737,23.47%,41,128,169
"District Judge, 234th Judicial District",0874,763,707,1470,3223,45.61%,1100,312,1412
"District Judge, 234th Judicial District",0875,904,527,1431,5147,27.80%,692,690,1382
"District Judge, 234th Judicial District",0876,698,641,1339,3265,41.01%,1027,270,1297
"District Judge, 234th Judicial District",0877,476,382,858,3032,28.30%,346,491,837
"District Judge, 234th Judicial District",0878,427,354,781,1666,46.88%,649,111,760
"District Judge, 234th Judicial District",0879,407,294,701,2667,26.28%,356,315,671
"District Judge, 234th Judicial District",0880,543,447,990,2352,42.09%,804,155,959
"District Judge, 234th Judicial District",0881,593,540,1133,4479,25.30%,396,711,1107
"District Judge, 234th Judicial District",0882,426,291,717,2422,29.60%,430,265,695
"District Judge, 234th Judicial District",0883,643,702,1345,5408,24.87%,236,1072,1308
"District Judge, 234th Judicial District",0884,57,25,82,377,21.75%,9,70,79
"District Judge, 234th Judicial District",0885,562,368,930,2619,35.51%,553,357,910
"District Judge, 234th Judicial District",0886,128,108,236,675,34.96%,133,92,225
"District Judge, 234th Judicial District",0887,50,67,117,418,27.99%,55,53,108
"District Judge, 234th Judicial District",0888,0,3,3,0,0.00%,2,1,3
"District Judge, 234th Judicial District",0889,14,0,14,57,24.56%,5,8,13
"District Judge, 234th Judicial District",0890,164,103,267,1095,24.38%,85,159,244
"District Judge, 234th Judicial District",0891,317,243,560,1331,42.07%,211,317,528
"District Judge, 234th Judicial District",0892,115,86,201,808,24.88%,67,123,190
"District Judge, 234th Judicial District",0893,0,2,2,6,33.33%,0,2,2
"District Judge, 234th Judicial District",0894,0,3,3,0,0.00%,2,1,3
"District Judge, 234th Judicial District",0895,155,286,442,793,55.74%,177,221,398
"District Judge, 234th Judicial District",0896,370,297,667,1459,45.72%,254,369,623
"District Judge, 234th Judicial District",0897,252,297,549,1701,32.28%,311,220,531
"District Judge, 234th Judicial District",0898,0,0,0,3,0.00%,0,0,0
"District Judge, 234th Judicial District",0899,2,0,2,8,25.00%,0,2,2
"District Judge, 234th Judicial District",0900,0,2,2,10,20.00%,1,1,2
"District Judge, 234th Judicial District",0901,0,0,0,0,0.00%,0,0,0
"District Judge, 234th Judicial District",0902,394,486,880,2139,41.14%,479,351,830
"District Judge, 234th Judicial District",0903,3,7,10,50,20.00%,3,6,9
"District Judge, 234th Judicial District",0904,1,0,1,7,14.29%,1,0,1
"District Judge, 234th Judicial District",0905,123,100,223,904,24.67%,100,109,209
"District Judge, 234th Judicial District",0906,8,6,14,25,56.00%,8,5,13
"District Judge, 234th Judicial District",0907,12,19,31,181,17.13%,6,25,31
"District Judge, 234th Judicial District",0908,0,1,1,0,0.00%,0,1,1
"District Judge, 234th Judicial District",0909,2,1,3,18,16.67%,0,3,3
"District Judge, 234th Judicial District",0910,25,24,49,217,22.58%,20,25,45
"District Judge, 234th Judicial District",0911,118,60,178,551,32.30%,118,53,171
"District Judge, 234th Judicial District",0912,316,201,517,1273,40.61%,340,152,492
"District Judge, 234th Judicial District",0913,0,0,0,0,0.00%,0,0,0
"District Judge, 234th Judicial District",0914,169,179,348,701,49.64%,278,56,334
"District Judge, 234th Judicial District",0915,0,0,0,0,0.00%,0,0,0
"District Judge, 234th Judicial District",0916,417,240,657,1491,44.06%,524,112,636
"District Judge, 234th Judicial District",0917,177,62,239,483,49.48%,160,63,223
"District Judge, 234th Judicial District",0918,304,168,472,883,53.45%,366,84,450
"District Judge, 234th Judicial District",0919,0,0,0,3,0.00%,0,0,0
"District Judge, 234th Judicial District",0920,22,12,34,71,47.89%,23,10,33
"District Judge, 234th Judicial District",0921,32,15,47,119,39.50%,33,13,46
"District Judge, 234th Judicial District",0922,0,0,0,0,0.00%,0,0,0
"District Judge, 234th Judicial District",0923,470,137,607,1511,40.17%,452,135,587
"District Judge, 234th Judicial District",0924,0,0,0,0,0.00%,0,0,0
"District Judge, 234th Judicial District",0925,0,0,0,0,0.00%,0,0,0
"District Judge, 234th Judicial District",0926,171,128,299,796,37.56%,227,63,290
"District Judge, 234th Judicial District",0927,44,30,74,270,27.41%,30,39,69
"District Judge, 234th Judicial District",0928,3,0,3,8,37.50%,0,3,3
"District Judge, 234th Judicial District",0929,0,0,0,0,0.00%,0,0,0
"District Judge, 234th Judicial District",0930,109,54,163,584,27.91%,6,154,160
"District Judge, 234th Judicial District",0931,30,40,70,130,53.85%,37,26,63
"District Judge, 234th Judicial District",0932,0,0,0,0,0.00%,0,0,0
"District Judge, 234th Judicial District",0933,115,85,200,627,31.90%,55,140,195
"District Judge, 234th Judicial District",0934,2,0,2,63,3.17%,1,1,2
"District Judge, 234th Judicial District",0935,3,2,5,54,9.26%,2,2,4
"District Judge, 234th Judicial District",0936,8,2,10,81,12.35%,3,6,9
"District Judge, 234th Judicial District",0937,0,0,0,0,0.00%,0,0,0
"District Judge, 234th Judicial District",0938,30,14,44,231,19.05%,12,31,43
"District Judge, 234th Judicial District",0939,0,0,0,2,0.00%,0,0,0
"District Judge, 234th Judicial District",0940,0,0,0,10,0.00%,0,0,0
"District Judge, 234th Judicial District",0941,9,10,19,25,76.00%,19,0,19
"District Judge, 234th Judicial District",0942,53,27,80,156,51.28%,67,11,78
"District Judge, 234th Judicial District",0943,164,80,244,547,44.61%,169,60,229
"District Judge, 234th Judicial District",0944,20,4,24,45,53.33%,19,0,19
"District Judge, 234th Judicial District",0945,1,2,3,17,17.65%,1,2,3
"District Judge, 234th Judicial District",0946,0,1,1,13,7.69%,0,1,1
"District Judge, 234th Judicial District",0947,177,246,423,799,52.94%,223,180,403
"District Judge, 234th Judicial District",0948,0,14,14,1,1400.00%,9,2,11
"District Judge, 234th Judicial District",0949,34,27,61,193,31.61%,30,31,61
"District Judge, 234th Judicial District",0950,0,0,0,1,0.00%,0,0,0
"District Judge, 234th Judicial District",0951,33,30,63,277,22.74%,15,47,62
"District Judge, 234th Judicial District",0952,15,15,31,71,43.66%,15,13,28
"District Judge, 234th Judicial District",0953,18,9,27,275,9.82%,4,23,27
"District Judge, 234th Judicial District",0954,0,0,0,1,0.00%,0,0,0
"District Judge, 234th Judicial District",0955,3,2,5,19,26.32%,4,1,5
"District Judge, 234th Judicial District",0956,2,4,6,11,54.55%,1,4,5
"District Judge, 234th Judicial District",0957,97,95,192,562,34.16%,18,173,191
"District Judge, 234th Judicial District",0958,81,129,210,1081,19.43%,54,152,206
"District Judge, 234th Judicial District",0959,0,0,0,0,0.00%,0,0,0
"District Judge, 234th Judicial District",0960,196,157,353,976,36.17%,67,274,341
"District Judge, 234th Judicial District",0961,16,0,16,56,28.57%,0,16,16
"District Judge, 234th Judicial District",0962,10,17,27,88,30.68%,3,24,27
"District Judge, 234th Judicial District",0963,64,41,105,426,24.65%,57,44,101
"District Judge, 234th Judicial District",0964,568,437,1005,2372,42.37%,620,355,975
"District Judge, 234th Judicial District",0965,31,21,52,343,15.16%,28,24,52
"District Judge, 234th Judicial District",0966,129,83,212,1148,18.47%,77,131,208
"District Judge, 234th Judicial District",0967,15,48,63,165,38.18%,19,43,62
"District Judge, 234th Judicial District",0968,119,30,149,692,21.53%,32,115,147
"District Judge, 234th Judicial District",0969,156,73,229,604,37.91%,0,225,225
"District Judge, 234th Judicial District",0970,83,36,119,731,16.28%,17,100,117
"District Judge, 234th Judicial District",0971,11,8,19,147,12.93%,2,15,17
"District Judge, 234th Judicial District",09726,8,14,31,45.16%,13,0,13
"District Judge, 234th Judicial District",0973,24,19,43,111,38.74%,20,19,39
"District Judge, 234th Judicial District",0974,57,36,93,299,31.10%,56,34,90
"District Judge, 234th Judicial District",0975,55,30,85,193,44.04%,39,38,77
"District Judge, 234th Judicial District",0976,68,62,130,683,19.03%,84,43,127
"District Judge, 234th Judicial District",0977,50,43,93,572,16.26%,41,52,93
"District Judge, 234th Judicial District",0978,77,79,156,546,28.57%,27,126,153
"District Judge, 234th Judicial District",0979,2,6,8,27,29.63%,4,3,7
"District Judge, 234th Judicial District",0980,280,321,601,1389,43.27%,452,119,571
"District Judge, 234th Judicial District",0981,0,0,0,0,0.00%,0,0,0
"District Judge, 234th Judicial District",0982,312,312,624,1567,39.82%,509,91,600
"District Judge, 234th Judicial District",0983,11,21,32,161,19.88%,21,11,32
"District Judge, 234th Judicial District",0984,18,9,27,192,14.06%,4,22,26
"District Judge, 234th Judicial District",0985,117,63,180,351,51.28%,92,76,168
"District Judge, 234th Judicial District",0986,43,30,73,463,15.77%,11,61,72
"District Judge, 234th Judicial District",0987,231,90,321,1155,27.79%,27,287,314
"District Judge, 234th Judicial District",0988,24,12,36,123,29.27%,34,2,36
"District Judge, 234th Judicial District",0989,6,6,12,43,27.91%,9,3,12
"District Judge, 234th Judicial District",0990,16,1,17,140,12.14%,8,8,16
"District Judge, 234th Judicial District",0991,0,0,0,1,0.00%,0,0,0
"District Judge, 234th Judicial District",0992,157,107,264,1048,25.19%,145,105,250
"District Judge, 234th Judicial District",0993,169,101,270,568,47.54%,220,40,260
"District Judge, 234th Judicial District",09946,5,11,25,44.00%,2,9,11
"District Judge, 234th Judicial District",0995,295,156,451,1393,32.38%,27,416,443
"District Judge, 234th Judicial District",0996,135,140,275,694,39.63%,152,104,256
"District Judge, 234th Judicial District",0997,101,163,264,1656,15.94%,58,202,260
"District Judge, 234th Judicial District",0998,5,1,6,57,10.53%,3,3,6
"District Judge, 234th Judicial District",0999,17,10,27,68,39.71%,23,3,26
"District Judge, 234th Judicial District",1000,42,6,48,405,11.85%,12,35,47
"District Judge, 234th Judicial District",1001,228,136,364,1565,23.26%,86,259,345
"District Judge, 234th Judicial District",1002,170,139,309,1744,17.72%,54,236,290
"District Judge, 234th Judicial District",1003,1,0,1,0,0.00%,1,0,1
"District Judge, 234th Judicial District",1004,111,139,250,654,38.23%,122,108,230
"District Judge, 234th Judicial District",1005,0,8,8,0,0.00%,4,3,7
"District Judge, 234th Judicial District",1006,1,0,1,5,20.00%,1,0,1
"District Judge, 234th Judicial District",1007,208,188,396,1547,25.60%,93,286,379
"District Judge, 234th Judicial District",1008,32,12,44,151,29.14%,34,9,43
"District Judge, 234th Judicial District",1009,0,0,0,9,0.00%,0,0,0
"District Judge, 234th Judicial District",1010,59,35,94,459,20.48%,16,76,92
"District Judge, 234th Judicial District",1011,8,1,9,26,34.62%,5,3,8
"District Judge, 234th Judicial District",1012,134,201,335,1365,24.54%,99,229,328
"District Judge, 234th Judicial District",1013,0,6,6,58,10.34%,3,3,6
"District Judge, 234th Judicial District",1014,4,6,10,31,32.26%,1,9,10
"District Judge, 234th Judicial District",1015,5,4,9,25,36.00%,2,6,8
"District Judge, 234th Judicial District",1016,252,212,464,1691,27.44%,225,223,448
"District Judge, 234th Judicial District",1017,61,44,105,330,31.82%,31,73,104
"District Judge, 234th Judicial District",1018,93,64,157,494,31.78%,74,80,154
"District Judge, 234th Judicial District",1019,130,107,237,1456,16.28%,13,221,234
"District Judge, 234th Judicial District",1020,0,0,0,1,0.00%,0,0,0
"District Judge, 234th Judicial District",1021,0,0,0,2,0.00%,0,0,0
"District Judge, 234th Judicial District",1022,97,79,176,441,39.91%,131,35,166
"District Judge, 234th Judicial District",1023,430,315,745,2026,36.77%,529,188,717
"District Judge, 234th Judicial District",1024,55,61,116,249,46.59%,65,45,110
"District Judge, 234th Judicial District",1025,0,1,1,14,7.14%,1,0,1
"District Judge, 234th Judicial District",1026,0,0,0,0,0.00%,0,0,0
"District Judge, 234th Judicial District",1027,1,0,1,8,12.50%,0,1,1
"District Judge, 234th Judicial District",1028,0,0,0,0,0.00%,0,0,0
"District Judge, 234th Judicial District",1029,537,719,1256,2927,42.91%,986,225,1211
"District Judge, 234th Judicial District",1030,231,151,382,785,48.66%,332,43,375
"District Judge, 234th Judicial District",1031,59,71,130,792,16.41%,34,87,121
"District Judge, 234th Judicial District",1032,31,25,55,244,22.95%,36,17,53
"District Judge, 234th Judicial District",1033,0,0,0,0,0.00%,0,0,0
"District Judge, 234th Judicial District",1034,0,0,0,0,0.00%,0,0,0
"District Judge, 234th Judicial District",1035,2,4,5,138,4.35%,2,4,6
"District Judge, 234th Judicial District",1036,55,24,89,449,19.82%,73,15,88
"District Judge, 234th Judicial District",1037,19,11,30,76,39.47%,17,11,28
"District Judge, 234th Judicial District",1038,52,6,68,327,20.80%,9,56,65
"District Judge, 234th Judicial District",1039,2,0,2,25,8.00%,0,2,2
"District Judge, 234th Judicial District",1040,91,66,157,771,20.36%,72,81,153
"District Judge, 234th Judicial District",1041,0,2,2,0,0.00%,1,1,2
"District Judge, 234th Judicial District",1042,105,67,172,521,33.01%,53,114,167
"District Judge, 234th Judicial District",1043,6,5,12,33,36.36%,4,8,12
"District Judge, 234th Judicial District",1044,15,6,22,55,40.00%,7,15,22
"District Judge, 234th Judicial District",1045,197,173,370,1788,20.69%,49,309,358
"District Judge, 234th Judicial District",1046,11,5,16,62,25.81%,1,15,16
"District Judge, 234th Judicial District",1047,255,186,441,1568,28.13%,157,272,429
"District Judge, 234th Judicial District",1048,1,0,1,17,5.88%,1,0,1
"District Judge, 234th Judicial District",1049,14,45,59,290,20.34%,21,36,57
"District Judge, 234th Judicial District",1050,50,63,123,537,22.91%,35,83,118
"District Judge, 234th Judicial District",1051,0,31,31,0,0.00%,17,12,29
"District Judge, 234th Judicial District",1052,0,0,0,0,0.00%,0,0,0
"District Judge, 234th Judicial District",1053,0,0,0,0,0.00%,0,0,0
"District Judge, 234th Judicial District",1054,0,0,0,1,0.00%,0,0,0
"District Judge, 234th Judicial District",1055,0,0,0,0,0.00%,0,0,0
"District Judge, 234th Judicial District",1056,4,2,6,8,75.00%,1,4,5
"District Judge, 234th Judicial District",1057,7,9,16,118,13.56%,3,12,15
"District Judge, 234th Judicial District",1058,241,285,526,1243,42.32%,101,412,513
"District Judge, 234th Judicial District",1059,3,3,6,28,21.43%,1,5,6
"District Judge, 234th Judicial District",1060,5,2,7,42,16.67%,5,2,7
"District Judge, 234th Judicial District",1061,332,184,516,1716,30.07%,275,222,497
"District Judge, 234th Judicial District",1062,17,6,23,201,11.44%,4,16,20
"District Judge, 234th Judicial District",1063,66,59,125,857,14.59%,16,106,122
"District Judge, 234th Judicial District",1064,25,11,36,119,30.25%,28,8,36
"District Judge, 234th Judicial District",1065,1,0,1,28,3.57%,0,1,1
"District Judge, 234th Judicial District",1066,72,0,72,229,31.44%,3,67,70
"District Judge, 234th Judicial District",1067,0,0,0,0,0.00%,0,0,0
"District Judge, 234th Judicial District",1068,22,8,30,121,24.79%,12,16,28
"District Judge, 234th Judicial District",1069,434,256,690,2580,26.74%,313,338,651
"District Judge, 234th Judicial District",Totals:,378846,308736,687582,2044361,,355992,302125,658117
