Office,Precinct,Early Ballots Cast,Election Ballots Cast,Total Ballots Cast,Registered Voters,Percent Turnout,REP Glenn Devlin,DEM Tracy D. Good,Totals
"Family District Judge, 313th Judicial District",0001,417,466,883,2358,37.45%,283,535,818
"Family District Judge, 313th Judicial District",0002,333,313,646,1961,32.94%,258,341,599
"Family District Judge, 313th Judicial District",0003,326,405,731,1560,46.86%,255,393,648
"Family District Judge, 313th Judicial District",0004,369,487,856,1668,51.32%,309,474,783
"Family District Judge, 313th Judicial District",0005,279,448,727,1417,51.31%,251,410,661
"Family District Judge, 313th Judicial District",0006,656,456,1112,3702,30.04%,636,438,1074
"Family District Judge, 313th Judicial District",0007,209,110,319,1017,31.37%,15,293,308
"Family District Judge, 313th Judicial District",0008,393,310,703,1744,40.31%,347,322,669
"Family District Judge, 313th Judicial District",0009,206,223,429,1874,22.89%,109,284,393
"Family District Judge, 313th Judicial District",0010,255,171,426,1753,24.30%,125,270,395
"Family District Judge, 313th Judicial District",0011,184,176,360,1785,20.17%,71,264,335
"Family District Judge, 313th Judicial District",0012,86,66,152,735,20.68%,89,60,149
"Family District Judge, 313th Judicial District",0013,548,361,909,2689,33.80%,660,210,870
"Family District Judge, 313th Judicial District",0014,442,495,937,1870,50.11%,496,375,871
"Family District Judge, 313th Judicial District",0015,597,898,1495,2878,51.95%,852,508,1360
"Family District Judge, 313th Judicial District",0016,239,137,376,1071,35.11%,167,184,351
"Family District Judge, 313th Judicial District",0017,185,215,400,1162,34.42%,176,195,371
"Family District Judge, 313th Judicial District",0018,371,351,722,1443,50.03%,336,329,665
"Family District Judge, 313th Judicial District",0019,170,207,377,1170,32.22%,121,236,357
"Family District Judge, 313th Judicial District",0020,311,287,598,2646,22.60%,175,389,564
"Family District Judge, 313th Judicial District",0021,176,184,360,1122,32.09%,77,265,342
"Family District Judge, 313th Judicial District",0022,397,322,719,2473,29.07%,137,558,695
"Family District Judge, 313th Judicial District",0023,31,22,53,541,9.80%,11,40,51
"Family District Judge, 313th Judicial District",0024,106,88,194,655,29.62%,14,173,187
"Family District Judge, 313th Judicial District",0025,104,143,247,1086,22.74%,11,230,241
"Family District Judge, 313th Judicial District",0026,239,277,516,1845,27.97%,130,338,468
"Family District Judge, 313th Judicial District",0027,463,427,890,3074,28.95%,222,616,838
"Family District Judge, 313th Judicial District",0028,636,405,1041,3029,34.37%,673,319,992
"Family District Judge, 313th Judicial District",0029,194,237,431,2638,16.34%,169,241,410
"Family District Judge, 313th Judicial District",0030,368,391,759,2403,31.59%,188,530,718
"Family District Judge, 313th Judicial District",0031,453,280,733,2511,29.19%,17,692,709
"Family District Judge, 313th Judicial District",0032,318,405,723,2398,30.15%,280,395,675
"Family District Judge, 313th Judicial District",0033,707,615,1322,3706,35.67%,416,814,1230
"Family District Judge, 313th Judicial District",0034,625,579,1204,2786,43.22%,285,842,1127
"Family District Judge, 313th Judicial District",0035,4,0,4,11,36.36%,1,3,4
"Family District Judge, 313th Judicial District",0036,416,318,734,2927,25.08%,195,498,693
"Family District Judge, 313th Judicial District",0037,542,436,978,2106,46.44%,276,631,907
"Family District Judge, 313th Judicial District",0038,784,589,1373,2875,47.76%,456,817,1273
"Family District Judge, 313th Judicial District",0039,657,575,1232,2759,44.65%,303,835,1138
"Family District Judge, 313th Judicial District",0040,136,152,288,541,53.23%,142,120,262
"Family District Judge, 313th Judicial District",0041,176,230,406,1334,30.43%,158,234,392
"Family District Judge, 313th Judicial District",0042,228,109,337,1071,31.47%,7,320,327
"Family District Judge, 313th Judicial District",0043,293,210,503,1695,29.68%,267,209,476
"Family District Judge, 313th Judicial District",0044,204,222,426,2001,21.29%,95,302,397
"Family District Judge, 313th Judicial District",0045,894,750,1644,6698,24.54%,314,1281,1595
"Family District Judge, 313th Judicial District",0046,290,247,537,2511,21.39%,91,414,505
"Family District Judge, 313th Judicial District",0047,213,218,431,1627,26.49%,17,404,421
"Family District Judge, 313th Judicial District",0048,157,142,299,940,31.81%,27,265,292
"Family District Judge, 313th Judicial District",0049,584,482,1066,3343,31.89%,770,264,1034
"Family District Judge, 313th Judicial District",0050,785,771,1556,5211,29.86%,845,662,1507
"Family District Judge, 313th Judicial District",0051,353,243,596,1689,35.29%,441,135,576
"Family District Judge, 313th Judicial District",0052,422,447,869,2457,35.37%,395,419,814
"Family District Judge, 313th Judicial District",0053,564,726,1290,2971,43.42%,522,665,1187
"Family District Judge, 313th Judicial District",0054,269,364,633,1487,42.57%,320,267,587
"Family District Judge, 313th Judicial District",0055,191,251,442,1506,29.35%,194,214,408
"Family District Judge, 313th Judicial District",0056,282,278,560,1326,42.23%,372,158,530
"Family District Judge, 313th Judicial District",0057,710,831,1541,3153,48.87%,578,831,1409
"Family District Judge, 313th Judicial District",0058,469,556,1025,2690,38.10%,412,556,968
"Family District Judge, 313th Judicial District",0059,555,609,1164,2544,45.75%,456,619,1075
"Family District Judge, 313th Judicial District",0060,498,564,1062,2453,43.29%,261,716,977
"Family District Judge, 313th Judicial District",0061,172,204,376,1773,21.21%,150,199,349
"Family District Judge, 313th Judicial District",0062,145,322,467,2181,21.41%,127,319,446
"Family District Judge, 313th Judicial District",0063,264,354,618,1826,33.84%,495,103,598
"Family District Judge, 313th Judicial District",0064,191,221,412,2141,19.24%,87,301,388
"Family District Judge, 313th Judicial District",0065,172,230,402,2167,18.55%,96,281,377
"Family District Judge, 313th Judicial District",0066,69,143,212,1098,19.31%,37,162,199
"Family District Judge, 313th Judicial District",0067,304,282,586,2794,20.97%,166,377,543
"Family District Judge, 313th Judicial District",0068,553,352,905,2924,30.95%,20,864,884
"Family District Judge, 313th Judicial District",0069,80,124,204,1284,15.89%,44,147,191
"Family District Judge, 313th Judicial District",0070,882,664,1546,3337,46.33%,892,524,1416
"Family District Judge, 313th Judicial District",0071,602,722,1324,4197,31.55%,631,614,1245
"Family District Judge, 313th Judicial District",0072,220,293,513,1924,26.66%,163,320,483
"Family District Judge, 313th Judicial District",0073,252,414,666,1555,42.83%,372,234,606
"Family District Judge, 313th Judicial District",0074,1153,782,1935,3583,54.01%,1509,346,1855
"Family District Judge, 313th Judicial District",0075,254,280,534,1444,36.98%,196,304,500
"Family District Judge, 313th Judicial District",0076,373,374,747,2362,31.63%,434,281,715
"Family District Judge, 313th Judicial District",0077,43,46,89,566,15.72%,19,66,85
"Family District Judge, 313th Judicial District",0078,180,201,381,1522,25.03%,131,228,359
"Family District Judge, 313th Judicial District",0079,205,306,511,2927,17.46%,131,337,468
"Family District Judge, 313th Judicial District",0080,501,351,852,2725,31.27%,209,603,812
"Family District Judge, 313th Judicial District",0081,183,187,370,1835,20.16%,148,199,347
"Family District Judge, 313th Judicial District",0082,639,671,1310,3368,38.90%,986,285,1271
"Family District Judge, 313th Judicial District",0083,1296,888,2184,6625,32.97%,1058,1048,2106
"Family District Judge, 313th Judicial District",0084,208,218,426,1373,31.03%,304,106,410
"Family District Judge, 313th Judicial District",0085,271,248,519,2173,23.88%,21,490,511
"Family District Judge, 313th Judicial District",0086,447,568,1015,2910,34.88%,454,503,957
"Family District Judge, 313th Judicial District",0087,574,787,1461,2818,51.85%,897,439,1336
"Family District Judge, 313th Judicial District",0088,123,118,241,693,34.78%,156,73,229
"Family District Judge, 313th Judicial District",0089,165,371,536,1094,48.99%,285,197,482
"Family District Judge, 313th Judicial District",0090,844,790,1634,3700,44.16%,1197,367,1564
"Family District Judge, 313th Judicial District",0091,219,222,441,1505,29.30%,264,160,424
"Family District Judge, 313th Judicial District",0092,695,462,1157,2242,51.61%,762,324,1086
"Family District Judge, 313th Judicial District",0093,381,301,682,3356,20.32%,279,361,640
"Family District Judge, 313th Judicial District",0094,51,43,94,549,17.12%,27,64,91
"Family District Judge, 313th Judicial District",0095,917,576,1493,3177,46.99%,1078,340,1418
"Family District Judge, 313th Judicial District",0096,83,83,166,1296,12.81%,23,141,164
"Family District Judge, 313th Judicial District",0097,1024,725,1749,4828,36.23%,1293,399,1692
"Family District Judge, 313th Judicial District",0098,403,488,891,2651,33.61%,730,129,859
"Family District Judge, 313th Judicial District",0099,254,184,438,2092,20.94%,213,209,422
"Family District Judge, 313th Judicial District",0100,155,173,338,1730,19.54%,173,158,331
"Family District Judge, 313th Judicial District",0101,72,58,130,946,13.74%,48,80,128
"Family District Judge, 313th Judicial District",0102,207,121,328,1872,17.52%,89,227,316
"Family District Judge, 313th Judicial District",0103,700,714,1414,5371,26.33%,796,580,1376
"Family District Judge, 313th Judicial District",0104,530,231,761,1905,39.95%,16,728,744
"Family District Judge, 313th Judicial District",0105,195,210,406,2165,18.75%,133,243,376
"Family District Judge, 313th Judicial District",0106,15,7,25,294,8.50%,14,9,23
"Family District Judge, 313th Judicial District",0107,154,197,351,2032,17.27%,60,278,338
"Family District Judge, 313th Judicial District",0108,558,272,940,3365,27.93%,560,346,906
"Family District Judge, 313th Judicial District",0109,529,245,774,2824,27.41%,10,747,757
"Family District Judge, 313th Judicial District",0110,554,494,1148,3042,37.74%,746,361,1107
"Family District Judge, 313th Judicial District",0111,815,795,1611,4102,39.27%,1177,369,1546
"Family District Judge, 313th Judicial District",0112,542,485,1027,2976,34.51%,746,237,983
"Family District Judge, 313th Judicial District",0113,552,429,991,2647,37.44%,602,341,943
"Family District Judge, 313th Judicial District",0114,707,547,1254,3311,37.87%,1003,219,1222
"Family District Judge, 313th Judicial District",0115,238,150,388,1800,21.56%,51,327,378
"Family District Judge, 313th Judicial District",0116,982,776,1758,3147,55.86%,1333,313,1646
"Family District Judge, 313th Judicial District",0117,215,226,441,1880,23.46%,217,200,417
"Family District Judge, 313th Judicial District",0118,304,123,427,759,56.26%,358,51,409
"Family District Judge, 313th Judicial District",0119,1288,1024,2312,5500,42.04%,1866,359,2225
"Family District Judge, 313th Judicial District",0120,712,422,1134,3191,35.54%,736,344,1080
"Family District Judge, 313th Judicial District",0121,92,178,270,848,31.84%,189,71,250
"Family District Judge, 313th Judicial District",0122,352,225,577,1890,30.53%,17,536,553
"Family District Judge, 313th Judicial District",0123,284,288,572,1392,41.09%,144,386,530
"Family District Judge, 313th Judicial District",0124,1734,1292,3026,7254,41.71%,2392,554,2946
"Family District Judge, 313th Judicial District",0125,415,332,747,2405,31.06%,458,262,720
"Family District Judge, 313th Judicial District",0126,893,467,1360,3100,43.87%,1198,122,1320
"Family District Judge, 313th Judicial District",0127,435,154,589,1836,32.08%,420,134,554
"Family District Judge, 313th Judicial District",0128,445,707,1152,2290,50.31%,715,329,1044
"Family District Judge, 313th Judicial District",0129,1030,1200,2230,5746,38.81%,1382,721,2103
"Family District Judge, 313th Judicial District",0130,727,523,1250,2333,53.58%,919,270,1189
"Family District Judge, 313th Judicial District",0131,251,259,510,1935,26.36%,118,369,487
"Family District Judge, 313th Judicial District",0132,593,323,916,2387,38.37%,18,879,897
"Family District Judge, 313th Judicial District",0133,513,858,1371,2662,51.50%,777,474,1251
"Family District Judge, 313th Judicial District",0134,192,265,457,1437,31.80%,205,228,433
"Family District Judge, 313th Judicial District",0135,727,579,1305,2671,48.90%,905,314,1219
"Family District Judge, 313th Judicial District",0136,503,371,874,2013,43.42%,28,820,848
"Family District Judge, 313th Judicial District",0137,166,141,307,716,42.88%,147,131,278
"Family District Judge, 313th Judicial District",0138,296,199,495,1699,29.13%,15,468,483
"Family District Judge, 313th Judicial District",0139,699,551,1250,3037,41.16%,552,614,1166
"Family District Judge, 313th Judicial District",0140,699,480,1179,3214,36.68%,137,999,1136
"Family District Judge, 313th Judicial District",0141,80,80,160,855,18.71%,97,54,151
"Family District Judge, 313th Judicial District",0142,87,103,190,902,21.06%,65,117,182
"Family District Judge, 313th Judicial District",0143,1962,580,2542,6386,39.81%,1824,651,2475
"Family District Judge, 313th Judicial District",0144,216,158,374,1093,34.22%,8,357,365
"Family District Judge, 313th Judicial District",0145,264,213,477,1538,31.01%,9,456,465
"Family District Judge, 313th Judicial District",0146,426,519,945,2008,47.06%,407,474,881
"Family District Judge, 313th Judicial District",0147,589,329,1018,3008,33.84%,126,863,989
"Family District Judge, 313th Judicial District",0148,500,780,1280,2540,50.39%,494,667,1161
"Family District Judge, 313th Judicial District",0149,1621,737,2358,7993,29.50%,1219,1077,2296
"Family District Judge, 313th Judicial District",0150,236,169,405,1256,32.25%,11,389,400
"Family District Judge, 313th Judicial District",0151,137,79,216,826,26.15%,10,198,208
"Family District Judge, 313th Judicial District",0152,213,299,512,2788,18.36%,142,350,492
"Family District Judge, 313th Judicial District",0153,125,206,331,1808,18.31%,106,211,317
"Family District Judge, 313th Judicial District",0154,249,183,432,2190,19.73%,111,299,410
"Family District Judge, 313th Judicial District",0155,1022,619,1641,4109,39.94%,1141,440,1581
"Family District Judge, 313th Judicial District",0156,799,326,1125,3071,36.63%,40,1049,1089
"Family District Judge, 313th Judicial District",0157,448,214,662,2236,29.61%,25,618,643
"Family District Judge, 313th Judicial District",0158,600,315,915,3035,30.15%,24,870,894
"Family District Judge, 313th Judicial District",0159,116,127,243,998,24.35%,34,201,235
"Family District Judge, 313th Judicial District",0160,122,73,195,696,28.02%,7,184,191
"Family District Judge, 313th Judicial District",0161,163,141,304,991,30.68%,4,292,296
"Family District Judge, 313th Judicial District",0162,101,83,184,1265,14.55%,69,101,170
"Family District Judge, 313th Judicial District",0163,230,320,550,3037,18.11%,229,293,522
"Family District Judge, 313th Judicial District",0164,182,205,387,1420,27.25%,11,369,380
"Family District Judge, 313th Judicial District",0165,535,483,1018,2334,43.62%,666,303,969
"Family District Judge, 313th Judicial District",0166,158,233,391,1028,38.04%,115,254,369
"Family District Judge, 313th Judicial District",0167,3,0,3,24,12.50%,0,3,3
"Family District Judge, 313th Judicial District",0168,92,58,150,503,29.82%,3,142,145
"Family District Judge, 313th Judicial District",0169,518,251,767,2513,30.52%,15,734,749
"Family District Judge, 313th Judicial District",0170,271,141,412,1869,22.04%,215,178,393
"Family District Judge, 313th Judicial District",0171,202,198,400,1604,24.94%,9,377,386
"Family District Judge, 313th Judicial District",0172,88,80,166,621,26.73%,60,91,151
"Family District Judge, 313th Judicial District",0173,817,739,1556,3599,43.23%,1249,255,1504
"Family District Judge, 313th Judicial District",0174,829,733,1562,3296,47.39%,1068,406,1474
"Family District Judge, 313th Judicial District",0175,557,749,1306,2618,49.89%,660,539,1199
"Family District Judge, 313th Judicial District",0176,344,451,795,1602,49.63%,404,314,718
"Family District Judge, 313th Judicial District",0177,278,326,604,1496,40.37%,343,218,561
"Family District Judge, 313th Judicial District",0178,504,365,869,1765,49.24%,590,206,796
"Family District Judge, 313th Judicial District",0179,256,188,444,1575,28.19%,235,183,418
"Family District Judge, 313th Judicial District",0180,470,343,813,2834,28.69%,23,753,776
"Family District Judge, 313th Judicial District",0181,175,262,437,2061,21.20%,139,277,416
"Family District Judge, 313th Judicial District",0182,590,974,1564,3405,45.93%,926,497,1423
"Family District Judge, 313th Judicial District",0183,519,794,1313,2491,52.71%,838,377,1215
"Family District Judge, 313th Judicial District",0184,106,135,241,994,24.25%,85,134,219
"Family District Judge, 313th Judicial District",0185,283,292,575,1933,29.75%,205,341,546
"Family District Judge, 313th Judicial District",0186,97,106,203,798,25.44%,36,160,196
"Family District Judge, 313th Judicial District",0187,21,25,46,311,14.79%,15,28,43
"Family District Judge, 313th Judicial District",0188,153,146,299,1637,18.27%,139,147,286
"Family District Judge, 313th Judicial District",0189,239,360,599,1465,40.89%,311,244,555
"Family District Judge, 313th Judicial District",0190,120,177,297,1723,17.24%,128,157,285
"Family District Judge, 313th Judicial District",0191,79,126,205,1366,15.01%,88,110,198
"Family District Judge, 313th Judicial District",0192,380,225,605,1959,30.88%,27,561,588
"Family District Judge, 313th Judicial District",0193,173,187,360,1074,33.52%,8,340,348
"Family District Judge, 313th Judicial District",0194,350,431,781,1912,40.85%,243,496,739
"Family District Judge, 313th Judicial District",0195,269,278,547,1694,32.29%,19,513,532
"Family District Judge, 313th Judicial District",0196,52,32,84,316,26.58%,5,75,80
"Family District Judge, 313th Judicial District",0197,543,309,852,2914,29.24%,15,822,837
"Family District Judge, 313th Judicial District",0198,53,74,127,642,19.78%,2,123,125
"Family District Judge, 313th Judicial District",0199,812,661,1473,3216,45.80%,1143,267,1410
"Family District Judge, 313th Judicial District",0200,962,536,1498,3382,44.29%,664,718,1382
"Family District Judge, 313th Judicial District",0201,98,87,185,724,25.55%,3,178,181
"Family District Judge, 313th Judicial District",0202,217,189,406,1464,27.73%,12,386,398
"Family District Judge, 313th Judicial District",0203,107,68,175,960,18.23%,36,128,164
"Family District Judge, 313th Judicial District",0204,816,784,1600,3487,45.88%,881,597,1478
"Family District Judge, 313th Judicial District",0205,464,171,635,1664,38.16%,10,617,627
"Family District Judge, 313th Judicial District",0206,362,462,824,2779,29.65%,240,532,772
"Family District Judge, 313th Judicial District",0207,265,261,526,1188,44.28%,172,323,495
"Family District Judge, 313th Judicial District",0208,322,262,584,2195,26.61%,170,385,555
"Family District Judge, 313th Judicial District",0209,0,2,2,0,0.00%,2,0,2
"Family District Judge, 313th Judicial District",0210,502,467,969,2533,38.26%,101,841,942
"Family District Judge, 313th Judicial District",0211,307,386,693,2914,23.78%,262,394,656
"Family District Judge, 313th Judicial District",0212,96,155,251,1300,19.31%,56,186,242
"Family District Judge, 313th Judicial District",0213,826,913,1739,3350,51.91%,1351,260,1611
"Family District Judge, 313th Judicial District",0214,404,491,895,1854,48.27%,562,274,836
"Family District Judge, 313th Judicial District",0215,421,711,1132,2258,50.13%,667,376,1043
"Family District Judge, 313th Judicial District",0216,362,223,585,1945,30.08%,36,535,571
"Family District Judge, 313th Judicial District",0217,844,631,1475,2678,55.08%,924,424,1348
"Family District Judge, 313th Judicial District",0218,391,402,793,2292,34.60%,242,486,728
"Family District Judge, 313th Judicial District",0219,496,436,932,2767,33.68%,47,845,892
"Family District Judge, 313th Judicial District",0220,325,187,512,2310,22.16%,367,128,495
"Family District Judge, 313th Judicial District",0221,332,369,701,2529,27.72%,296,370,666
"Family District Judge, 313th Judicial District",0222,623,674,1297,2501,51.86%,612,574,1186
"Family District Judge, 313th Judicial District",0223,563,377,940,3582,26.24%,256,627,883
"Family District Judge, 313th Judicial District",0224,530,456,986,2238,44.06%,466,444,910
"Family District Judge, 313th Judicial District",0225,376,405,781,3305,23.63%,388,359,747
"Family District Judge, 313th Judicial District",0226,227,307,534,2436,21.92%,128,380,508
"Family District Judge, 313th Judicial District",0227,558,423,981,1785,54.96%,712,169,881
"Family District Judge, 313th Judicial District",0228,362,195,557,1050,53.05%,23,515,538
"Family District Judge, 313th Judicial District",0229,31,96,127,815,15.58%,59,58,117
"Family District Judge, 313th Judicial District",0230,185,116,301,1089,27.64%,6,287,293
"Family District Judge, 313th Judicial District",0231,233,264,497,2232,22.27%,122,348,470
"Family District Judge, 313th Judicial District",0232,351,474,835,1760,47.44%,466,310,776
"Family District Judge, 313th Judicial District",0233,890,801,1691,4445,38.04%,807,744,1551
"Family District Judge, 313th Judicial District",0234,1192,913,2105,3993,52.72%,1577,372,1949
"Family District Judge, 313th Judicial District",0235,240,158,398,1356,29.35%,12,375,387
"Family District Judge, 313th Judicial District",0236,354,235,589,2079,28.33%,13,559,572
"Family District Judge, 313th Judicial District",0237,416,253,669,2161,30.96%,10,644,654
"Family District Judge, 313th Judicial District",0238,339,245,584,1925,30.34%,15,554,569
"Family District Judge, 313th Judicial District",0239,383,236,619,1964,31.52%,20,587,607
"Family District Judge, 313th Judicial District",0240,585,243,828,2649,31.26%,24,788,812
"Family District Judge, 313th Judicial District",0241,222,229,451,2372,19.01%,185,241,426
"Family District Judge, 313th Judicial District",0242,173,162,335,1596,20.99%,194,126,320
"Family District Judge, 313th Judicial District",0243,138,43,181,457,39.61%,2,177,179
"Family District Judge, 313th Judicial District",0244,480,425,905,311,7,29.03%,495,368,863
"Family District Judge, 313th Judicial District",0245,945,799,1745,5828,29.94%,1219,487,1706
"Family District Judge, 313th Judicial District",0246,584,513,1197,3315,36.11%,853,301,1154
"Family District Judge, 313th Judicial District",0247,173,254,427,1582,26.99%,15,406,421
"Family District Judge, 313th Judicial District",0248,161,167,328,2100,15.62%,91,222,313
"Family District Judge, 313th Judicial District",0249,461,348,809,2719,29.75%,565,217,782
"Family District Judge, 313th Judicial District",0250,109,164,273,964,28.32%,7,262,269
"Family District Judge, 313th Judicial District",0251,278,436,714,2089,34.18%,27,673,700
"Family District Judge, 313th Judicial District",0252,504,312,816,2377,34.33%,13,785,798
"Family District Judge, 313th Judicial District",0253,379,222,601,2177,27.61%,9,579,588
"Family District Judge, 313th Judicial District",0254,93,112,205,1550,13.23%,65,130,195
"Family District Judge, 313th Judicial District",0255,525,648,1173,2482,47.26%,544,538,1082
"Family District Judge, 313th Judicial District",0256,575,449,1024,3254,31.47%,489,476,965
"Family District Judge, 313th Judicial District",0257,204,245,449,2523,17.80%,134,291,425
"Family District Judge, 313th Judicial District",0258,839,800,1539,3322,49.34%,1195,330,1525
"Family District Judge, 313th Judicial District",0259,555,382,1038,2361,43.96%,23,984,1007
"Family District Judge, 313th Judicial District",0260,152,145,307,1260,24.37%,178,109,287
"Family District Judge, 313th Judicial District",0261,124,120,244,1417,17.22%,105,130,235
"Family District Judge, 313th Judicial District",0262,758,600,1358,4397,30.88%,840,436,1276
"Family District Judge, 313th Judicial District",0263,858,712,1570,3693,42.51%,1199,314,1513
"Family District Judge, 313th Judicial District",0264,480,457,937,2963,31.62%,571,307,878
"Family District Judge, 313th Judicial District",0265,988,759,1747,3584,48.74%,1320,307,1627
"Family District Judge, 313th Judicial District",0266,259,257,516,2104,24.52%,257,228,485
"Family District Judge, 313th Judicial District",0267,146,166,312,1327,23.51%,163,130,293
"Family District Judge, 313th Judicial District",0268,435,717,1152,2493,46.21%,647,379,1026
"Family District Judge, 313th Judicial District",0269,702,453,1155,2030,56.90%,900,182,1082
"Family District Judge, 313th Judicial District",0270,817,672,1489,3605,41.30%,818,583,1401
"Family District Judge, 313th Judicial District",0271,656,382,1038,2518,41.22%,22,1000,1022
"Family District Judge, 313th Judicial District",0272,264,292,555,2162,25.72%,215,316,531
"Family District Judge, 313th Judicial District",0273,548,689,1237,2470,50.08%,1000,173,1173
"Family District Judge, 313th Judicial District",0274,588,346,934,2153,43.38%,624,240,864
"Family District Judge, 313th Judicial District",0275,207,236,443,1850,23.95%,105,320,425
"Family District Judge, 313th Judicial District",0276,572,231,803,2536,31.66%,7,779,786
"Family District Judge, 313th Judicial District",0277,170,186,356,1492,23.86%,164,174,338
"Family District Judge, 313th Judicial District",0278,421,320,741,2454,30.20%,414,296,710
"Family District Judge, 313th Judicial District",0279,250,223,473,1941,24.37%,280,170,450
"Family District Judge, 313th Judicial District",0280,130,188,318,1524,20.87%,132,164,296
"Family District Judge, 313th Judicial District",0281,655,742,1397,2633,53.06%,657,595,1252
"Family District Judge, 313th Judicial District",0282,314,455,769,2042,37.66%,484,235,719
"Family District Judge, 313th Judicial District",0283,0,0,0,0,0.00%,0,0,0
"Family District Judge, 313th Judicial District",0284,574,336,910,3172,28.69%,422,442,864
"Family District Judge, 313th Judicial District",0285,448,378,826,2540,32.52%,72,727,799
"Family District Judge, 313th Judicial District",0286,1255,821,2076,6170,33.65%,195,1818,2013
"Family District Judge, 313th Judicial District",0287,370,477,847,1621,52.25%,401,390,791
"Family District Judge, 313th Judicial District",0288,532,313,845,2210,38.24%,16,815,831
"Family District Judge, 313th Judicial District",0289,186,212,398,1564,25.45%,195,179,374
"Family District Judge, 313th Judicial District",0290,245,298,543,1642,33.07%,406,118,524
"Family District Judge, 313th Judicial District",0291,325,235,560,1225,45.71%,279,244,523
"Family District Judge, 313th Judicial District",0292,207,147,354,1356,26.11%,40,307,347
"Family District Judge, 313th Judicial District",0293,356,447,803,1759,45.65%,365,376,741
"Family District Judge, 313th Judicial District",0294,488,221,709,2097,33.81%,10,685,695
"Family District Judge, 313th Judicial District",0295,148,103,251,885,28.36%,7,240,247
"Family District Judge, 313th Judicial District",0296,327,340,667,1713,38.94%,380,230,610
"Family District Judge, 313th Judicial District",0297,280,249,529,2012,26.29%,230,264,494
"Family District Judge, 313th Judicial District",0298,415,358,773,2121,36.45%,446,281,727
"Family District Judge, 313th Judicial District",0299,178,117,295,1353,21.80%,115,158,273
"Family District Judge, 313th Judicial District",0300,1389,1016,2405,5406,44.49%,1892,412,2304
"Family District Judge, 313th Judicial District",0301,210,255,465,2352,19.77%,186,251,437
"Family District Judge, 313th Judicial District",0302,353,343,696,2720,25.59%,399,273,672
"Family District Judge, 313th Judicial District",0303,922,784,1706,3245,52.57%,1368,246,1614
"Family District Judge, 313th Judicial District",0304,606,505,1111,2298,48.35%,606,415,1021
"Family District Judge, 313th Judicial District",0305,524,432,956,4191,22.81%,405,519,924
"Family District Judge, 313th Judicial District",0306,649,342,991,1879,52.74%,715,213,928
"Family District Judge, 313th Judicial District",0307,733,670,1403,3099,45.27%,957,361,1318
"Family District Judge, 313th Judicial District",0308,199,130,329,1296,25.39%,111,206,317
"Family District Judge, 313th Judicial District",0309,708,593,1301,2524,51.55%,1022,195,1217
"Family District Judge, 313th Judicial District",0310,386,279,665,1435,46.34%,447,173,620
"Family District Judge, 313th Judicial District",0311,486,421,907,2986,30.38%,485,358,843
"Family District Judge, 313th Judicial District",0312,742,457,1199,3636,32.98%,777,369,1146
"Family District Judge, 313th Judicial District",0313,9,0,9,62,14.52%,7,1,8
"Family District Judge, 313th Judicial District",0314,1121,913,2034,5647,36.02%,1279,684,1963
"Family District Judge, 313th Judicial District",0315,478,388,866,1608,53.86%,488,314,802
"Family District Judge, 313th Judicial District",0316,412,341,753,1537,48.99%,415,275,690
"Family District Judge, 313th Judicial District",0317,248,209,457,1588,28.78%,142,292,434
"Family District Judge, 313th Judicial District",0318,834,568,1402,3660,38.31%,63,1292,1355
"Family District Judge, 313th Judicial District",0319,512,230,742,2158,34.38%,49,666,715
"Family District Judge, 313th Judicial District",0320,234,168,402,1537,26.15%,202,183,385
"Family District Judge, 313th Judicial District",0321,262,191,453,2346,19.31%,171,256,427
"Family District Judge, 313th Judicial District",0322,181,129,310,1226,25.29%,103,196,299
"Family District Judge, 313th Judicial District",0323,278,211,489,1722,28.40%,234,225,459
"Family District Judge, 313th Judicial District",0324,532,646,1178,2336,50.43%,723,358,1081
"Family District Judge, 313th Judicial District",0325,289,193,482,2112,22.82%,103,357,460
"Family District Judge, 313th Judicial District",0326,87,74,161,698,23.07%,78,74,152
"Family District Judge, 313th Judicial District",0327,380,129,509,1729,29.44%,9,487,496
"Family District Judge, 313th Judicial District",0328,151,140,291,1434,20.29%,121,159,280
"Family District Judge, 313th Judicial District",0329,189,184,373,1397,26.70%,144,205,349
"Family District Judge, 313th Judicial District",0330,334,253,587,1936,30.32%,323,228,551
"Family District Judge, 313th Judicial District",0331,0,0,0,0,0.00%,0,0,0
"Family District Judge, 313th Judicial District",0332,18,7,25,138,18.12%,12,9,21
"Family District Judge, 313th Judicial District",0333,524,714,1238,3021,40.98%,855,319,1174
"Family District Judge, 313th Judicial District",0334,83,42,125,742,16.85%,21,101,122
"Family District Judge, 313th Judicial District",0335,121,98,219,1300,16.85%,85,118,203
"Family District Judge, 313th Judicial District",0336,866,624,1490,4051,36.78%,137,1317,1454
"Family District Judge, 313th Judicial District",0337,124,103,227,1029,22.06%,41,174,215
"Family District Judge, 313th Judicial District",0338,730,391,1121,4934,22.72%,378,664,1042
"Family District Judge, 313th Judicial District",0339,202,222,424,1757,24.13%,88,307,395
"Family District Judge, 313th Judicial District",0340,1038,594,1632,3765,43.35%,1220,334,1554
"Family District Judge, 313th Judicial District",0341,91,167,258,1290,20.00%,86,166,252
"Family District Judge, 313th Judicial District",0342,675,605,1280,6526,19.61%,207,1039,1246
"Family District Judge, 313th Judicial District",0343,189,271,460,1964,23.42%,136,292,428
"Family District Judge, 313th Judicial District",0344,154,172,326,1160,28.10%,15,297,312
"Family District Judge, 313th Judicial District",0345,156,165,321,1804,17.79%,97,208,305
"Family District Judge, 313th Judicial District",0346,0,1,1,3,33.33%,1,0,1
"Family District Judge, 313th Judicial District",0347,592,436,1028,3387,30.35%,686,305,991
"Family District Judge, 313th Judicial District",0348,438,208,646,1708,37.82%,493,122,615
"Family District Judge, 313th Judicial District",0349,188,267,455,1349,33.73%,281,150,431
"Family District Judge, 313th Judicial District",0350,524,526,1050,2909,36.09%,420,540,960
"Family District Judge, 313th Judicial District",0351,1491,710,2201,4712,46.71%,1735,384,2119
"Family District Judge, 313th Judicial District",0352,520,339,859,3205,26.80%,622,200,822
"Family District Judge, 313th Judicial District",0353,665,451,1116,3862,28.90%,199,886,1085
"Family District Judge, 313th Judicial District",0354,715,338,1053,3388,31.08%,256,765,1021
"Family District Judge, 313th Judicial District",0355,301,264,565,1560,36.22%,48,500,548
"Family District Judge, 313th Judicial District",0356,594,538,1132,2972,38.09%,732,347,1079
"Family District Judge, 313th Judicial District",0357,837,575,1412,3517,40.15%,1034,330,1364
"Family District Judge, 313th Judicial District",0358,212,254,466,2492,18.70%,48,403,451
"Family District Judge, 313th Judicial District",0359,234,224,458,3061,14.96%,61,389,450
"Family District Judge, 313th Judicial District",0360,522,380,902,2146,42.03%,466,350,816
"Family District Judge, 313th Judicial District",0361,41,295,336,1673,20.08%,48,247,295
"Family District Judge, 313th Judicial District",0362,1138,887,2025,5086,39.82%,1484,437,1921
"Family District Judge, 313th Judicial District",0363,620,412,1032,3677,28.07%,459,540,999
"Family District Judge, 313th Judicial District",0364,488,405,893,2658,33.60%,515,332,847
"Family District Judge, 313th Judicial District",0365,478,231,709,1305,54.33%,53,639,692
"Family District Judge, 313th Judicial District",0366,252,270,522,2454,21.27%,133,375,508
"Family District Judge, 313th Judicial District",0367,170,138,308,1130,27.26%,69,233,302
"Family District Judge, 313th Judicial District",0368,178,88,266,958,27.77%,69,186,255
"Family District Judge, 313th Judicial District",0369,32,29,61,559,10.91%,16,43,59
"Family District Judge, 313th Judicial District",0370,1532,1105,2637,6593,40.00%,1982,566,2548
"Family District Judge, 313th Judicial District",0371,122,52,174,502,34.66%,6,163,169
"Family District Judge, 313th Judicial District",0372,221,170,391,1224,31.94%,46,333,379
"Family District Judge, 313th Judicial District",0373,21,12,33,157,21.02%,2,29,31
"Family District Judge, 313th Judicial District",0374,65,93,158,738,21.41%,57,93,150
"Family District Judge, 313th Judicial District",0375,254,220,474,2645,17.92%,233,207,440
"Family District Judge, 313th Judicial District",0376,278,205,483,1910,25.29%,217,243,460
"Family District Judge, 313th Judicial District",0377,525,583,1109,2920,37.98%,821,229,1050
"Family District Judge, 313th Judicial District",0378,232,354,586,1829,32.04%,365,192,557
"Family District Judge, 313th Judicial District",0379,431,289,720,2027,35.52%,72,633,705
"Family District Judge, 313th Judicial District",0380,1299,995,2294,5666,40.49%,1246,974,2220
"Family District Judge, 313th Judicial District",0381,412,248,660,2855,23.12%,308,322,630
"Family District Judge, 313th Judicial District",0382,132,157,289,922,31.34%,212,68,280
"Family District Judge, 313th Judicial District",0383,289,263,552,2173,25.40%,225,305,530
"Family District Judge, 313th Judicial District",0384,573,373,946,2657,35.60%,187,722,909
"Family District Judge, 313th Judicial District",0385,583,670,1253,2207,56.77%,974,209,1183
"Family District Judge, 313th Judicial District",0386,662,469,1131,2922,38.71%,825,259,1084
"Family District Judge, 313th Judicial District",0387,555,672,1227,3935,31.18%,884,302,1186
"Family District Judge, 313th Judicial District",0388,1430,1010,2440,6888,35.42%,1406,963,2369
"Family District Judge, 313th Judicial District",0389,91,208,299,1026,29.14%,42,233,275
"Family District Judge, 313th Judicial District",0390,356,263,619,1480,41.82%,75,522,597
"Family District Judge, 313th Judicial District",0391,508,260,768,1883,40.79%,476,253,729
"Family District Judge, 313th Judicial District",0392,387,155,542,1446,37.48%,9,524,533
"Family District Judge, 313th Judicial District",0393,165,185,350,1292,27.09%,165,175,340
"Family District Judge, 313th Judicial District",0394,69,73,142,834,17.03%,73,63,136
"Family District Judge, 313th Judicial District",0395,469,404,873,1846,47.29%,627,199,826
"Family District Judge, 313th Judicial District",0396,622,216,838,2082,40.25%,19,802,821
"Family District Judge, 313th Judicial District",0397,86,78,164,760,21.58%,75,83,158
"Family District Judge, 313th Judicial District",0398,615,521,1136,4022,28.24%,611,495,1106
"Family District Judge, 313th Judicial District",0399,402,366,768,2791,27.52%,418,325,743
"Family District Judge, 313th Judicial District",0400,620,359,979,2411,40.61%,704,224,928
"Family District Judge, 313th Judicial District",0401,330,205,535,1913,27.97%,18,505,523
"Family District Judge, 313th Judicial District",0402,466,266,732,1794,40.80%,37,680,717
"Family District Judge, 313th Judicial District",0403,475,498,973,1715,56.73%,529,347,876
"Family District Judge, 313th Judicial District",0404,419,330,749,2585,28.97%,429,289,718
"Family District Judge, 313th Judicial District",0405,0,0,0,0,0.00%,0,0,0
"Family District Judge, 313th Judicial District",0406,137,67,204,628,32.48%,3,197,200
"Family District Judge, 313th Judicial District",0407,688,793,1481,3769,39.29%,988,403,1391
"Family District Judge, 313th Judicial District",0408,146,153,299,1691,17.68%,142,142,284
"Family District Judge, 313th Judicial District",0409,122,149,271,1459,18.57%,111,149,260
"Family District Judge, 313th Judicial District",0410,132,80,212,899,23.58%,44,157,201
"Family District Judge, 313th Judicial District",0411,235,200,435,2339,18.60%,160,252,412
"Family District Judge, 313th Judicial District",0412,74,44,118,468,25.21%,6,107,113
"Family District Judge, 313th Judicial District",0413,767,386,1153,2992,38.54%,453,650,1103
"Family District Judge, 313th Judicial District",0414,654,480,1134,3453,32.84%,870,212,1082
"Family District Judge, 313th Judicial District",0415,539,598,1137,2203,51.61%,763,322,1085
"Family District Judge, 313th Judicial District",0416,538,558,1096,3791,28.91%,609,442,1051
"Family District Judge, 313th Judicial District",0417,353,385,738,2448,30.15%,368,337,705
"Family District Judge, 313th Judicial District",0418,403,469,872,3584,24.33%,361,471,832
"Family District Judge, 313th Judicial District",0419,571,324,895,2658,33.67%,591,263,854
"Family District Judge, 313th Judicial District",0420,1036,874,1910,4762,40.11%,1565,275,1840
"Family District Judge, 313th Judicial District",0421,36,37,73,410,17.80%,26,42,68
"Family District Judge, 313th Judicial District",0422,731,402,1133,3345,33.87%,34,1078,1112
"Family District Judge, 313th Judicial District",0423,108,120,228,1376,16.57%,75,141,216
"Family District Judge, 313th Judicial District",0424,240,111,351,967,36.30%,209,122,331
"Family District Judge, 313th Judicial District",0425,107,123,230,883,26.05%,89,130,219
"Family District Judge, 313th Judicial District",0426,260,183,443,1218,36.37%,259,159,418
"Family District Judge, 313th Judicial District",0427,179,134,313,1092,28.66%,138,152,290
"Family District Judge, 313th Judicial District",0428,619,421,1040,4538,22.92%,329,631,960
"Family District Judge, 313th Judicial District",0429,445,314,759,3197,23.74%,205,510,715
"Family District Judge, 313th Judicial District",0430,161,133,294,1657,17.74%,92,186,278
"Family District Judge, 313th Judicial District",0431,327,84,411,3417,12.03%,153,234,387
"Family District Judge, 313th Judicial District",0432,123,157,280,1455,19.24%,104,166,270
"Family District Judge, 313th Judicial District",0433,50,63,113,581,19.45%,26,83,109
"Family District Judge, 313th Judicial District",0434,370,289,659,1503,43.85%,410,209,619
"Family District Judge, 313th Judicial District",0435,855,636,1491,3252,45.85%,965,441,1406
"Family District Judge, 313th Judicial District",0436,629,531,1160,2933,39.55%,729,359,1088
"Family District Judge, 313th Judicial District",0437,521,512,1033,2033,50.81%,716,247,963
"Family District Judge, 313th Judicial District",0438,517,389,1006,1861,54.06%,770,178,948
"Family District Judge, 313th Judicial District",0439,710,884,1594,3554,44.85%,1153,345,1498
"Family District Judge, 313th Judicial District",0440,664,858,1522,2930,51.95%,1209,218,1427
"Family District Judge, 313th Judicial District",0441,345,420,765,1669,45.84%,575,144,719
"Family District Judge, 313th Judicial District",0442,612,574,1186,2575,46.06%,975,163,1138
"Family District Judge, 313th Judicial District",0443,226,138,364,646,56.35%,256,81,337
"Family District Judge, 313th Judicial District",0444,587,583,1270,3262,38.93%,797,395,1192
"Family District Judge, 313th Judicial District",0445,499,348,847,2026,41.81%,570,236,806
"Family District Judge, 313th Judicial District",0446,31,22,53,291,18.21%,23,27,50
"Family District Judge, 313th Judicial District",0447,93,86,179,637,28.10%,49,119,168
"Family District Judge, 313th Judicial District",0448,590,778,1368,3138,43.59%,740,534,1274
"Family District Judge, 313th Judicial District",0449,12,23,35,198,17.68%,4,30,34
"Family District Judge, 313th Judicial District",0450,435,328,763,2635,28.96%,237,494,731
"Family District Judge, 313th Judicial District",0451,1002,510,1512,2687,56.27%,1228,204,1432
"Family District Judge, 313th Judicial District",0452,554,444,998,3048,32.74%,735,229,964
"Family District Judge, 313th Judicial District",0453,231,262,493,1937,25.45%,195,274,469
"Family District Judge, 313th Judicial District",0454,594,248,842,2561,32.88%,9,813,822
"Family District Judge, 313th Judicial District",0455,367,165,532,1689,31.50%,20,504,524
"Family District Judge, 313th Judicial District",0456,482,362,844,3513,24.03%,488,329,817
"Family District Judge, 313th Judicial District",0457,0,0,0,0,0.00%,0,0,0
"Family District Judge, 313th Judicial District",0458,471,237,708,1924,36.80%,37,648,685
"Family District Judge, 313th Judicial District",0459,951,474,1425,3021,47.17%,1114,257,1371
"Family District Judge, 313th Judicial District",0460,554,331,885,2837,31.19%,233,633,866
"Family District Judge, 313th Judicial District",0461,1155,735,1900,3871,49.08%,1318,452,1770
"Family District Judge, 313th Judicial District",0462,674,619,1293,3384,38.21%,473,754,1227
"Family District Judge, 313th Judicial District",0463,480,404,884,3326,26.58%,404,448,852
"Family District Judge, 313th Judicial District",0464,356,430,786,2257,34.82%,563,194,757
"Family District Judge, 313th Judicial District",0465,687,520,1207,3564,33.87%,681,484,1165
"Family District Judge, 313th Judicial District",0466,1058,614,1672,4184,39.96%,970,642,1612
"Family District Judge, 313th Judicial District",0467,213,189,402,1270,31.65%,100,293,393
"Family District Judge, 313th Judicial District",0468,352,443,795,3598,22.10%,248,515,763
"Family District Judge, 313th Judicial District",0469,1294,547,1841,3985,46.20%,1448,302,1750
"Family District Judge, 313th Judicial District",0470,185,176,361,1326,27.22%,265,76,341
"Family District Judge, 313th Judicial District",0471,375,380,755,2387,31.63%,605,128,733
"Family District Judge, 313th Judicial District",0472,198,278,476,1081,44.03%,195,240,435
"Family District Judge, 313th Judicial District",0473,599,391,990,1806,54.82%,690,248,938
"Family District Judge, 313th Judicial District",0474,559,588,1147,3037,37.77%,794,316,1110
"Family District Judge, 313th Judicial District",0475,189,267,456,1809,25.21%,219,214,433
"Family District Judge, 313th Judicial District",0476,404,473,877,2430,36.09%,490,351,841
"Family District Judge, 313th Judicial District",0477,737,567,1304,3505,37.20%,979,271,1250
"Family District Judge, 313th Judicial District",0478,958,657,1615,4461,36.20%,1090,450,1540
"Family District Judge, 313th Judicial District",0479,638,612,1250,2714,46.06%,918,279,1197
"Family District Judge, 313th Judicial District",0480,493,450,943,2415,39.05%,678,224,902
"Family District Judge, 313th Judicial District",0481,770,623,1393,3482,40.01%,1050,276,1326
"Family District Judge, 313th Judicial District",0482,878,630,1508,4373,34.48%,1081,377,1458
"Family District Judge, 313th Judicial District",0483,1042,478,1520,4308,35.28%,886,565,1451
"Family District Judge, 313th Judicial District",0484,1107,930,2037,4979,40.91%,1453,516,1969
"Family District Judge, 313th Judicial District",0485,1095,911,2006,5388,37.23%,1554,392,1946
"Family District Judge, 313th Judicial District",0486,873,855,1728,3866,44.70%,1356,301,1657
"Family District Judge, 313th Judicial District",0487,570,294,864,3860,22.38%,310,482,792
"Family District Judge, 313th Judicial District",0488,268,254,522,1719,30.37%,194,287,481
"Family District Judge, 313th Judicial District",0489,350,290,640,1893,33.81%,210,398,608
"Family District Judge, 313th Judicial District",0490,444,368,812,1975,41.11%,290,486,776
"Family District Judge, 313th Judicial District",0491,314,372,686,1888,36.33%,407,241,648
"Family District Judge, 313th Judicial District",0492,556,410,966,2335,41.37%,582,332,914
"Family District Judge, 313th Judicial District",0493,479,322,801,1853,43.23%,535,218,753
"Family District Judge, 313th Judicial District",0494,381,247,628,2467,25.46%,79,532,611
"Family District Judge, 313th Judicial District",0495,522,523,1045,2375,44.00%,752,227,979
"Family District Judge, 313th Judicial District",0496,190,315,505,2160,23.38%,200,289,489
"Family District Judge, 313th Judicial District",0497,526,243,769,2257,34.07%,25,722,747
"Family District Judge, 313th Judicial District",0498,363,323,686,2297,29.87%,310,357,667
"Family District Judge, 313th Judicial District",0499,750,518,1268,2326,54.51%,920,267,1187
"Family District Judge, 313th Judicial District",0500,729,715,1444,3507,41.17%,998,388,1386
"Family District Judge, 313th Judicial District",0501,341,417,758,1801,42.09%,269,431,700
"Family District Judge, 313th Judicial District",0502,477,350,827,2501,33.07%,671,126,797
"Family District Judge, 313th Judicial District",0503,174,116,290,1374,21.11%,113,155,268
"Family District Judge, 313th Judicial District",0504,524,527,1151,2288,50.31%,746,332,1078
"Family District Judge, 313th Judicial District",0505,531,562,1193,3773,31.62%,541,566,1107
"Family District Judge, 313th Judicial District",0506,665,670,1335,3502,38.12%,228,1061,1289
"Family District Judge, 313th Judicial District",0507,221,149,370,2452,15.09%,75,228,303
"Family District Judge, 313th Judicial District",0508,492,412,904,3287,27.50%,344,492,836
"Family District Judge, 313th Judicial District",0509,753,596,1349,3732,36.15%,944,339,1283
"Family District Judge, 313th Judicial District",0510,687,514,1201,3590,33.45%,607,539,1146
"Family District Judge, 313th Judicial District",0511,0,0,0,0,0.00%,0,0,0
"Family District Judge, 313th Judicial District",0512,602,660,1262,5057,24.96%,602,626,1228
"Family District Judge, 313th Judicial District",0513,1019,487,1506,2894,52.04%,1156,275,1431
"Family District Judge, 313th Judicial District",0514,953,720,1673,4275,39.13%,1252,351,1603
"Family District Judge, 313th Judicial District",0515,942,683,1625,3455,47.03%,1312,245,1557
"Family District Judge, 313th Judicial District",0516,1000,800,1800,5356,33.61%,954,759,1713
"Family District Judge, 313th Judicial District",0517,481,256,737,2954,24.95%,419,295,714
"Family District Judge, 313th Judicial District",0518,635,693,1328,3943,33.68%,865,406,1271
"Family District Judge, 313th Judicial District",0519,623,493,1116,2966,37.63%,827,250,1077
"Family District Judge, 313th Judicial District",0520,473,457,930,4580,20.31%,170,735,905
"Family District Judge, 313th Judicial District",0521,471,464,935,2866,32.62%,510,390,900
"Family District Judge, 313th Judicial District",0522,715,572,1288,2689,47.90%,982,255,1237
"Family District Judge, 313th Judicial District",0523,751,415,1166,3052,38.20%,784,330,1114
"Family District Judge, 313th Judicial District",0524,567,459,1026,3410,30.09%,357,633,990
"Family District Judge, 313th Judicial District",0525,707,482,1189,3091,38.47%,272,867,1139
"Family District Judge, 313th Judicial District",0526,58,84,152,780,19.49%,46,96,142
"Family District Judge, 313th Judicial District",0527,37,40,77,574,13.41%,40,33,73
"Family District Judge, 313th Judicial District",0528,14,12,26,90,28.89%,3,22,25
"Family District Judge, 313th Judicial District",0529,1043,491,1534,3710,41.35%,1309,165,1474
"Family District Judge, 313th Judicial District",0530,114,107,221,1196,18.48%,57,149,206
"Family District Judge, 313th Judicial District",0531,363,174,537,1145,46.90%,415,100,515
"Family District Judge, 313th Judicial District",0532,205,146,351,1048,33.49%,256,83,339
"Family District Judge, 313th Judicial District",0533,124,108,232,1119,20.73%,137,84,221
"Family District Judge, 313th Judicial District",0534,783,524,1,307,3837,34.06%,993,252,1245
"Family District Judge, 313th Judicial District",0535,33,29,62,416,14.90%,31,30,61
"Family District Judge, 313th Judicial District",0536,554,780,1334,5139,25.96%,518,769,1287
"Family District Judge, 313th Judicial District",0537,855,778,1633,3050,53.54%,1198,360,1558
"Family District Judge, 313th Judicial District",0538,204,160,364,1303,27.94%,6,352,358
"Family District Judge, 313th Judicial District",0539,15,241,256,64,400.00%,72,166,238
"Family District Judge, 313th Judicial District",0540,378,316,694,1567,44.29%,290,348,638
"Family District Judge, 313th Judicial District",0541,784,505,1289,4599,28.03%,180,1058,1238
"Family District Judge, 313th Judicial District",0542,360,382,742,2557,29.02%,45,671,716
"Family District Judge, 313th Judicial District",0543,141,213,354,1565,22.62%,114,220,334
"Family District Judge, 313th Judicial District",0544,35,41,77,310,24.84%,12,64,76
"Family District Judge, 313th Judicial District",0545,596,620,1216,3629,33.51%,615,551,1166
"Family District Judge, 313th Judicial District",0546,2,2,4,37,10.81%,2,1,3
"Family District Judge, 313th Judicial District",0547,501,466,967,2406,40.19%,670,252,922
"Family District Judge, 313th Judicial District",0548,285,293,579,2215,26.14%,305,257,562
"Family District Judge, 313th Judicial District",0549,343,418,761,2663,28.58%,112,634,746
"Family District Judge, 313th Judicial District",0550,501,431,932,3031,30.75%,533,364,897
"Family District Judge, 313th Judicial District",0551,1288,1394,2682,7034,38.13%,2032,572,2604
"Family District Judge, 313th Judicial District",0552,847,883,1730,3415,50.66%,1441,233,1674
"Family District Judge, 313th Judicial District",0553,578,529,1107,4686,23.62%,507,564,1071
"Family District Judge, 313th Judicial District",0554,261,199,460,1757,26.18%,98,328,426
"Family District Judge, 313th Judicial District",0555,225,277,502,2219,22.62%,107,374,481
"Family District Judge, 313th Judicial District",0556,276,186,462,2319,19.92%,142,304,446
"Family District Judge, 313th Judicial District",0557,455,183,638,2830,22.54%,260,297,557
"Family District Judge, 313th Judicial District",0558,693,463,1156,4380,26.39%,406,707,1113
"Family District Judge, 313th Judicial District",0559,640,494,1134,4969,22.82%,349,743,1092
"Family District Judge, 313th Judicial District",0560,72,131,203,1120,18.13%,54,136,190
"Family District Judge, 313th Judicial District",0561,362,436,798,3064,26.04%,482,281,763
"Family District Judge, 313th Judicial District",0562,113,68,181,694,26.08%,25,153,178
"Family District Judge, 313th Judicial District",0563,1107,376,1483,3105,47.76%,1164,254,1418
"Family District Judge, 313th Judicial District",0564,470,426,896,3155,28.40%,234,618,852
"Family District Judge, 313th Judicial District",0565,108,78,186,1354,13.74%,43,129,172
"Family District Judge, 313th Judicial District",0566,417,324,741,2882,25.71%,233,484,717
"Family District Judge, 313th Judicial District",0567,301,193,494,2238,22.07%,165,285,450
"Family District Judge, 313th Judicial District",0568,876,685,1561,3594,43.43%,1025,443,1468
"Family District Judge, 313th Judicial District",0569,572,667,1239,3525,35.15%,651,511,1162
"Family District Judge, 313th Judicial District",0570,238,210,448,1562,28.68%,147,261,408
"Family District Judge, 313th Judicial District",0571,155,149,304,1827,16.64%,119,176,295
"Family District Judge, 313th Judicial District",0572,555,375,930,3108,29.92%,484,398,882
"Family District Judge, 313th Judicial District",0573,290,151,441,1619,27.24%,7,429,436
"Family District Judge, 313th Judicial District",0574,31,42,73,402,18.16%,9,64,73
"Family District Judge, 313th Judicial District",0575,13,11,24,74,32.43%,17,6,23
"Family District Judge, 313th Judicial District",0576,485,318,803,2734,29.37%,24,763,787
"Family District Judge, 313th Judicial District",0577,147,88,235,608,38.65%,139,83,222
"Family District Judge, 313th Judicial District",0578,409,538,947,1799,52.64%,585,315,900
"Family District Judge, 313th Judicial District",0579,75,101,176,1056,16.67%,34,135,169
"Family District Judge, 313th Judicial District",0580,179,118,297,1031,28.81%,3,282,285
"Family District Judge, 313th Judicial District",0581,212,174,386,1032,37.40%,7,367,374
"Family District Judge, 313th Judicial District",0582,258,171,429,1588,27.02%,20,398,418
"Family District Judge, 313th Judicial District",0583,225,131,356,1262,28.21%,12,335,347
"Family District Judge, 313th Judicial District",0584,182,93,275,1014,27.12%,11,261,272
"Family District Judge, 313th Judicial District",0585,417,172,589,2511,23.46%,15,561,576
"Family District Judge, 313th Judicial District",0586,638,680,1318,4316,30.54%,803,463,1266
"Family District Judge, 313th Judicial District",0587,436,284,720,2598,27.71%,286,414,700
"Family District Judge, 313th Judicial District",0588,758,674,1432,3645,39.29%,1022,356,1378
"Family District Judge, 313th Judicial District",0589,500,386,886,3420,25.91%,495,362,857
"Family District Judge, 313th Judicial District",0590,772,399,1171,2162,54.16%,915,211,1126
"Family District Judge, 313th Judicial District",0591,183,231,414,2121,19.52%,125,270,395
"Family District Judge, 313th Judicial District",0592,133,157,290,1350,21.48%,79,196,275
"Family District Judge, 313th Judicial District",0593,543,564,1107,4380,25.27%,532,519,1051
"Family District Judge, 313th Judicial District",0594,561,326,887,2490,35.62%,253,601,854
"Family District Judge, 313th Judicial District",0595,201,178,379,1693,22.39%,71,300,371
"Family District Judge, 313th Judicial District",0596,441,348,789,3007,26.24%,437,322,759
"Family District Judge, 313th Judicial District",0597,367,394,761,3653,20.83%,333,412,745
"Family District Judge, 313th Judicial District",0598,195,57,252,728,34.62%,203,43,246
"Family District Judge, 313th Judicial District",0599,850,578,1428,4950,28.85%,503,875,1378
"Family District Judge, 313th Judicial District",0600,667,429,1096,3957,27.70%,446,602,1048
"Family District Judge, 313th Judicial District",0601,1073,756,1829,4057,45.08%,1394,368,1762
"Family District Judge, 313th Judicial District",0602,293,235,528,1326,39.82%,386,125,511
"Family District Judge, 313th Judicial District",0603,884,794,1678,4843,34.65%,1069,568,1637
"Family District Judge, 313th Judicial District",0604,702,518,1220,3005,40.60%,1005,170,1175
"Family District Judge, 313th Judicial District",0605,907,556,1463,5582,26.21%,363,1058,1421
"Family District Judge, 313th Judicial District",0606,176,70,246,937,26.25%,4,237,241
"Family District Judge, 313th Judicial District",0607,62,51,113,728,15.52%,12,94,106
"Family District Judge, 313th Judicial District",0608,31,47,78,537,14.53%,43,31,74
"Family District Judge, 313th Judicial District",0609,667,680,1347,3384,39.80%,831,442,1273
"Family District Judge, 313th Judicial District",0610,231,188,419,1927,21.74%,216,173,389
"Family District Judge, 313th Judicial District",0611,495,242,737,2488,29.62%,20,701,721
"Family District Judge, 313th Judicial District",0612,996,497,1493,3307,45.15%,1115,295,1410
"Family District Judge, 313th Judicial District",0613,186,204,390,1554,25.10%,61,316,377
"Family District Judge, 313th Judicial District",0614,737,566,1303,4207,30.97%,499,755,1254
"Family District Judge, 313th Judicial District",0615,480,299,779,1967,39.60%,500,257,757
"Family District Judge, 313th Judicial District",0616,739,663,1402,3436,40.80%,984,363,1347
"Family District Judge, 313th Judicial District",0617,541,393,934,3809,24.52%,383,532,915
"Family District Judge, 313th Judicial District",0618,946,567,1513,6003,25.20%,763,704,1467
"Family District Judge, 313th Judicial District",0619,1219,803,2022,4297,47.06%,1498,431,1929
"Family District Judge, 313th Judicial District",0620,689,264,953,2897,32.90%,613,295,908
"Family District Judge, 313th Judicial District",0621,154,101,255,1133,22.51%,129,112,241
"Family District Judge, 313th Judicial District",0622,881,524,1405,4403,31.91%,864,487,1351
"Family District Judge, 313th Judicial District",0623,887,487,1374,3691,37.23%,931,376,1307
"Family District Judge, 313th Judicial District",0624,1,1,2,3,66.67%,1,1,2
"Family District Judge, 313th Judicial District",0625,477,362,839,1820,46.10%,480,304,784
"Family District Judge, 313th Judicial District",0626,581,440,1021,2861,35.69%,568,396,964
"Family District Judge, 313th Judicial District",0627,346,322,668,3049,21.91%,242,395,637
"Family District Judge, 313th Judicial District",0628,152,219,371,1675,22.15%,198,164,362
"Family District Judge, 313th Judicial District",0629,37,53,90,696,12.93%,15,74,89
"Family District Judge, 313th Judicial District",0630,974,600,1574,3905,40.31%,119,1414,1533
"Family District Judge, 313th Judicial District",0631,822,404,1226,2846,43.08%,896,281,1177
"Family District Judge, 313th Judicial District",0632,7,4,11,343,3.21%,3,8,11
"Family District Judge, 313th Judicial District",0633,943,731,1674,3559,47.04%,1186,422,1608
"Family District Judge, 313th Judicial District",0634,458,442,900,3029,29.71%,593,274,867
"Family District Judge, 313th Judicial District",0635,743,485,1228,3393,36.19%,924,265,1189
"Family District Judge, 313th Judicial District",0636,835,874,1710,4140,41.30%,1474,180,1654
"Family District Judge, 313th Judicial District",0637,409,362,771,2512,30.69%,189,533,722
"Family District Judge, 313th Judicial District",0638,304,245,549,2204,24.91%,45,483,528
"Family District Judge, 313th Judicial District",0639,549,547,1096,2526,43.39%,881,172,1053
"Family District Judge, 313th Judicial District",0640,641,459,1100,3733,29.47%,697,368,1065
"Family District Judge, 313th Judicial District",0641,649,596,1245,3650,34.11%,826,370,1196
"Family District Judge, 313th Judicial District",0642,471,394,865,1764,49.04%,688,137,825
"Family District Judge, 313th Judicial District",0643,934,653,1587,5945,26.69%,629,911,1540
"Family District Judge, 313th Judicial District",0644,1019,823,1842,5523,33.35%,1216,549,1765
"Family District Judge, 313th Judicial District",0645,654,594,1248,4185,29.82%,686,511,1197
"Family District Judge, 313th Judicial District",0646,364,287,651,2220,29.32%,208,400,608
"Family District Judge, 313th Judicial District",0647,904,470,1374,6084,22.58%,387,874,1261
"Family District Judge, 313th Judicial District",0648,838,579,1417,3367,42.08%,1020,350,1370
"Family District Judge, 313th Judicial District",0649,687,434,1121,4576,24.50%,364,681,1045
"Family District Judge, 313th Judicial District",0650,906,766,1672,3888,43.00%,1210,387,1597
"Family District Judge, 313th Judicial District",0651,963,766,1729,5128,33.72%,1114,540,1654
"Family District Judge, 313th Judicial District",0652,467,515,982,2815,34.88%,168,780,948
"Family District Judge, 313th Judicial District",0653,0,4,4,0,0.00%,0,4,4
"Family District Judge, 313th Judicial District",0654,950,1005,1955,6208,31.49%,1085,798,1883
"Family District Judge, 313th Judicial District",0655,1115,1079,2195,6855,32.02%,1373,736,2109
"Family District Judge, 313th Judicial District",0656,579,393,972,2674,36.35%,36,916,952
"Family District Judge, 313th Judicial District",0657,246,172,418,1292,32.35%,169,232,401
"Family District Judge, 313th Judicial District",0658,540,426,966,2807,34.41%,623,319,942
"Family District Judge, 313th Judicial District",0659,1149,788,1937,4856,39.89%,1390,489,1879
"Family District Judge, 313th Judicial District",0660,950,825,1775,5372,33.04%,158,1576,1734
"Family District Judge, 313th Judicial District",0661,675,765,1440,4567,31.53%,840,543,1383
"Family District Judge, 313th Judicial District",0662,1148,890,2038,4874,41.81%,1634,337,1971
"Family District Judge, 313th Judicial District",0663,717,797,1514,3346,45.25%,756,650,1406
"Family District Judge, 313th Judicial District",0664,352,250,602,2869,20.98%,132,439,571
"Family District Judge, 313th Judicial District",0665,482,348,830,2154,38.53%,701,102,803
"Family District Judge, 313th Judicial District",0666,0,0,0,0,0.00%,0,0,0
"Family District Judge, 313th Judicial District",0667,488,502,990,2149,46.07%,772,178,950
"Family District Judge, 313th Judicial District",0668,399,509,908,2775,32.72%,589,291,880
"Family District Judge, 313th Judicial District",0669,850,738,1,588,3425,46.36%,1145,374,1519
"Family District Judge, 313th Judicial District",0670,955,471,1427,2983,47.84%,1136,232,1368
"Family District Judge, 313th Judicial District",0671,403,565,968,3037,31.87%,593,335,928
"Family District Judge, 313th Judicial District",0672,959,862,1821,5706,31.91%,1241,528,1769
"Family District Judge, 313th Judicial District",0673,729,516,1245,2995,41.57%,989,206,1195
"Family District Judge, 313th Judicial District",0674,1071,618,1689,4091,41.29%,1259,374,1633
"Family District Judge, 313th Judicial District",0675,0,1,1,0,0.00%,1,0,1
"Family District Judge, 313th Judicial District",0676,0,0,0,0,0.00%,0,0,0
"Family District Judge, 313th Judicial District",0677,127,127,254,1266,20.06%,92,147,239
"Family District Judge, 313th Judicial District",0678,166,108,274,735,37.28%,176,76,252
"Family District Judge, 313th Judicial District",0679,635,520,1155,3381,34.16%,870,232,1102
"Family District Judge, 313th Judicial District",0680,21,14,35,162,21.60%,13,22,35
"Family District Judge, 313th Judicial District",0681,1,0,1,5,20.00%,1,0,1
"Family District Judge, 313th Judicial District",0682,711,654,1365,4216,32.38%,1009,310,1319
"Family District Judge, 313th Judicial District",0683,29,20,49,276,17.75%,8,35,43
"Family District Judge, 313th Judicial District",0684,27,22,49,223,21.97%,26,20,46
"Family District Judge, 313th Judicial District",0685,110,29,139,307,45.28%,62,68,130
"Family District Judge, 313th Judicial District",0686,17,12,29,208,13.94%,12,16,28
"Family District Judge, 313th Judicial District",0687,549,537,1086,2609,41.63%,739,282,1021
"Family District Judge, 313th Judicial District",0688,999,617,1616,3504,46.12%,1289,261,1550
"Family District Judge, 313th Judicial District",0689,211,387,598,2346,25.49%,303,265,568
"Family District Judge, 313th Judicial District",0690,926,1104,2030,5102,39.79%,1636,324,1960
"Family District Judge, 313th Judicial District",0691,2,5,7,25,28.00%,3,4,7
"Family District Judge, 313th Judicial District",0692,444,548,992,2847,34.84%,750,204,954
"Family District Judge, 313th Judicial District",0693,167,91,258,666,38.74%,70,177,247
"Family District Judge, 313th Judicial District",0694,250,120,380,845,44.97%,261,94,355
"Family District Judge, 313th Judicial District",0695,232,193,425,1724,24.65%,273,138,411
"Family District Judge, 313th Judicial District",0696,251,207,468,1982,23.61%,299,149,448
"Family District Judge, 313th Judicial District",0697,505,613,1218,4413,27.60%,306,867,1173
"Family District Judge, 313th Judicial District",0698,445,489,937,3189,29.38%,103,809,912
"Family District Judge, 313th Judicial District",0699,555,414,982,2343,41.91%,661,258,919
"Family District Judge, 313th Judicial District",0700,255,251,506,1371,36.91%,424,61,485
"Family District Judge, 313th Judicial District",0701,56,43,99,588,16.84%,62,32,94
"Family District Judge, 313th Judicial District",0702,54,70,134,539,24.86%,18,114,132
"Family District Judge, 313th Judicial District",0703,372,490,862,1882,45.80%,635,190,825
"Family District Judge, 313th Judicial District",0704,569,599,1168,3064,38.12%,947,173,1120
"Family District Judge, 313th Judicial District",0705,114,113,227,1523,14.90%,30,187,217
"Family District Judge, 313th Judicial District",0706,115,71,186,610,30.49%,93,81,174
"Family District Judge, 313th Judicial District",0707,153,86,239,707,33.80%,160,68,228
"Family District Judge, 313th Judicial District",0708,54,52,106,563,18.83%,51,47,98
"Family District Judge, 313th Judicial District",0709,1375,947,2322,6848,33.91%,1405,848,2253
"Family District Judge, 313th Judicial District",0710,371,462,833,2082,40.01%,455,312,767
"Family District Judge, 313th Judicial District",0711,702,506,1208,3484,34.67%,732,405,1137
"Family District Judge, 313th Judicial District",0712,491,463,954,3670,25.99%,407,524,931
"Family District Judge, 313th Judicial District",0713,225,262,490,1907,25.69%,247,223,470
"Family District Judge, 313th Judicial District",0714,35,19,55,296,18.58%,34,19,53
"Family District Judge, 313th Judicial District",0715,175,187,363,1408,25.78%,206,137,343
"Family District Judge, 313th Judicial District",0716,449,407,856,2680,31.94%,602,229,831
"Family District Judge, 313th Judicial District",0717,373,250,623,2002,31.12%,71,537,608
"Family District Judge, 313th Judicial District",0718,1017,806,1823,4229,43.11%,1292,434,1726
"Family District Judge, 313th Judicial District",0719,247,137,384,1589,24.17%,230,137,367
"Family District Judge, 313th Judicial District",0720,994,780,1774,4282,41.43%,1342,371,1713
"Family District Judge, 313th Judicial District",0721,754,532,1286,2870,44.81%,852,371,1223
"Family District Judge, 313th Judicial District",0722,571,494,1365,4479,30.48%,100,1221,1321
"Family District Judge, 313th Judicial District",0723,401,202,603,1858,32.45%,132,449,581
"Family District Judge, 313th Judicial District",0724,151,128,279,766,36.42%,213,53,266
"Family District Judge, 313th Judicial District",0725,423,237,660,2237,29.50%,308,329,637
"Family District Judge, 313th Judicial District",0726,592,402,994,2087,47.63%,874,96,970
"Family District Judge, 313th Judicial District",0727,338,290,628,2488,25.24%,204,387,591
"Family District Judge, 313th Judicial District",0728,209,151,360,880,40.91%,225,117,342
"Family District Judge, 313th Judicial District",0729,136,59,195,464,42.03%,121,69,190
"Family District Judge, 313th Judicial District",0730,428,359,787,1747,45.05%,504,235,739
"Family District Judge, 313th Judicial District",0731,58,27,85,352,24.15%,26,57,83
"Family District Judge, 313th Judicial District",0732,441,324,765,1924,39.76%,474,250,724
"Family District Judge, 313th Judicial District",0733,13,7,20,215,9.30%,8,10,18
"Family District Judge, 313th Judicial District",0734,1558,962,2520,7005,35.97%,1729,713,2442
"Family District Judge, 313th Judicial District",0735,8,0,6,18,33.33%,6,0,6
"Family District Judge, 313th Judicial District",0736,3,1,4,22,18.18%,0,3,3
"Family District Judge, 313th Judicial District",0737,11,7,18,51,35.29%,13,5,18
"Family District Judge, 313th Judicial District",0738,139,100,239,1361,17.56%,46,184,230
"Family District Judge, 313th Judicial District",0739,353,301,654,2955,22.13%,341,286,627
"Family District Judge, 313th Judicial District",0740,96,98,194,939,20.66%,128,58,186
"Family District Judge, 313th Judicial District",0741,0,1,1,0,0.00%,0,0,0
"Family District Judge, 313th Judicial District",0742,0,11,11,0,0.00%,6,5,11
"Family District Judge, 313th Judicial District",0743,15,18,33,210,15.71%,18,13,31
"Family District Judge, 313th Judicial District",0744,456,392,848,2027,41.84%,554,247,801
"Family District Judge, 313th Judicial District",0745,683,372,1055,2494,42.30%,652,355,1007
"Family District Judge, 313th Judicial District",0746,114,77,191,691,27.64%,90,98,188
"Family District Judge, 313th Judicial District",0747,550,467,1017,3743,27.17%,498,493,991
"Family District Judge, 313th Judicial District",0748,170,140,310,1403,22.10%,163,136,299
"Family District Judge, 313th Judicial District",0749,30,17,47,377,12.47%,11,35,46
"Family District Judge, 313th Judicial District",0750,111,96,207,767,26.99%,124,79,203
"Family District Judge, 313th Judicial District",0751,925,964,1889,5084,37.16%,1242,565,1807
"Family District Judge, 313th Judicial District",0752,286,200,486,1483,32.77%,367,98,465
"Family District Judge, 313th Judicial District",0753,55,73,128,259,49.42%,81,41,122
"Family District Judge, 313th Judicial District",0754,0,0,0,0,0.00%,0,0,0
"Family District Judge, 313th Judicial District",0755,442,584,1026,4294,23.89%,447,538,985
"Family District Judge, 313th Judicial District",0756,251,177,428,1600,26.75%,166,244,410
"Family District Judge, 313th Judicial District",0757,520,508,1028,4035,25.48%,178,817,995
"Family District Judge, 313th Judicial District",0758,1114,692,1806,4096,44.09%,1456,292,1748
"Family District Judge, 313th Judicial District",0759,465,413,878,2730,32.16%,559,285,844
"Family District Judge, 313th Judicial District",0760,1432,639,2071,4367,47.42%,1709,270,1979
"Family District Judge, 313th Judicial District",0761,548,253,801,1550,51.68%,557,184,741
"Family District Judge, 313th Judicial District",0762,0,0,0,0,0.00%,0,0,0
"Family District Judge, 313th Judicial District",0763,108,146,254,1212,20.96%,103,137,240
"Family District Judge, 313th Judicial District",0764,1133,774,1907,5217,36.55%,1207,638,1845
"Family District Judge, 313th Judicial District",0765,847,426,1073,4055,26.46%,456,568,1024
"Family District Judge, 313th Judicial District",0766,40,25,65,392,16.58%,15,43,58
"Family District Judge, 313th Judicial District",0767,10,2,12,86,13.95%,6,6,12
"Family District Judge, 313th Judicial District",0768,1359,1015,2374,5857,40.53%,1933,380,2313
"Family District Judge, 313th Judicial District",0769,54,16,70,183,38.25%,3,66,69
"Family District Judge, 313th Judicial District",0770,31,25,56,323,17.34%,24,27,51
"Family District Judge, 313th Judicial District",0771,324,254,578,2426,23.83%,335,222,557
"Family District Judge, 313th Judicial District",0772,1792,851,2643,5709,46.30%,2013,508,2521
"Family District Judge, 313th Judicial District",0773,473,312,785,2918,26.90%,212,507,719
"Family District Judge, 313th Judicial District",0774,30,41,71,378,18.78%,15,54,69
"Family District Judge, 313th Judicial District",0775,18,3,21,92,22.83%,0,21,21
"Family District Judge, 313th Judicial District",0776,551,496,1047,3053,34.29%,614,384,998
"Family District Judge, 313th Judicial District",0777,48,40,86,652,13.19%,30,54,84
"Family District Judge, 313th Judicial District",0778,0,0,0,0,0.00%,0,0,0
"Family District Judge, 313th Judicial District",0779,64,51,115,940,12.23%,43,68,111
"Family District Judge, 313th Judicial District",0780,53,59,122,595,20.50%,71,47,118
"Family District Judge, 313th Judicial District",0781,666,273,939,3603,26.06%,423,421,844
"Family District Judge, 313th Judicial District",0782,368,370,738,2236,33.01%,460,252,712
"Family District Judge, 313th Judicial District",0783,49,13,62,294,21.09%,45,15,60
"Family District Judge, 313th Judicial District",0784,208,128,336,1079,31.14%,6,319,325
"Family District Judge, 313th Judicial District",0785,28,25,53,296,17.91%,27,26,53
"Family District Judge, 313th Judicial District",0786,100,98,198,1251,15.83%,76,114,190
"Family District Judge, 313th Judicial District",0787,48,52,98,488,20.08%,34,61,95
"Family District Judge, 313th Judicial District",0788,74,32,106,454,23.35%,49,53,102
"Family District Judge, 313th Judicial District",0789,0,3,3,3,100.00%,1,2,3
"Family District Judge, 313th Judicial District",0790,0,0,0,3,0.00%,0,0,0
"Family District Judge, 313th Judicial District",0791,0,0,0,0,0.00%,0,0,0
"Family District Judge, 313th Judicial District",0792,269,239,508,1865,27.24%,119,362,481
"Family District Judge, 313th Judicial District",0793,448,247,695,2484,27.98%,416,254,670
"Family District Judge, 313th Judicial District",0794,124,144,268,2710,9.89%,34,228,262
"Family District Judge, 313th Judicial District",0795,90,125,215,1217,17.67%,79,122,201
"Family District Judge, 313th Judicial District",0796,83,51,134,476,28.15%,77,53,130
"Family District Judge, 313th Judicial District",0797,0,0,0,0,0.00%,0,0,0
"Family District Judge, 313th Judicial District",0798,99,111,210,500,42.00%,81,120,201
"Family District Judge, 313th Judicial District",0799,28,15,43,161,26.71%,9,34,43
"Family District Judge, 313th Judicial District",0800,588,642,1230,2932,41.95%,833,333,1166
"Family District Judge, 313th Judicial District",0801,32,14,46,258,17.83%,15,28,43
"Family District Judge, 313th Judicial District",0802,51,27,78,312,25.00%,15,61,76
"Family District Judge, 313th Judicial District",0803,725,511,1236,2893,42.72%,910,284,1194
"Family District Judge, 313th Judicial District",0804,932,591,1523,4768,31.94%,968,508,1476
"Family District Judge, 313th Judicial District",0805,765,533,1298,2866,45.29%,1049,208,1257
"Family District Judge, 313th Judicial District",0806,0,0,0,0,0.00%,0,0,0
"Family District Judge, 313th Judicial District",0807,211,204,415,2028,20.46%,96,303,399
"Family District Judge, 313th Judicial District",0808,12,17,29,131,22.14%,6,21,27
"Family District Judge, 313th Judicial District",0809,7,6,13,92,14.13%,5,6,11
"Family District Judge, 313th Judicial District",0810,9,16,25,211,11.85%,8,16,24
"Family District Judge, 313th Judicial District",0811,29,50,79,270,29.26%,26,51,77
"Family District Judge, 313th Judicial District",0812,0,0,0,0,0.00%,0,0,0
"Family District Judge, 313th Judicial District",0813,938,761,1699,5807,29.26%,843,807,1650
"Family District Judge, 313th Judicial District",0814,673,533,1206,5102,23.64%,303,865,1168
"Family District Judge, 313th Judicial District",0815,0,0,0,0,0.00%,0,0,0
"Family District Judge, 313th Judicial District",0816,10,0,10,73,13.70%,3,7,10
"Family District Judge, 313th Judicial District",0817,0,0,0,0,0.00%,0,0,0
"Family District Judge, 313th Judicial District",0818,86,39,125,616,20.29%,28,92,120
"Family District Judge, 313th Judicial District",0819,64,30,94,240,39.17%,50,33,83
"Family District Judge, 313th Judicial District",0820,0,0,0,0,0.00%,0,0,0
"Family District Judge, 313th Judicial District",0821,124,120,244,1242,19.65%,33,203,236
"Family District Judge, 313th Judicial District",0822,332,167,499,1535,32.51%,15,468,483
"Family District Judge, 313th Judicial District",0823,821,564,1385,5087,27.23%,796,544,1340
"Family District Judge, 313th Judicial District",0824,428,282,710,2700,26.30%,156,536,692
"Family District Judge, 313th Judicial District",0825,0,0,0,0,0.00%,0,0,0
"Family District Judge, 313th Judicial District",0826,73,50,123,358,34.36%,61,52,113
"Family District Judge, 313th Judicial District",0827,60,98,158,979,16.14%,73,79,152
"Family District Judge, 313th Judicial District",0828,541,388,929,1916,48.49%,746,138,884
"Family District Judge, 313th Judicial District",0829,54,22,76,264,28.79%,18,57,75
"Family District Judge, 313th Judicial District",0830,0,0,0,2,0.00%,0,0,0
"Family District Judge, 313th Judicial District",0831,0,0,0,0,0.00%,0,0,0
"Family District Judge, 313th Judicial District",0832,34,28,62,352,17.61%,17,41,58
"Family District Judge, 313th Judicial District",0833,0,1,1,20,5.00%,0,1,1
"Family District Judge, 313th Judicial District",0834,0,0,0,0,0.00%,0,0,0
"Family District Judge, 313th Judicial District",0835,38,19,57,290,19.66%,12,39,51
"Family District Judge, 313th Judicial District",0836,3,0,3,19,15.79%,0,3,3
"Family District Judge, 313th Judicial District",0837,0,0,0,0,0.00%,0,0,0
"Family District Judge, 313th Judicial District",0838,0,0,0,0,0.00%,0,0,0
"Family District Judge, 313th Judicial District",0839,136,118,254,1128,22.52%,51,192,243
"Family District Judge, 313th Judicial District",0840,381,174,555,1705,32.55%,192,350,542
"Family District Judge, 313th Judicial District",0841,0,0,0,0,0.00%,0,0,0
"Family District Judge, 313th Judicial District",0842,421,434,855,3259,26.24%,395,428,823
"Family District Judge, 313th Judicial District",0843,0,1,1,0,0.00%,0,1,1
"Family District Judge, 313th Judicial District",0844,1,0,1,11,9.09%,0,1,1
"Family District Judge, 313th Judicial District",0845,54,9,63,134,47.01%,39,21,60
"Family District Judge, 313th Judicial District",0846,23,24,47,229,20.52%,2,43,45
"Family District Judge, 313th Judicial District",0847,305,211,516,2015,25.61%,140,361,501
"Family District Judge, 313th Judicial District",0848,489,266,755,1856,40.68%,218,501,719
"Family District Judge, 313th Judicial District",0849,201,291,492,2124,23.16%,193,280,473
"Family District Judge, 313th Judicial District",0850,45,41,87,210,41.43%,32,52,84
"Family District Judge, 313th Judicial District",0851,1029,657,1686,4709,35.80%,1129,494,1623
"Family District Judge, 313th Judicial District",0852,0,0,0,1,0.00%,0,0,0
"Family District Judge, 313th Judicial District",0853,575,620,1296,2882,44.97%,989,247,1236
"Family District Judge, 313th Judicial District",0854,15,26,41,172,23.84%,6,33,39
"Family District Judge, 313th Judicial District",0855,5,9,14,16,87.50%,5,8,13
"Family District Judge, 313th Judicial District",0856,0,1,1,0,0.00%,0,1,1
"Family District Judge, 313th Judicial District",0857,0,0,0,1,0.00%,0,0,0
"Family District Judge, 313th Judicial District",0858,63,34,97,343,28.28%,3,90,93
"Family District Judge, 313th Judicial District",0859,157,106,263,890,29.55%,69,188,257
"Family District Judge, 313th Judicial District",0860,0,0,0,0,0.00%,0,0,0
"Family District Judge, 313th Judicial District",0861,315,199,514,1842,27.90%,81,421,502
"Family District Judge, 313th Judicial District",0862,0,0,0,0,0.00%,0,0,0
"Family District Judge, 313th Judicial District",0863,101,54,155,584,26.54%,7,147,154
"Family District Judge, 313th Judicial District",0864,193,299,492,2569,19.15%,139,330,469
"Family District Judge, 313th Judicial District",0865,2,3,5,21,23.81%,0,5,5
"Family District Judge, 313th Judicial District",0866,0,0,0,0,0.00%,0,0,0
"Family District Judge, 313th Judicial District",0867,0,0,0,0,0.00%,0,0,0
"Family District Judge, 313th Judicial District",0868,236,271,507,2326,21.80%,163,323,486
"Family District Judge, 313th Judicial District",0869,53,39,92,470,19.57%,25,65,90
"Family District Judge, 313th Judicial District",0870,0,0,0,0,0.00%,0,0,0
"Family District Judge, 313th Judicial District",0871,1,0,1,3,33.33%,0,1,1
"Family District Judge, 313th Judicial District",0872,5,3,8,59,13.56%,4,4,8
"Family District Judge, 313th Judicial District",0873,98,75,173,737,23.47%,44,124,168
"Family District Judge, 313th Judicial District",0874,763,707,1470,3223,45.61%,1100,308,1408
"Family District Judge, 313th Judicial District",0875,904,527,1431,5147,27.80%,694,691,1385
"Family District Judge, 313th Judicial District",0876,698,641,1339,3265,41.01%,1026,274,1300
"Family District Judge, 313th Judicial District",0877,476,382,858,3032,28.30%,346,491,837
"Family District Judge, 313th Judicial District",0878,427,354,781,1666,46.88%,658,103,761
"Family District Judge, 313th Judicial District",0879,407,294,701,2667,26.28%,356,312,668
"Family District Judge, 313th Judicial District",0880,543,447,990,2352,42.09%,795,160,955
"Family District Judge, 313th Judicial District",0881,593,540,1133,4479,25.30%,394,709,1103
"Family District Judge, 313th Judicial District",0882,426,291,717,2422,29.60%,432,259,691
"Family District Judge, 313th Judicial District",0883,643,702,1345,5408,24.87%,239,1071,1310
"Family District Judge, 313th Judicial District",0884,57,25,82,377,21.75%,9,70,79
"Family District Judge, 313th Judicial District",0885,562,368,930,2619,35.51%,549,359,908
"Family District Judge, 313th Judicial District",0886,128,108,236,675,34.96%,134,89,223
"Family District Judge, 313th Judicial District",0887,50,67,117,418,27.99%,51,57,108
"Family District Judge, 313th Judicial District",0888,0,3,3,0,0.00%,2,1,3
"Family District Judge, 313th Judicial District",0889,14,0,14,57,24.56%,5,8,13
"Family District Judge, 313th Judicial District",0890,164,103,267,1095,24.38%,87,156,243
"Family District Judge, 313th Judicial District",0891,317,243,560,1331,42.07%,220,302,522
"Family District Judge, 313th Judicial District",0892,115,86,201,808,24.88%,68,120,188
"Family District Judge, 313th Judicial District",0893,0,2,2,6,33.33%,0,2,2
"Family District Judge, 313th Judicial District",0894,0,3,3,0,0.00%,2,1,3
"Family District Judge, 313th Judicial District",0895,156,286,442,793,55.74%,176,210,386
"Family District Judge, 313th Judicial District",0896,370,297,667,1459,45.72%,238,376,614
"Family District Judge, 313th Judicial District",0897,252,297,549,1701,32.28%,313,220,533
"Family District Judge, 313th Judicial District",0898,0,0,0,3,0.00%,0,0,0
"Family District Judge, 313th Judicial District",0899,2,0,2,8,25.00%,0,2,2
"Family District Judge, 313th Judicial District",0900,0,2,2,10,20.00%,1,1,2
"Family District Judge, 313th Judicial District",0901,0,0,0,0,0.00%,0,0,0
"Family District Judge, 313th Judicial District",0902,394,486,880,2139,41.14%,475,344,819
"Family District Judge, 313th Judicial District",0903,3,7,10,50,20.00%,2,6,8
"Family District Judge, 313th Judicial District",0904,1,0,1,7,14.29%,1,0,1
"Family District Judge, 313th Judicial District",0905,123,100,223,904,24.67%,98,112,210
"Family District Judge, 313th Judicial District",0906,8,6,14,25,56.00%,7,5,12
"Family District Judge, 313th Judicial District",0907,12,19,31,181,17.13%,6,25,31
"Family District Judge, 313th Judicial District",0908,0,1,1,0,0.00%,0,1,1
"Family District Judge, 313th Judicial District",0909,2,1,3,18,16.67%,0,3,3
"Family District Judge, 313th Judicial District",0910,25,24,49,217,22.58%,21,25,46
"Family District Judge, 313th Judicial District",0911,118,60,178,551,32.30%,120,52,172
"Family District Judge, 313th Judicial District",0912,316,201,517,1273,40.61%,345,144,489
"Family District Judge, 313th Judicial District",0913,0,0,0,0,0.00%,0,0,0
"Family District Judge, 313th Judicial District",0914,169,179,348,701,49.64%,275,60,335
"Family District Judge, 313th Judicial District",0915,0,0,0,0,0.00%,0,0,0
"Family District Judge, 313th Judicial District",0916,417,240,657,1491,44.06%,522,112,634
"Family District Judge, 313th Judicial District",0917,177,62,239,483,49.48%,157,64,221
"Family District Judge, 313th Judicial District",0918,304,168,472,883,53.45%,362,86,448
"Family District Judge, 313th Judicial District",0919,0,0,0,3,0.00%,0,0,0
"Family District Judge, 313th Judicial District",0920,22,12,34,71,47.89%,24,9,33
"Family District Judge, 313th Judicial District",0921,32,15,47,119,39.50%,34,13,47
"Family District Judge, 313th Judicial District",0922,0,0,0,0,0.00%,0,0,0
"Family District Judge, 313th Judicial District",0923,470,137,607,1511,40.17%,455,134,589
"Family District Judge, 313th Judicial District",0924,0,0,0,0,0.00%,0,0,0
"Family District Judge, 313th Judicial District",0925,0,0,0,0,0.00%,0,0,0
"Family District Judge, 313th Judicial District",0926,171,128,299,796,37.56%,223,65,288
"Family District Judge, 313th Judicial District",0927,44,30,74,270,27.41%,30,39,69
"Family District Judge, 313th Judicial District",0928,3,0,3,8,37.50%,0,3,3
"Family District Judge, 313th Judicial District",0929,0,0,0,0,0.00%,0,0,0
"Family District Judge, 313th Judicial District",0930,109,54,163,584,27.91%,6,154,160
"Family District Judge, 313th Judicial District",0931,30,40,70,130,53.85%,34,27,61
"Family District Judge, 313th Judicial District",0932,0,0,0,0,0.00%,0,0,0
"Family District Judge, 313th Judicial District",0933,115,85,200,627,31.90%,56,136,192
"Family District Judge, 313th Judicial District",0934,2,0,2,63,3.17%,1,1,2
"Family District Judge, 313th Judicial District",0935,3,2,5,54,9.26%,1,2,3
"Family District Judge, 313th Judicial District",0936,8,2,10,81,12.35%,3,6,9
"Family District Judge, 313th Judicial District",0937,0,0,0,0,0.00%,0,0,0
"Family District Judge, 313th Judicial District",0938,30,14,44,231,19.05%,15,28,43
"Family District Judge, 313th Judicial District",0939,0,0,0,2,0.00%,0,0,0
"Family District Judge, 313th Judicial District",0940,0,0,0,10,0.00%,0,0,0
"Family District Judge, 313th Judicial District",0941,9,10,19,25,76.00%,19,0,19
"Family District Judge, 313th Judicial District",0942,53,27,80,156,51.28%,68,10,78
"Family District Judge, 313th Judicial District",0943,164,80,244,547,44.61%,164,64,228
"Family District Judge, 313th Judicial District",0944,20,4,24,45,53.33%,20,0,20
"Family District Judge, 313th Judicial District",0945,1,2,3,17,17.65%,1,2,3
"Family District Judge, 313th Judicial District",0946,0,1,1,13,7.69%,0,1,1
"Family District Judge, 313th Judicial District",0947,177,246,423,799,52.94%,220,179,399
"Family District Judge, 313th Judicial District",0948,0,14,14,1,1400.00%,8,3,11
"Family District Judge, 313th Judicial District",0949,34,27,61,193,31.61%,29,32,61
"Family District Judge, 313th Judicial District",0950,0,0,0,1,0.00%,0,0,0
"Family District Judge, 313th Judicial District",0951,33,30,63,277,22.74%,16,46,62
"Family District Judge, 313th Judicial District",0952,15,15,31,71,43.66%,16,13,29
"Family District Judge, 313th Judicial District",0953,18,9,27,275,9.82%,4,22,26
"Family District Judge, 313th Judicial District",0954,0,0,0,1,0.00%,0,0,0
"Family District Judge, 313th Judicial District",0955,3,2,5,19,26.32%,4,1,5
"Family District Judge, 313th Judicial District",0956,2,4,6,11,54.55%,2,4,6
"Family District Judge, 313th Judicial District",0957,97,95,192,562,34.16%,19,172,191
"Family District Judge, 313th Judicial District",0958,81,129,210,1081,19.43%,54,149,203
"Family District Judge, 313th Judicial District",0959,0,0,0,0,0.00%,0,0,0
"Family District Judge, 313th Judicial District",0960,196,157,353,976,36.17%,67,274,341
"Family District Judge, 313th Judicial District",0961,15,0,16,56,28.57%,0,16,16
"Family District Judge, 313th Judicial District",0962,10,17,27,88,30.68%,3,24,27
"Family District Judge, 313th Judicial District",0963,54,41,105,426,24.65%,57,43,100
"Family District Judge, 313th Judicial District",0964,568,437,1005,2372,42.37%,613,358,971
"Family District Judge, 313th Judicial District",0965,31,21,52,343,15.16%,26,25,51
"Family District Judge, 313th Judicial District",0966,129,83,212,1148,18.47%,76,131,207
"Family District Judge, 313th Judicial District",0967,15,48,63,165,38.18%,19,43,62
"Family District Judge, 313th Judicial District",0968,119,30,149,692,21.53%,33,115,148
"Family District Judge, 313th Judicial District",0969,156,73,229,604,37.91%,1,226,227
"Family District Judge, 313th Judicial District",0970,83,36,119,731,16.28%,19,98,117
"Family District Judge, 313th Judicial District",0971,11,8,19,147,12.93%,0,16,16
"Family District Judge, 313th Judicial District",09726,8,14,31,45.16%,13,0,13
"Family District Judge, 313th Judicial District",0973,24,19,43,111,38.74%,21,19,40
"Family District Judge, 313th Judicial District",0974,57,36,93,299,31.10%,58,33,91
"Family District Judge, 313th Judicial District",0975,55,30,85,193,44.04%,39,39,78
"Family District Judge, 313th Judicial District",0976,58,62,130,683,19.03%,83,44,127
"Family District Judge, 313th Judicial District",0977,50,43,93,572,16.26%,39,53,92
"Family District Judge, 313th Judicial District",0978,77,79,156,546,28.57%,28,125,153
"Family District Judge, 313th Judicial District",0979,2,6,8,27,29.63%,4,3,7
"Family District Judge, 313th Judicial District",0980,280,321,601,1389,43.27%,449,122,571
"Family District Judge, 313th Judicial District",0981,0,0,0,0,0.00%,0,0,0
"Family District Judge, 313th Judicial District",0982,312,312,624,1567,39.82%,508,89,597
"Family District Judge, 313th Judicial District",0983,11,21,32,161,19.88%,21,11,32
"Family District Judge, 313th Judicial District",0984,18,9,27,192,14.06%,4,22,26
"Family District Judge, 313th Judicial District",0985,117,63,180,351,51.28%,91,77,168
"Family District Judge, 313th Judicial District",0986,43,30,73,463,15.77%,11,61,72
"Family District Judge, 313th Judicial District",0987,231,90,321,1155,27.79%,28,283,311
"Family District Judge, 313th Judicial District",0988,24,12,36,123,29.27%,34,2,36
"Family District Judge, 313th Judicial District",09896,6,12,43,27.91%,9,3,12
"Family District Judge, 313th Judicial District",0990,16,1,17,140,12.14%,7,9,16
"Family District Judge, 313th Judicial District",0991,0,0,0,1,0.00%,0,0,0
"Family District Judge, 313th Judicial District",0992,157,107,264,1048,25.19%,146,106,252
"Family District Judge, 313th Judicial District",0993,169,101,270,568,47.54%,223,38,261
"Family District Judge, 313th Judicial District",09946,5,11,25,44.00%,2,9,11
"Family District Judge, 313th Judicial District",0995,295,156,451,1393,32.38%,28,412,440
"Family District Judge, 313th Judicial District",0996,135,140,275,694,39.63%,153,101,254
"Family District Judge, 313th Judicial District",0997,101,163,264,1656,15.94%,60,199,259
"Family District Judge, 313th Judicial District",0998,5,1,6,57,10.53%,3,3,6
"Family District Judge, 313th Judicial District",0999,17,10,27,68,39.71%,23,3,26
"Family District Judge, 313th Judicial District",1000,42,6,48,405,11.85%,12,35,47
"Family District Judge, 313th Judicial District",1001,228,136,364,1565,23.26%,94,254,348
"Family District Judge, 313th Judicial District",1002,170,139,309,1744,17.72%,53,238,291
"Family District Judge, 313th Judicial District",1003,1,0,1,0,0.00%,1,0,1
"Family District Judge, 313th Judicial District",1004,111,139,250,654,38.23%,122,105,227
"Family District Judge, 313th Judicial District",1005,0,8,8,0,0.00%,3,3,6
"Family District Judge, 313th Judicial District",1006,1,0,1,5,20.00%,1,0,1
"Family District Judge, 313th Judicial District",1007,208,188,396,1547,25.60%,93,288,381
"Family District Judge, 313th Judicial District",1008,32,12,44,151,29.14%,34,9,43
"Family District Judge, 313th Judicial District",1009,0,0,0,9,0.00%,0,0,0
"Family District Judge, 313th Judicial District",1010,59,35,94,459,20.48%,17,75,92
"Family District Judge, 313th Judicial District",1011,8,1,9,26,34.62%,5,3,8
"Family District Judge, 313th Judicial District",1012,134,201,335,1365,24.54%,102,222,324
"Family District Judge, 313th Judicial District",1013,0,6,6,58,10.34%,3,3,6
"Family District Judge, 313th Judicial District",1014,4,6,10,31,32.26%,1,9,10
"Family District Judge, 313th Judicial District",1015,5,4,9,25,36.00%,2,6,8
"Family District Judge, 313th Judicial District",1016,252,212,464,1691,27.44%,225,223,448
"Family District Judge, 313th Judicial District",1017,61,44,105,330,31.82%,32,71,103
"Family District Judge, 313th Judicial District",1018,93,64,157,494,31.78%,71,82,153
"Family District Judge, 313th Judicial District",1019,130,107,237,1456,16.28%,11,222,233
"Family District Judge, 313th Judicial District",1020,0,0,0,1,0.00%,0,0,0
"Family District Judge, 313th Judicial District",1021,0,0,0,2,0.00%,0,0,0
"Family District Judge, 313th Judicial District",1022,97,79,176,441,39.91%,132,33,165
"Family District Judge, 313th Judicial District",1023,430,315,745,2026,36.77%,528,187,715
"Family District Judge, 313th Judicial District",1024,55,61,116,249,46.59%,62,45,107
"Family District Judge, 313th Judicial District",1025,0,1,1,14,7.14%,1,0,1
"Family District Judge, 313th Judicial District",1026,0,0,0,0,0.00%,0,0,0
"Family District Judge, 313th Judicial District",1027,1,0,1,8,12.50%,0,1,1
"Family District Judge, 313th Judicial District",1028,0,0,0,0,0.00%,0,0,0
"Family District Judge, 313th Judicial District",1029,537,719,1256,2927,42.91%,986,219,1205
"Family District Judge, 313th Judicial District",1030,231,151,382,785,48.66%,335,40,375
"Family District Judge, 313th Judicial District",1031,59,71,130,792,16.41%,33,89,122
"Family District Judge, 313th Judicial District",1032,31,25,56,244,22.95%,35,17,52
"Family District Judge, 313th Judicial District",1033,0,0,0,0,0.00%,0,0,0
"Family District Judge, 313th Judicial District",1034,0,0,0,0,0.00%,0,0,0
"Family District Judge, 313th Judicial District",1035,2,4,6,138,4.35%,1,4,5
"Family District Judge, 313th Judicial District",1036,65,24,89,449,19.82%,75,13,88
"Family District Judge, 313th Judicial District",1037,19,11,30,76,39.47%,17,9,26
"Family District Judge, 313th Judicial District",1038,62,6,68,327,20.80%,9,57,66
"Family District Judge, 313th Judicial District",1039,2,0,2,25,8.00%,0,2,2
"Family District Judge, 313th Judicial District",1040,91,66,157,771,20.36%,72,79,151
"Family District Judge, 313th Judicial District",1041,0,2,2,0,0.00%,1,1,2
"Family District Judge, 313th Judicial District",1042,105,67,172,521,33.01%,52,112,164
"Family District Judge, 313th Judicial District",1043,5,6,12,33,36.36%,4,8,12
"Family District Judge, 313th Judicial District",1044,16,6,22,55,40.00%,7,14,21
"Family District Judge, 313th Judicial District",1045,197,173,370,1788,20.69%,51,307,358
"Family District Judge, 313th Judicial District",1046,11,5,16,62,25.81%,1,15,16
"Family District Judge, 313th Judicial District",1047,255,186,441,1568,28.13%,159,271,430
"Family District Judge, 313th Judicial District",1048,1,0,1,17,5.88%,1,0,1
"Family District Judge, 313th Judicial District",1049,14,45,59,290,20.34%,21,36,57
"Family District Judge, 313th Judicial District",1050,60,63,123,537,22.91%,34,85,119
"Family District Judge, 313th Judicial District",1051,0,31,31,0,0.00%,18,11,29
"Family District Judge, 313th Judicial District",1052,0,0,0,0,0.00%,0,0,0
"Family District Judge, 313th Judicial District",1053,0,0,0,0,0.00%,0,0,0
"Family District Judge, 313th Judicial District",1054,0,0,0,1,0.00%,0,0,0
"Family District Judge, 313th Judicial District",1055,0,0,0,0,0.00%,0,0,0
"Family District Judge, 313th Judicial District",1056,4,2,6,8,75.00%,1,5,6
"Family District Judge, 313th Judicial District",1057,7,9,16,118,13.56%,2,13,15
"Family District Judge, 313th Judicial District",1058,241,285,526,1243,42.32%,105,411,516
"Family District Judge, 313th Judicial District",1059,3,3,6,28,21.43%,1,5,6
"Family District Judge, 313th Judicial District",1060,5,2,7,42,16.67%,5,2,7
"Family District Judge, 313th Judicial District",1061,332,184,516,1716,30.07%,274,222,496
"Family District Judge, 313th Judicial District",1062,17,6,23,201,11.44%,3,17,20
"Family District Judge, 313th Judicial District",1063,66,59,125,857,14.59%,19,102,121
"Family District Judge, 313th Judicial District",1064,25,11,36,119,30.25%,27,9,36
"Family District Judge, 313th Judicial District",1065,1,0,1,28,3.57%,0,1,1
"Family District Judge, 313th Judicial District",1066,72,0,72,229,31.44%,3,64,67
"Family District Judge, 313th Judicial District",1067,0,0,0,0,0.00%,0,0,0
"Family District Judge, 313th Judicial District",1068,22,8,30,121,24.79%,13,16,29
"Family District Judge, 313th Judicial District",1069,434,256,690,2580,26.74%,315,334,649
"Family District Judge, 313th Judicial District",Totals:,378846,308736,687582,2044361,,355283,300457,655740
