Office,Precinct,Early Ballots Cast,Election Ballots Cast,Total Ballots Cast,Registered Voters,Percent Turnout,REP Larry Standley,DEM Linda Geffin,Totals
"Judge, County Criminal Court No. 6",0001,417,466,883,2358,37.45%,278,545,823
"Judge, County Criminal Court No. 6",0002,333,313,646,1961,32.94%,264,336,600
"Judge, County Criminal Court No. 6",0003,326,405,731,1560,46.86%,235,411,646
"Judge, County Criminal Court No. 6",0004,359,487,856,1668,51.32%,277,501,778
"Judge, County Criminal Court No. 6",0005,279,448,727,1417,51.31%,232,427,659
"Judge, County Criminal Court No. 6",0006,656,456,1112,3702,30.04%,627,442,1069
"Judge, County Criminal Court No. 6",0007,209,110,319,1017,31.37%,15,294,309
"Judge, County Criminal Court No. 6",0008,393,310,703,1744,40.31%,336,336,672
"Judge, County Criminal Court No. 6",0009,206,223,429,1874,22.89%,109,288,397
"Judge, County Criminal Court No. 6",0010,255,171,426,1753,24.30%,124,270,394
"Judge, County Criminal Court No. 6",0011,184,176,360,1785,20.17%,72,261,333
"Judge, County Criminal Court No. 6",0012,86,66,152,735,20.68%,87,61,148
"Judge, County Criminal Court No. 6",0013,548,361,909,2689,33.80%,651,214,865
"Judge, County Criminal Court No. 6",0014,442,495,937,1870,50.11%,478,398,876
"Judge, County Criminal Court No. 6",0015,597,898,1495,2878,51.95%,802,565,1367
"Judge, County Criminal Court No. 6",0016,239,137,376,1071,35.11%,161,191,352
"Judge, County Criminal Court No. 6",0017,185,215,400,1162,34.42%,170,201,371
"Judge, County Criminal Court No. 6",0018,371,351,722,1443,50.03%,313,360,673
"Judge, County Criminal Court No. 6",0019,170,207,377,1170,32.22%,118,239,357
"Judge, County Criminal Court No. 6",0020,311,287,598,2646,22.60%,174,396,570
"Judge, County Criminal Court No. 6",0021,175,184,360,1122,32.09%,66,276,342
"Judge, County Criminal Court No. 6",0022,397,322,719,2473,29.07%,130,564,694
"Judge, County Criminal Court No. 6",0023,31,22,53,541,9.80%,8,43,51
"Judge, County Criminal Court No. 6",0024,106,88,194,655,29.62%,14,174,188
"Judge, County Criminal Court No. 6",0025,104,143,247,1086,22.74%,12,229,241
"Judge, County Criminal Court No. 6",0026,239,277,516,1845,27.97%,125,340,465
"Judge, County Criminal Court No. 6",0027,463,427,890,3074,28.95%,216,625,841
"Judge, County Criminal Court No. 6",0028,535,405,1041,3029,34.37%,672,317,989
"Judge, County Criminal Court No. 6",0029,194,237,431,2638,16.34%,164,244,408
"Judge, County Criminal Court No. 6",0030,368,391,759,2403,31.59%,191,533,724
"Judge, County Criminal Court No. 6",0031,453,280,733,2511,29.19%,19,692,711
"Judge, County Criminal Court No. 6",0032,318,405,723,2398,30.15%,283,388,671
"Judge, County Criminal Court No. 6",0033,707,615,1322,3706,35.67%,404,829,1233
"Judge, County Criminal Court No. 6",0034,625,579,1204,2786,43.22%,271,869,1140
"Judge, County Criminal Court No. 6",0035,4,0,4,11,36.36%,1,3,4
"Judge, County Criminal Court No. 6",0036,416,318,734,2927,25.08%,195,497,692
"Judge, County Criminal Court No. 6",0037,542,436,978,2106,46.44%,272,630,902
"Judge, County Criminal Court No. 6",0038,784,589,1373,2875,47.76%,420,856,1276
"Judge, County Criminal Court No. 6",0039,657,575,1232,2759,44.65%,288,856,1144
"Judge, County Criminal Court No. 6",0040,136,152,288,541,53.23%,120,146,266
"Judge, County Criminal Court No. 6",0041,176,230,406,1334,30.43%,163,229,392
"Judge, County Criminal Court No. 6",0042,228,109,337,1071,31.47%,6,317,323
"Judge, County Criminal Court No. 6",0043,293,210,503,1695,29.68%,271,210,481
"Judge, County Criminal Court No. 6",0044,204,222,426,2001,21.29%,98,301,399
"Judge, County Criminal Court No. 6",0045,894,750,1644,6698,24.54%,317,1278,1595
"Judge, County Criminal Court No. 6",0046,290,247,537,2511,21.39%,91,414,505
"Judge, County Criminal Court No. 6",0047,213,218,431,1627,26.49%,16,404,420
"Judge, County Criminal Court No. 6",0048,157,142,299,940,31.81%,25,266,291
"Judge, County Criminal Court No. 6",0049,584,482,1066,3343,31.89%,768,263,1031
"Judge, County Criminal Court No. 6",0050,785,771,1556,5211,29.86%,835,665,1500
"Judge, County Criminal Court No. 6",0051,353,243,596,1689,35.29%,443,133,576
"Judge, County Criminal Court No. 6",0052,422,447,869,2457,35.37%,389,425,814
"Judge, County Criminal Court No. 6",0053,564,726,1290,2971,43.42%,478,720,1198
"Judge, County Criminal Court No. 6",0054,269,364,633,1487,42.57%,316,271,587
"Judge, County Criminal Court No. 6",0055,191,251,442,1506,29.35%,188,218,406
"Judge, County Criminal Court No. 6",0056,282,278,560,1326,42.23%,358,171,529
"Judge, County Criminal Court No. 6",0057,710,831,1541,3153,48.87%,551,857,1408
"Judge, County Criminal Court No. 6",0058,469,556,1025,2690,38.10%,424,549,973
"Judge, County Criminal Court No. 6",0059,555,609,1164,2544,45.75%,431,649,1080
"Judge, County Criminal Court No. 6",0060,498,564,1062,2453,43.29%,249,735,984
"Judge, County Criminal Court No. 6",0061,172,204,376,1773,21.21%,154,193,347
"Judge, County Criminal Court No. 6",0062,145,322,467,2181,21.41%,116,326,442
"Judge, County Criminal Court No. 6",0063,264,354,618,1826,33.84%,497,103,600
"Judge, County Criminal Court No. 6",0064,191,221,412,2141,19.24%,84,301,385
"Judge, County Criminal Court No. 6",0065,172,230,402,2167,18.55%,89,291,380
"Judge, County Criminal Court No. 6",0066,69,143,212,1098,19.31%,35,165,200
"Judge, County Criminal Court No. 6",0067,304,282,586,2794,20.97%,158,384,542
"Judge, County Criminal Court No. 6",0068,553,352,905,2924,30.95%,25,857,882
"Judge, County Criminal Court No. 6",0069,80,124,204,1284,15.89%,40,151,191
"Judge, County Criminal Court No. 6",0070,882,664,1546,3337,46.33%,836,573,1409
"Judge, County Criminal Court No. 6",0071,602,722,1324,4197,31.55%,631,621,1252
"Judge, County Criminal Court No. 6",0072,220,293,513,1924,26.66%,163,324,487
"Judge, County Criminal Court No. 6",0073,252,414,666,1555,42.83%,363,247,610
"Judge, County Criminal Court No. 6",0074,1153,782,1935,3583,54.01%,1490,355,1845
"Judge, County Criminal Court No. 6",0075,254,280,534,1444,36.98%,196,305,501
"Judge, County Criminal Court No. 6",0076,373,374,747,2362,31.63%,440,275,715
"Judge, County Criminal Court No. 6",0077,43,46,89,566,15.72%,21,64,85
"Judge, County Criminal Court No. 6",0078,180,201,381,1522,25.03%,132,226,358
"Judge, County Criminal Court No. 6",0079,205,306,511,2927,17.46%,125,340,465
"Judge, County Criminal Court No. 6",0080,501,351,852,2725,31.27%,209,602,811
"Judge, County Criminal Court No. 6",0081,183,187,370,1835,20.16%,145,203,348
"Judge, County Criminal Court No. 6",0082,639,671,1310,3368,38.90%,981,291,1272
"Judge, County Criminal Court No. 6",0083,1296,888,2184,6625,32.97%,1059,1044,2103
"Judge, County Criminal Court No. 6",0084,208,218,426,1373,31.03%,304,103,407
"Judge, County Criminal Court No. 6",0085,271,248,519,2173,23.88%,23,485,508
"Judge, County Criminal Court No. 6",0086,447,568,1015,2910,34.88%,442,514,956
"Judge, County Criminal Court No. 6",0087,574,787,1461,2818,51.85%,853,495,1348
"Judge, County Criminal Court No. 6",0088,123,118,241,693,34.78%,154,73,227
"Judge, County Criminal Court No. 6",0089,165,371,536,1094,48.99%,274,211,485
"Judge, County Criminal Court No. 6",0090,844,790,1634,3700,44.16%,1160,403,1563
"Judge, County Criminal Court No. 6",0091,219,222,441,1505,29.30%,263,158,421
"Judge, County Criminal Court No. 6",0092,695,462,1157,2242,51.61%,745,334,1079
"Judge, County Criminal Court No. 6",0093,381,301,682,3356,20.32%,269,368,637
"Judge, County Criminal Court No. 6",0094,51,43,94,549,17.12%,29,62,91
"Judge, County Criminal Court No. 6",0095,917,576,1493,3177,46.99%,1046,378,1424
"Judge, County Criminal Court No. 6",0096,83,83,166,1296,12.81%,20,144,164
"Judge, County Criminal Court No. 6",0097,1024,725,1749,4828,36.23%,1288,397,1685
"Judge, County Criminal Court No. 6",0098,403,488,891,2651,33.61%,736,124,860
"Judge, County Criminal Court No. 6",0099,254,184,438,2092,20.94%,208,215,423
"Judge, County Criminal Court No. 6",0100,155,173,338,1730,19.54%,178,154,332
"Judge, County Criminal Court No. 6",0101,72,58,130,946,13.74%,46,81,127
"Judge, County Criminal Court No. 6",0102,207,121,328,1872,17.52%,89,226,315
"Judge, County Criminal Court No. 6",0103,700,714,1414,5371,26.33%,799,570,1369
"Judge, County Criminal Court No. 6",0104,530,231,761,1905,39.95%,17,727,744
"Judge, County Criminal Court No. 6",0105,195,210,406,2165,18.75%,135,240,375
"Judge, County Criminal Court No. 6",0106,15,7,25,294,8.50%,15,9,24
"Judge, County Criminal Court No. 6",0107,154,197,351,2032,17.27%,55,279,334
"Judge, County Criminal Court No. 6",0108,558,272,940,3365,27.93%,566,338,904
"Judge, County Criminal Court No. 6",0109,529,245,774,2824,27.41%,7,748,755
"Judge, County Criminal Court No. 6",0110,554,494,1148,3042,37.74%,742,374,1116
"Judge, County Criminal Court No. 6",0111,815,795,1611,4102,39.27%,1171,366,1537
"Judge, County Criminal Court No. 6",0112,542,485,1027,2976,34.51%,747,236,983
"Judge, County Criminal Court No. 6",0113,552,429,991,2647,37.44%,588,353,941
"Judge, County Criminal Court No. 6",0114,707,547,1254,3311,37.87%,1010,213,1223
"Judge, County Criminal Court No. 6",0115,238,150,388,1800,21.56%,49,326,375
"Judge, County Criminal Court No. 6",0116,982,776,1758,3147,55.86%,1321,323,1644
"Judge, County Criminal Court No. 6",0117,215,226,441,1880,23.46%,213,205,418
"Judge, County Criminal Court No. 6",0118,304,123,427,759,56.26%,346,66,412
"Judge, County Criminal Court No. 6",0119,1288,1024,2312,5500,42.04%,1856,359,2215
"Judge, County Criminal Court No. 6",0120,712,422,1134,3191,35.54%,729,352,1081
"Judge, County Criminal Court No. 6",0121,92,178,270,848,31.84%,189,70,259
"Judge, County Criminal Court No. 6",0122,352,225,577,1890,30.53%,19,534,553
"Judge, County Criminal Court No. 6",0123,284,288,572,1392,41.09%,138,396,534
"Judge, County Criminal Court No. 6",0124,1734,1292,3026,7254,41.71%,2389,556,2945
"Judge, County Criminal Court No. 6",0125,415,332,747,2405,31.06%,457,263,720
"Judge, County Criminal Court No. 6",0126,893,467,1360,3100,43.87%,1198,124,1322
"Judge, County Criminal Court No. 6",0127,435,154,589,1836,32.08%,413,145,558
"Judge, County Criminal Court No. 6",0128,445,707,1152,2290,50.31%,678,369,1047
"Judge, County Criminal Court No. 6",0129,1030,1200,2230,5746,38.81%,1360,743,2103
"Judge, County Criminal Court No. 6",0130,727,523,1250,2333,53.58%,904,278,1182
"Judge, County Criminal Court No. 6",0131,251,259,510,1935,26.36%,120,366,485
"Judge, County Criminal Court No. 6",0132,593,323,916,2387,38.37%,20,873,893
"Judge, County Criminal Court No. 6",0133,513,858,1371,2662,51.50%,743,512,1255
"Judge, County Criminal Court No. 6",0134,192,265,457,1437,31.80%,206,226,432
"Judge, County Criminal Court No. 6",0135,727,579,1305,2671,48.90%,857,363,1220
"Judge, County Criminal Court No. 6",0136,503,371,874,2013,43.42%,34,809,843
"Judge, County Criminal Court No. 6",0137,166,141,307,716,42.88%,137,145,282
"Judge, County Criminal Court No. 6",0138,296,199,495,1699,29.13%,15,466,481
"Judge, County Criminal Court No. 6",0139,699,551,1250,3037,41.16%,513,657,1170
"Judge, County Criminal Court No. 6",0140,699,480,1179,3214,36.68%,129,1007,1136
"Judge, County Criminal Court No. 6",0141,80,80,160,855,18.71%,94,56,150
"Judge, County Criminal Court No. 6",0142,87,103,190,902,21.06%,65,115,180
"Judge, County Criminal Court No. 6",0143,1962,580,2542,6386,39.81%,1816,657,2473
"Judge, County Criminal Court No. 6",0144,216,158,374,1093,34.22%,9,355,364
"Judge, County Criminal Court No. 6",0145,264,213,477,1538,31.01%,9,455,464
"Judge, County Criminal Court No. 6",0146,426,519,945,2008,47.06%,393,498,891
"Judge, County Criminal Court No. 6",0147,589,329,1018,3008,33.84%,126,868,994
"Judge, County Criminal Court No. 6",0148,500,780,1280,2540,50.39%,447,717,1164
"Judge, County Criminal Court No. 6",0149,1621,737,2358,7993,29.50%,1216,1078,2294
"Judge, County Criminal Court No. 6",0150,236,169,405,1256,32.25%,12,386,398
"Judge, County Criminal Court No. 6",0151,137,79,216,826,26.15%,11,197,208
"Judge, County Criminal Court No. 6",0152,213,299,512,2788,18.36%,138,352,490
"Judge, County Criminal Court No. 6",0153,125,206,331,1808,18.31%,107,208,315
"Judge, County Criminal Court No. 6",0154,249,183,432,2190,19.73%,114,292,406
"Judge, County Criminal Court No. 6",0155,1022,619,1641,4109,39.94%,1128,447,1575
"Judge, County Criminal Court No. 6",0156,799,326,1125,3071,36.63%,34,1059,1093
"Judge, County Criminal Court No. 6",0157,448,214,662,2236,29.61%,22,624,646
"Judge, County Criminal Court No. 6",0158,600,315,915,3035,30.15%,23,870,893
"Judge, County Criminal Court No. 6",0159,116,127,243,998,24.35%,39,197,236
"Judge, County Criminal Court No. 6",0160,122,73,195,696,28.02%,5,185,190
"Judge, County Criminal Court No. 6",0161,163,141,304,991,30.68%,4,291,295
"Judge, County Criminal Court No. 6",0162,101,83,184,1265,14.55%,69,101,170
"Judge, County Criminal Court No. 6",0163,230,320,550,3037,18.11%,238,284,522
"Judge, County Criminal Court No. 6",0164,182,205,387,1420,27.25%,12,368,380
"Judge, County Criminal Court No. 6",0165,535,483,1018,2334,43.62%,656,318,974
"Judge, County Criminal Court No. 6",0166,158,233,391,1028,38.04%,117,255,372
"Judge, County Criminal Court No. 6",0167,3,0,3,24,12.50%,0,3,3
"Judge, County Criminal Court No. 6",0168,92,58,150,503,29.82%,4,142,146
"Judge, County Criminal Court No. 6",0169,518,251,767,2513,30.52%,15,734,749
"Judge, County Criminal Court No. 6",0170,271,141,412,1869,22.04%,216,176,392
"Judge, County Criminal Court No. 6",0171,202,198,400,1604,24.94%,9,379,388
"Judge, County Criminal Court No. 6",0172,88,80,166,621,26.73%,61,92,153
"Judge, County Criminal Court No. 6",0173,817,739,1556,3599,43.23%,1246,261,1507
"Judge, County Criminal Court No. 6",0174,829,733,1562,3296,47.39%,1047,427,1474
"Judge, County Criminal Court No. 6",0175,557,749,1306,2618,49.89%,625,571,1196
"Judge, County Criminal Court No. 6",0176,344,451,795,1602,49.63%,384,333,717
"Judge, County Criminal Court No. 6",0177,278,326,604,1496,40.37%,322,240,562
"Judge, County Criminal Court No. 6",0178,504,365,869,1765,49.24%,552,248,800
"Judge, County Criminal Court No. 6",0179,256,188,444,1575,28.19%,233,187,420
"Judge, County Criminal Court No. 6",0180,470,343,813,2834,28.69%,22,759,781
"Judge, County Criminal Court No. 6",0181,175,262,437,2061,21.20%,140,273,413
"Judge, County Criminal Court No. 6",0182,590,974,1564,3405,45.93%,913,512,1425
"Judge, County Criminal Court No. 6",0183,519,794,1313,2491,52.71%,807,407,1214
"Judge, County Criminal Court No. 6",0184,106,135,241,994,24.25%,84,134,218
"Judge, County Criminal Court No. 6",0185,283,292,575,1933,29.75%,201,348,549
"Judge, County Criminal Court No. 6",0186,97,106,203,798,25.44%,30,165,195
"Judge, County Criminal Court No. 6",0187,21,25,46,311,14.79%,14,30,44
"Judge, County Criminal Court No. 6",0188,153,146,299,1637,18.27%,139,148,287
"Judge, County Criminal Court No. 6",0189,239,360,599,1465,40.89%,315,234,549
"Judge, County Criminal Court No. 6",0190,120,177,297,1723,17.24%,124,159,283
"Judge, County Criminal Court No. 6",0191,79,126,205,1366,15.01%,88,108,196
"Judge, County Criminal Court No. 6",0192,380,225,605,1959,30.88%,27,559,586
"Judge, County Criminal Court No. 6",0193,173,187,360,1074,33.52%,7,340,347
"Judge, County Criminal Court No. 6",0194,350,431,781,1912,40.85%,229,503,732
"Judge, County Criminal Court No. 6",0195,269,278,547,1694,32.29%,19,511,530
"Judge, County Criminal Court No. 6",0196,52,32,84,316,26.58%,4,77,81
"Judge, County Criminal Court No. 6",0197,543,309,852,2914,29.24%,13,821,834
"Judge, County Criminal Court No. 6",0198,53,74,127,642,19.78%,2,122,124
"Judge, County Criminal Court No. 6",0199,812,661,1473,3216,45.80%,1132,271,1403
"Judge, County Criminal Court No. 6",0200,962,536,1498,3382,44.29%,656,735,1391
"Judge, County Criminal Court No. 6",0201,98,87,185,724,25.55%,2,178,180
"Judge, County Criminal Court No. 6",0202,217,189,406,1464,27.73%,10,385,395
"Judge, County Criminal Court No. 6",0203,107,68,175,960,18.23%,41,124,165
"Judge, County Criminal Court No. 6",0204,816,784,1600,3487,45.88%,869,610,1479
"Judge, County Criminal Court No. 6",0205,464,171,635,1664,38.16%,12,609,621
"Judge, County Criminal Court No. 6",0206,362,462,824,2779,29.65%,227,544,771
"Judge, County Criminal Court No. 6",0207,265,261,526,1188,44.28%,161,327,488
"Judge, County Criminal Court No. 6",0208,322,262,584,2195,26.61%,174,381,555
"Judge, County Criminal Court No. 6",0209,0,2,2,0,0.00%,2,0,2
"Judge, County Criminal Court No. 6",0210,502,467,969,2533,38.26%,103,833,936
"Judge, County Criminal Court No. 6",0211,307,386,693,2914,23.78%,250,402,652
"Judge, County Criminal Court No. 6",0212,96,155,251,1300,19.31%,55,188,243
"Judge, County Criminal Court No. 6",0213,826,913,1739,3350,51.91%,1310,303,1613
"Judge, County Criminal Court No. 6",0214,404,491,895,1854,48.27%,551,287,838
"Judge, County Criminal Court No. 6",0215,421,711,1132,2258,50.13%,650,400,1050
"Judge, County Criminal Court No. 6",0216,362,223,585,1945,30.08%,35,539,574
"Judge, County Criminal Court No. 6",0217,844,631,1475,2678,55.08%,908,447,1355
"Judge, County Criminal Court No. 6",0218,391,402,793,2292,34.60%,233,500,733
"Judge, County Criminal Court No. 6",0219,496,436,932,2767,33.68%,48,847,895
"Judge, County Criminal Court No. 6",0220,325,187,512,2310,22.16%,367,128,495
"Judge, County Criminal Court No. 6",0221,332,369,701,2529,27.72%,289,372,661
"Judge, County Criminal Court No. 6",0222,623,674,1297,2501,51.86%,540,648,1188
"Judge, County Criminal Court No. 6",0223,563,377,940,3582,26.24%,247,634,881
"Judge, County Criminal Court No. 6",0224,530,456,986,2238,44.06%,431,483,914
"Judge, County Criminal Court No. 6",0225,376,405,781,3305,23.63%,387,361,748
"Judge, County Criminal Court No. 6",0226,227,307,534,2436,21.92%,127,380,507
"Judge, County Criminal Court No. 6",0227,558,423,981,1785,54.96%,688,205,893
"Judge, County Criminal Court No. 6",0228,362,195,557,1050,53.05%,25,511,536
"Judge, County Criminal Court No. 6",0229,31,96,127,815,15.58%,57,63,120
"Judge, County Criminal Court No. 6",0230,185,116,301,1089,27.64%,6,284,290
"Judge, County Criminal Court No. 6",0231,233,264,497,2232,22.27%,121,346,467
"Judge, County Criminal Court No. 6",0232,351,474,835,1760,47.44%,432,338,770
"Judge, County Criminal Court No. 6",0233,890,801,1691,4445,38.04%,758,797,1555
"Judge, County Criminal Court No. 6",0234,1192,913,2105,3993,52.72%,1531,420,1951
"Judge, County Criminal Court No. 6",0235,240,158,398,1356,29.35%,12,375,387
"Judge, County Criminal Court No. 6",0236,354,235,589,2079,28.33%,11,562,573
"Judge, County Criminal Court No. 6",0237,415,253,669,2161,30.96%,9,641,650
"Judge, County Criminal Court No. 6",0238,339,245,584,1925,30.34%,16,554,570
"Judge, County Criminal Court No. 6",0239,383,236,619,1964,31.52%,21,585,606
"Judge, County Criminal Court No. 6",0240,585,243,828,2649,31.26%,18,791,809
"Judge, County Criminal Court No. 6",0241,222,229,451,2372,19.01%,188,240,428
"Judge, County Criminal Court No. 6",0242,173,162,335,1596,20.99%,192,127,319
"Judge, County Criminal Court No. 6",0243,138,43,181,457,39.61%,1,179,180
"Judge, County Criminal Court No. 6",0244,480,425,905,3117,29.03%,497,365,862
"Judge, County Criminal Court No. 6",0245,945,799,1745,5828,29.94%,1220,487,1707
"Judge, County Criminal Court No. 6",0246,584,513,1197,3315,36.11%,850,306,1156
"Judge, County Criminal Court No. 6",0247,173,254,427,1582,26.99%,13,408,421
"Judge, County Criminal Court No. 6",0248,161,167,328,2100,15.62%,93,220,313
"Judge, County Criminal Court No. 6",0249,461,348,809,2719,29.75%,563,218,781
"Judge, County Criminal Court No. 6",0250,109,164,273,964,28.32%,8,260,268
"Judge, County Criminal Court No. 6",0251,278,436,714,2089,34.18%,27,672,699
"Judge, County Criminal Court No. 6",0252,504,312,816,2377,34.33%,16,781,797
"Judge, County Criminal Court No. 6",0253,379,222,601,2177,27.61%,9,576,585
"Judge, County Criminal Court No. 6",0254,93,112,205,1550,13.23%,66,129,195
"Judge, County Criminal Court No. 6",0255,525,648,1173,2482,47.26%,521,567,1088
"Judge, County Criminal Court No. 6",0256,575,449,1024,3254,31.47%,469,489,958
"Judge, County Criminal Court No. 6",0257,204,245,449,2523,17.80%,134,292,426
"Judge, County Criminal Court No. 6",0258,839,800,1539,3322,49.34%,1156,367,1523
"Judge, County Criminal Court No. 6",0259,555,382,1038,2361,43.96%,27,985,1012
"Judge, County Criminal Court No. 6",0260,152,145,307,1260,24.37%,177,108,285
"Judge, County Criminal Court No. 6",0261,124,120,244,1417,17.22%,102,132,234
"Judge, County Criminal Court No. 6",0262,758,600,1358,4397,30.88%,828,449,1277
"Judge, County Criminal Court No. 6",0263,858,712,1570,3693,42.51%,1192,320,1512
"Judge, County Criminal Court No. 6",0264,480,457,937,2963,31.62%,569,307,876
"Judge, County Criminal Court No. 6",0265,988,759,1747,3584,48.74%,1259,363,1622
"Judge, County Criminal Court No. 6",0266,259,257,516,2104,24.52%,255,233,488
"Judge, County Criminal Court No. 6",0267,146,166,312,1327,23.51%,160,131,291
"Judge, County Criminal Court No. 6",0268,435,717,1152,2493,46.21%,629,396,1025
"Judge, County Criminal Court No. 6",0269,702,453,1155,2030,56.90%,878,204,1082
"Judge, County Criminal Court No. 6",0270,817,672,1489,3605,41.30%,819,584,1403
"Judge, County Criminal Court No. 6",0271,656,382,1038,2518,41.22%,22,1000,1022
"Judge, County Criminal Court No. 6",0272,264,292,555,2162,25.72%,217,312,529
"Judge, County Criminal Court No. 6",0273,548,689,1237,2470,50.08%,974,201,1175
"Judge, County Criminal Court No. 6",0274,588,346,934,2153,43.38%,614,251,865
"Judge, County Criminal Court No. 6",0275,207,236,443,1850,23.95%,102,325,427
"Judge, County Criminal Court No. 6",0276,572,231,803,2536,31.66%,8,775,783
"Judge, County Criminal Court No. 6",0277,170,186,356,1492,23.86%,163,175,338
"Judge, County Criminal Court No. 6",0278,421,320,741,2454,30.20%,411,295,706
"Judge, County Criminal Court No. 6",0279,250,223,473,1941,24.37%,275,176,451
"Judge, County Criminal Court No. 6",0280,130,188,318,1524,20.87%,130,168,298
"Judge, County Criminal Court No. 6",0281,655,742,1397,2633,53.06%,603,672,1275
"Judge, County Criminal Court No. 6",0282,314,455,769,2042,37.66%,471,255,726
"Judge, County Criminal Court No. 6",0283,0,0,0,0,0.00%,0,0,0
"Judge, County Criminal Court No. 6",0284,574,336,910,3172,28.69%,416,448,864
"Judge, County Criminal Court No. 6",0285,448,378,826,2540,32.52%,74,726,800
"Judge, County Criminal Court No. 6",0286,1255,821,2076,6170,33.65%,185,1822,2007
"Judge, County Criminal Court No. 6",0287,370,477,847,1621,52.25%,385,403,788
"Judge, County Criminal Court No. 6",0288,532,313,845,2210,38.24%,16,813,829
"Judge, County Criminal Court No. 6",0289,186,212,398,1564,25.45%,195,178,373
"Judge, County Criminal Court No. 6",0290,245,298,543,1642,33.07%,408,116,524
"Judge, County Criminal Court No. 6",0291,325,235,560,1225,45.71%,280,242,522
"Judge, County Criminal Court No. 6",0292,207,147,354,1356,26.11%,42,305,347
"Judge, County Criminal Court No. 6",0293,356,447,803,1759,45.65%,353,397,750
"Judge, County Criminal Court No. 6",0294,488,221,709,2097,33.81%,7,685,692
"Judge, County Criminal Court No. 6",0295,148,103,251,885,28.36%,7,239,246
"Judge, County Criminal Court No. 6",0296,327,340,667,1713,38.94%,377,235,612
"Judge, County Criminal Court No. 6",0297,280,249,529,2012,26.29%,228,264,492
"Judge, County Criminal Court No. 6",0298,415,358,773,2121,36.45%,439,286,725
"Judge, County Criminal Court No. 6",0299,178,117,295,1353,21.80%,116,156,272
"Judge, County Criminal Court No. 6",0300,1389,1016,2405,5406,44.49%,1896,409,2305
"Judge, County Criminal Court No. 6",0301,210,255,465,2352,19.77%,187,253,440
"Judge, County Criminal Court No. 6",0302,353,343,696,2720,25.59%,402,270,672
"Judge, County Criminal Court No. 6",0303,922,784,1706,3245,52.57%,1320,290,1610
"Judge, County Criminal Court No. 6",0304,606,505,1111,2298,48.35%,583,444,1027
"Judge, County Criminal Court No. 6",0305,524,432,956,4191,22.81%,400,525,925
"Judge, County Criminal Court No. 6",0306,649,342,991,1879,52.74%,693,240,933
"Judge, County Criminal Court No. 6",0307,733,670,1403,3099,45.27%,921,392,1313
"Judge, County Criminal Court No. 6",0308,199,130,329,1296,25.39%,111,204,315
"Judge, County Criminal Court No. 6",0309,708,593,1301,2524,51.55%,1004,215,1219
"Judge, County Criminal Court No. 6",0310,386,279,665,1435,46.34%,430,190,620
"Judge, County Criminal Court No. 6",0311,486,421,907,2986,30.38%,474,365,839
"Judge, County Criminal Court No. 6",0312,742,457,1199,3636,32.98%,743,395,1138
"Judge, County Criminal Court No. 6",0313,9,0,9,62,14.52%,7,1,8
"Judge, County Criminal Court No. 6",0314,1121,913,2034,5647,36.02%,1275,689,1964
"Judge, County Criminal Court No. 6",0315,478,388,866,1608,53.86%,479,324,803
"Judge, County Criminal Court No. 6",0316,412,341,753,1537,48.99%,376,319,695
"Judge, County Criminal Court No. 6",0317,248,209,457,1588,28.78%,142,291,433
"Judge, County Criminal Court No. 6",0318,834,568,1402,3660,38.31%,65,1292,1357
"Judge, County Criminal Court No. 6",0319,512,230,742,2158,34.38%,44,674,718
"Judge, County Criminal Court No. 6",0320,234,168,402,1537,26.15%,205,178,383
"Judge, County Criminal Court No. 6",0321,262,191,453,2346,19.31%,168,259,427
"Judge, County Criminal Court No. 6",0322,181,129,310,1226,25.29%,100,197,297
"Judge, County Criminal Court No. 6",0323,278,211,489,1722,28.40%,229,229,458
"Judge, County Criminal Court No. 6",0324,532,646,1178,2336,50.43%,701,382,1083
"Judge, County Criminal Court No. 6",0325,289,193,482,2112,22.82%,105,356,461
"Judge, County Criminal Court No. 6",0326,87,74,161,698,23.07%,77,75,152
"Judge, County Criminal Court No. 6",0327,380,129,509,1729,29.44%,7,486,493
"Judge, County Criminal Court No. 6",0328,151,140,291,1434,20.29%,124,152,276
"Judge, County Criminal Court No. 6",0329,189,184,373,1397,26.70%,143,209,352
"Judge, County Criminal Court No. 6",0330,334,253,587,1936,30.32%,328,227,555
"Judge, County Criminal Court No. 6",0331,0,0,0,0,0.00%,0,0,0
"Judge, County Criminal Court No. 6",0332,18,7,25,138,18.12%,10,12,22
"Judge, County Criminal Court No. 6",0333,524,714,1238,3021,40.98%,852,319,1171
"Judge, County Criminal Court No. 6",0334,83,42,125,742,16.85%,20,100,120
"Judge, County Criminal Court No. 6",0335,121,98,219,1300,16.85%,81,123,204
"Judge, County Criminal Court No. 6",0336,866,624,1490,4051,36.78%,124,1332,1456
"Judge, County Criminal Court No. 6",0337,124,103,227,1029,22.06%,41,174,215
"Judge, County Criminal Court No. 6",0338,730,391,1121,4934,22.72%,378,666,1044
"Judge, County Criminal Court No. 6",0339,202,222,424,1757,24.13%,90,305,395
"Judge, County Criminal Court No. 6",0340,1038,594,1632,3765,43.35%,1215,336,1551
"Judge, County Criminal Court No. 6",0341,91,167,258,1290,20.00%,84,165,249
"Judge, County Criminal Court No. 6",0342,675,605,1280,6526,19.61%,210,1036,1246
"Judge, County Criminal Court No. 6",0343,189,271,460,1964,23.42%,133,301,434
"Judge, County Criminal Court No. 6",0344,154,172,326,1160,28.10%,14,298,312
"Judge, County Criminal Court No. 6",0345,156,165,321,1804,17.79%,95,208,303
"Judge, County Criminal Court No. 6",0346,0,1,1,3,33.33%,1,0,1
"Judge, County Criminal Court No. 6",0347,592,436,1028,3387,30.35%,684,308,992
"Judge, County Criminal Court No. 6",0348,438,208,646,1708,37.82%,492,127,619
"Judge, County Criminal Court No. 6",0349,188,267,455,1349,33.73%,279,150,429
"Judge, County Criminal Court No. 6",0350,524,526,1050,2909,36.09%,395,566,961
"Judge, County Criminal Court No. 6",0351,1491,710,2201,4712,46.71%,1718,398,2116
"Judge, County Criminal Court No. 6",0352,520,339,859,3205,26.80%,627,201,828
"Judge, County Criminal Court No. 6",0353,665,451,1116,3862,28.90%,208,877,1085
"Judge, County Criminal Court No. 6",0354,715,338,1053,3388,31.08%,257,763,1020
"Judge, County Criminal Court No. 6",0355,301,264,565,1560,36.22%,50,498,548
"Judge, County Criminal Court No. 6",0356,594,538,1132,2972,38.09%,721,357,1078
"Judge, County Criminal Court No. 6",0357,837,575,1412,3517,40.15%,1024,334,1358
"Judge, County Criminal Court No. 6",0358,212,254,466,2492,18.70%,53,399,452
"Judge, County Criminal Court No. 6",0359,234,224,458,3061,14.96%,60,387,447
"Judge, County Criminal Court No. 6",0360,522,380,902,2146,42.03%,447,383,830
"Judge, County Criminal Court No. 6",0361,41,295,336,1673,20.08%,50,244,294
"Judge, County Criminal Court No. 6",0362,1138,887,2025,5086,39.82%,1479,443,1922
"Judge, County Criminal Court No. 6",0363,620,412,1032,3677,28.07%,464,537,1001
"Judge, County Criminal Court No. 6",0364,488,405,893,2658,33.60%,514,338,852
"Judge, County Criminal Court No. 6",0365,478,231,709,1305,54.33%,50,638,688
"Judge, County Criminal Court No. 6",0366,252,270,522,2454,21.27%,132,376,508
"Judge, County Criminal Court No. 6",0367,170,138,308,1130,27.26%,66,234,300
"Judge, County Criminal Court No. 6",0368,178,88,266,958,27.77%,70,184,254
"Judge, County Criminal Court No. 6",0369,32,29,61,559,10.91%,16,43,59
"Judge, County Criminal Court No. 6",0370,1532,1105,2637,6593,40.00%,1984,557,2541
"Judge, County Criminal Court No. 6",0371,122,52,174,502,34.66%,5,163,168
"Judge, County Criminal Court No. 6",0372,221,170,391,1224,31.94%,49,327,376
"Judge, County Criminal Court No. 6",0373,21,12,33,157,21.02%,1,30,31
"Judge, County Criminal Court No. 6",0374,65,93,158,738,21.41%,55,97,152
"Judge, County Criminal Court No. 6",0375,254,220,474,2645,17.92%,235,202,437
"Judge, County Criminal Court No. 6",0376,278,205,483,1910,25.29%,215,244,459
"Judge, County Criminal Court No. 6",0377,525,583,1109,2920,37.98%,801,248,1049
"Judge, County Criminal Court No. 6",0378,232,354,586,1829,32.04%,356,201,557
"Judge, County Criminal Court No. 6",0379,431,289,720,2027,35.52%,67,632,699
"Judge, County Criminal Court No. 6",0380,1299,995,2294,5666,40.49%,1245,976,2221
"Judge, County Criminal Court No. 6",0381,412,248,660,2855,23.12%,310,325,635
"Judge, County Criminal Court No. 6",0382,132,157,289,922,31.34%,211,68,279
"Judge, County Criminal Court No. 6",0383,289,263,552,2173,25.40%,224,305,529
"Judge, County Criminal Court No. 6",0384,573,373,946,2657,35.60%,174,733,907
"Judge, County Criminal Court No. 6",0385,583,670,1253,2207,56.77%,913,260,1173
"Judge, County Criminal Court No. 6",0386,662,469,1131,2922,38.71%,822,264,1086
"Judge, County Criminal Court No. 6",0387,555,672,1227,3935,31.18%,894,294,1188
"Judge, County Criminal Court No. 6",0388,1430,1010,2440,6888,35.42%,1399,966,2365
"Judge, County Criminal Court No. 6",0389,91,208,299,1026,29.14%,43,231,274
"Judge, County Criminal Court No. 6",0390,356,263,619,1480,41.82%,70,526,596
"Judge, County Criminal Court No. 6",0391,508,260,768,1883,40.79%,471,258,729
"Judge, County Criminal Court No. 6",0392,387,155,542,1446,37.48%,8,524,532
"Judge, County Criminal Court No. 6",0393,165,185,350,1292,27.09%,161,176,337
"Judge, County Criminal Court No. 6",0394,69,73,142,834,17.03%,75,60,135
"Judge, County Criminal Court No. 6",0395,469,404,873,1846,47.29%,607,214,821
"Judge, County Criminal Court No. 6",0396,622,216,838,2082,40.25%,21,794,815
"Judge, County Criminal Court No. 6",0397,86,78,164,760,21.58%,77,82,159
"Judge, County Criminal Court No. 6",0398,615,521,1136,4022,28.24%,608,494,1102
"Judge, County Criminal Court No. 6",0399,402,366,768,2791,27.52%,404,336,740
"Judge, County Criminal Court No. 6",0400,620,359,979,2411,40.61%,701,230,931
"Judge, County Criminal Court No. 6",0401,330,205,535,1913,27.97%,18,501,519
"Judge, County Criminal Court No. 6",0402,466,266,732,1794,40.80%,36,676,712
"Judge, County Criminal Court No. 6",0403,475,498,973,1715,56.73%,503,383,886
"Judge, County Criminal Court No. 6",0404,419,330,749,2585,28.97%,428,291,719
"Judge, County Criminal Court No. 6",0405,0,0,0,0,0.00%,0,0,0
"Judge, County Criminal Court No. 6",0406,137,67,204,628,32.48%,3,196,199
"Judge, County Criminal Court No. 6",0407,688,793,1481,3769,39.29%,975,419,1394
"Judge, County Criminal Court No. 6",0408,146,153,299,1691,17.68%,145,138,283
"Judge, County Criminal Court No. 6",0409,122,149,271,1459,18.57%,116,144,260
"Judge, County Criminal Court No. 6",0410,132,80,212,899,23.58%,45,155,200
"Judge, County Criminal Court No. 6",0411,235,200,435,2339,18.60%,160,252,412
"Judge, County Criminal Court No. 6",0412,74,44,118,468,25.21%,6,106,112
"Judge, County Criminal Court No. 6",0413,767,386,1153,2992,38.54%,456,645,1101
"Judge, County Criminal Court No. 6",0414,654,480,1134,3453,32.84%,871,216,1087
"Judge, County Criminal Court No. 6",0415,539,598,1137,2203,51.61%,740,342,1082
"Judge, County Criminal Court No. 6",0416,538,558,1096,3791,28.91%,599,453,1052
"Judge, County Criminal Court No. 6",0417,353,385,738,2448,30.15%,372,332,704
"Judge, County Criminal Court No. 6",0418,403,469,872,3584,24.33%,357,473,830
"Judge, County Criminal Court No. 6",0419,571,324,895,2658,33.67%,598,257,855
"Judge, County Criminal Court No. 6",0420,1036,874,1910,4762,40.11%,1555,277,1832
"Judge, County Criminal Court No. 6",0421,36,37,73,410,17.80%,25,43,68
"Judge, County Criminal Court No. 6",0422,731,402,1133,3345,33.87%,31,1079,1110
"Judge, County Criminal Court No. 6",0423,108,120,228,1376,16.57%,73,143,216
"Judge, County Criminal Court No. 6",0424,240,111,351,967,36.30%,204,128,332
"Judge, County Criminal Court No. 6",0425,107,123,230,883,26.05%,85,135,220
"Judge, County Criminal Court No. 6",0426,260,183,443,1218,36.37%,257,161,418
"Judge, County Criminal Court No. 6",0427,179,134,313,1092,28.66%,134,152,286
"Judge, County Criminal Court No. 6",0428,619,421,1040,4538,22.92%,331,626,957
"Judge, County Criminal Court No. 6",0429,445,314,759,3197,23.74%,207,511,718
"Judge, County Criminal Court No. 6",0430,161,133,294,1657,17.74%,90,189,279
"Judge, County Criminal Court No. 6",0431,327,84,411,3417,12.03%,149,241,390
"Judge, County Criminal Court No. 6",0432,123,157,280,1455,19.24%,102,167,269
"Judge, County Criminal Court No. 6",0433,50,63,113,581,19.45%,28,78,106
"Judge, County Criminal Court No. 6",0434,370,289,659,1503,43.85%,395,222,617
"Judge, County Criminal Court No. 6",0435,855,636,1491,3252,45.85%,938,467,1405
"Judge, County Criminal Court No. 6",0436,629,531,1160,2933,39.55%,702,388,1090
"Judge, County Criminal Court No. 6",0437,521,512,1033,2033,50.81%,693,273,966
"Judge, County Criminal Court No. 6",0438,617,389,1006,1861,54.06%,732,213,945
"Judge, County Criminal Court No. 6",0439,710,884,1594,3554,44.85%,1112,379,1491
"Judge, County Criminal Court No. 6",0440,664,858,1522,2930,51.95%,1159,265,1424
"Judge, County Criminal Court No. 6",0441,345,420,765,1669,45.84%,563,156,719
"Judge, County Criminal Court No. 6",0442,612,574,1186,2575,46.06%,966,174,1140
"Judge, County Criminal Court No. 6",0443,225,136,364,646,56.35%,244,91,335
"Judge, County Criminal Court No. 6",0444,687,583,1270,3262,38.93%,788,406,1194
"Judge, County Criminal Court No. 6",0445,499,348,847,2026,41.81%,557,249,806
"Judge, County Criminal Court No. 6",0446,31,22,53,291,18.21%,27,23,50
"Judge, County Criminal Court No. 6",0447,93,86,179,637,28.10%,52,119,171
"Judge, County Criminal Court No. 6",0448,590,778,1368,3138,43.59%,736,540,1276
"Judge, County Criminal Court No. 6",0449,12,23,35,198,17.68%,3,31,34
"Judge, County Criminal Court No. 6",0450,435,328,763,2635,28.96%,230,501,731
"Judge, County Criminal Court No. 6",0451,1002,510,1512,2687,56.27%,1200,231,1431
"Judge, County Criminal Court No. 6",0452,554,444,998,3048,32.74%,735,229,964
"Judge, County Criminal Court No. 6",0453,231,262,493,1937,25.45%,197,272,469
"Judge, County Criminal Court No. 6",0454,594,248,842,2561,32.88%,11,811,822
"Judge, County Criminal Court No. 6",0455,367,165,532,1689,31.50%,19,508,527
"Judge, County Criminal Court No. 6",0456,482,362,844,3513,24.03%,489,330,819
"Judge, County Criminal Court No. 6",0457,0,0,0,0,0.00%,0,0,0
"Judge, County Criminal Court No. 6",0458,471,237,708,1924,36.80%,37,645,682
"Judge, County Criminal Court No. 6",0459,951,474,1425,3021,47.17%,1116,257,1373
"Judge, County Criminal Court No. 6",0460,554,331,885,2837,31.19%,231,633,864
"Judge, County Criminal Court No. 6",0461,1165,735,1900,3871,49.08%,1263,508,1771
"Judge, County Criminal Court No. 6",0462,674,619,1293,3384,38.21%,465,763,1228
"Judge, County Criminal Court No. 6",0463,480,404,884,3326,26.58%,397,455,852
"Judge, County Criminal Court No. 6",0464,356,430,786,2257,34.82%,559,196,755
"Judge, County Criminal Court No. 6",0465,687,520,1207,3564,33.87%,677,490,1167
"Judge, County Criminal Court No. 6",0466,1058,614,1672,4184,39.96%,969,643,1612
"Judge, County Criminal Court No. 6",0467,213,189,402,1270,31.65%,100,292,392
"Judge, County Criminal Court No. 6",0468,352,443,795,3598,22.10%,258,505,763
"Judge, County Criminal Court No. 6",0469,1294,547,1841,3985,46.20%,1437,317,1754
"Judge, County Criminal Court No. 6",0470,185,176,361,1326,27.22%,268,74,342
"Judge, County Criminal Court No. 6",0471,375,380,755,2387,31.63%,603,129,732
"Judge, County Criminal Court No. 6",0472,198,278,476,1081,44.03%,178,259,437
"Judge, County Criminal Court No. 6",0473,599,391,990,1806,54.82%,669,267,936
"Judge, County Criminal Court No. 6",0474,559,588,1147,3037,37.77%,784,322,1106
"Judge, County Criminal Court No. 6",0475,189,267,456,1809,25.21%,222,210,432
"Judge, County Criminal Court No. 6",0476,404,473,877,2430,36.09%,494,348,842
"Judge, County Criminal Court No. 6",0477,737,567,1304,3505,37.20%,977,273,1250
"Judge, County Criminal Court No. 6",0478,958,657,1615,4461,36.20%,1078,455,1533
"Judge, County Criminal Court No. 6",0479,638,612,1250,2714,46.06%,915,280,1195
"Judge, County Criminal Court No. 6",0480,493,450,943,2415,39.05%,671,229,900
"Judge, County Criminal Court No. 6",0481,770,623,1393,3482,40.01%,1055,274,1329
"Judge, County Criminal Court No. 6",0482,878,630,1508,4373,34.48%,1083,380,1463
"Judge, County Criminal Court No. 6",0483,1042,478,1520,4308,35.28%,875,582,1457
"Judge, County Criminal Court No. 6",0484,1107,930,2037,4979,40.91%,1443,526,1969
"Judge, County Criminal Court No. 6",0485,1095,911,2006,5388,37.23%,1550,398,1948
"Judge, County Criminal Court No. 6",0486,873,855,1728,3866,44.70%,1339,312,1651
"Judge, County Criminal Court No. 6",0487,570,294,864,3860,22.38%,315,475,790
"Judge, County Criminal Court No. 6",0488,268,254,522,1719,30.37%,192,289,481
"Judge, County Criminal Court No. 6",0489,350,290,640,1893,33.81%,213,398,611
"Judge, County Criminal Court No. 6",0490,444,368,812,1975,41.11%,286,493,779
"Judge, County Criminal Court No. 6",0491,314,372,686,1888,36.33%,397,248,645
"Judge, County Criminal Court No. 6",0492,556,410,966,2335,41.37%,564,349,913
"Judge, County Criminal Court No. 6",0493,479,322,801,1853,43.23%,531,219,750
"Judge, County Criminal Court No. 6",0494,381,247,628,2467,25.46%,77,537,614
"Judge, County Criminal Court No. 6",0495,522,523,1045,2375,44.00%,746,232,978
"Judge, County Criminal Court No. 6",0496,190,315,505,2160,23.38%,196,291,487
"Judge, County Criminal Court No. 6",0497,526,243,769,2257,34.07%,24,720,744
"Judge, County Criminal Court No. 6",0498,363,323,686,2297,29.87%,303,365,668
"Judge, County Criminal Court No. 6",0499,750,518,1268,2326,54.51%,899,293,1192
"Judge, County Criminal Court No. 6",0500,729,715,1444,3507,41.17%,993,396,1389
"Judge, County Criminal Court No. 6",0501,341,417,758,1801,42.09%,266,431,697
"Judge, County Criminal Court No. 6",0502,477,350,827,2501,33.07%,674,123,797
"Judge, County Criminal Court No. 6",0503,174,116,290,1374,21.11%,110,159,269
"Judge, County Criminal Court No. 6",0504,624,527,1151,2288,50.31%,709,373,1082
"Judge, County Criminal Court No. 6",0505,531,562,1193,3773,31.62%,528,579,1107
"Judge, County Criminal Court No. 6",0506,665,670,1335,3502,38.12%,230,1055,1285
"Judge, County Criminal Court No. 6",0507,221,149,370,2452,15.09%,76,225,301
"Judge, County Criminal Court No. 6",0508,492,412,904,3287,27.50%,343,489,832
"Judge, County Criminal Court No. 6",0509,753,596,1349,3732,36.15%,935,344,1279
"Judge, County Criminal Court No. 6",0510,687,514,1201,3590,33.45%,585,562,1147
"Judge, County Criminal Court No. 6",0511,0,0,0,0,0.00%,0,0,0
"Judge, County Criminal Court No. 6",0512,602,660,1262,5057,24.96%,609,619,1228
"Judge, County Criminal Court No. 6",0513,1019,487,1506,2894,52.04%,1136,294,1430
"Judge, County Criminal Court No. 6",0514,953,720,1673,4275,39.13%,1263,338,1601
"Judge, County Criminal Court No. 6",0515,942,683,1625,3455,47.03%,1302,246,1548
"Judge, County Criminal Court No. 6",0516,1000,800,1800,5356,33.61%,948,763,1711
"Judge, County Criminal Court No. 6",0517,481,256,737,2954,24.95%,419,292,711
"Judge, County Criminal Court No. 6",0518,635,693,1328,3943,33.68%,863,411,1274
"Judge, County Criminal Court No. 6",0519,623,493,1116,2966,37.63%,824,250,1074
"Judge, County Criminal Court No. 6",0520,473,457,930,4580,20.31%,167,746,913
"Judge, County Criminal Court No. 6",0521,471,464,935,2866,32.62%,501,398,899
"Judge, County Criminal Court No. 6",0522,715,572,1288,2689,47.90%,986,248,1234
"Judge, County Criminal Court No. 6",0523,751,415,1166,3052,38.20%,782,331,1113
"Judge, County Criminal Court No. 6",0524,567,459,1026,3410,30.09%,350,638,988
"Judge, County Criminal Court No. 6",0525,707,482,1189,3091,38.47%,262,871,1133
"Judge, County Criminal Court No. 6",0526,68,84,152,780,19.49%,46,94,140
"Judge, County Criminal Court No. 6",0527,37,40,77,574,13.41%,43,31,74
"Judge, County Criminal Court No. 6",0528,14,12,26,90,28.89%,2,23,25
"Judge, County Criminal Court No. 6",0529,1043,491,1534,3710,41.35%,1316,159,1475
"Judge, County Criminal Court No. 6",0530,114,107,221,1196,18.48%,57,149,206
"Judge, County Criminal Court No. 6",0531,363,174,537,1145,46.90%,412,98,510
"Judge, County Criminal Court No. 6",0532,205,146,351,1048,33.49%,252,89,341
"Judge, County Criminal Court No. 6",0533,124,108,232,1119,20.73%,132,87,219
"Judge, County Criminal Court No. 6",0534,783,524,1,307,3837,34.06%,984,260,1244
"Judge, County Criminal Court No. 6",0535,33,29,62,416,14.90%,29,31,60
"Judge, County Criminal Court No. 6",0536,554,780,1334,5139,25.96%,527,761,1288
"Judge, County Criminal Court No. 6",0537,855,778,1633,3050,53.54%,1183,374,1557
"Judge, County Criminal Court No. 6",0538,204,160,364,1303,27.94%,5,349,354
"Judge, County Criminal Court No. 6",0539,15,241,256,64,400.00%,73,165,238
"Judge, County Criminal Court No. 6",0540,378,316,694,1567,44.29%,249,387,636
"Judge, County Criminal Court No. 6",0541,784,505,1289,4599,28.03%,182,1048,1230
"Judge, County Criminal Court No. 6",0542,360,382,742,2557,29.02%,47,669,716
"Judge, County Criminal Court No. 6",0543,141,213,354,1565,22.62%,118,212,330
"Judge, County Criminal Court No. 6",0544,35,41,77,310,24.84%,12,64,76
"Judge, County Criminal Court No. 6",0545,596,620,1216,3629,33.51%,608,558,1166
"Judge, County Criminal Court No. 6",0546,2,2,4,37,10.81%,2,1,3
"Judge, County Criminal Court No. 6",0547,501,466,967,2406,40.19%,674,252,926
"Judge, County Criminal Court No. 6",0548,286,293,579,2215,26.14%,303,260,563
"Judge, County Criminal Court No. 6",0549,343,418,761,2663,28.58%,108,635,743
"Judge, County Criminal Court No. 6",0550,501,431,932,3031,30.75%,523,374,897
"Judge, County Criminal Court No. 6",0551,1288,1394,2682,7034,38.13%,2004,599,2603
"Judge, County Criminal Court No. 6",0552,847,883,1730,3415,50.66%,1422,250,1672
"Judge, County Criminal Court No. 6",0553,578,529,1107,4686,23.62%,499,572,1071
"Judge, County Criminal Court No. 6",0554,261,199,460,1757,26.18%,102,324,426
"Judge, County Criminal Court No. 6",0555,225,277,502,2219,22.62%,103,378,481
"Judge, County Criminal Court No. 6",0556,276,186,462,2319,19.92%,135,305,440
"Judge, County Criminal Court No. 6",0557,455,183,638,2830,22.54%,263,298,561
"Judge, County Criminal Court No. 6",0558,693,463,1156,4380,26.39%,409,702,1111
"Judge, County Criminal Court No. 6",0559,640,494,1134,4969,22.82%,341,751,1092
"Judge, County Criminal Court No. 6",0560,72,131,203,1120,18.13%,53,135,188
"Judge, County Criminal Court No. 6",0561,362,436,798,3064,26.04%,473,282,755
"Judge, County Criminal Court No. 6",0562,113,68,181,694,26.08%,24,154,178
"Judge, County Criminal Court No. 6",0563,1107,376,1483,3105,47.76%,1147,267,1414
"Judge, County Criminal Court No. 6",0564,470,426,896,3155,28.40%,222,629,851
"Judge, County Criminal Court No. 6",0565,108,78,186,1354,13.74%,44,128,172
"Judge, County Criminal Court No. 6",0566,417,324,741,2882,25.71%,226,493,719
"Judge, County Criminal Court No. 6",0567,301,193,494,2238,22.07%,155,300,455
"Judge, County Criminal Court No. 6",0568,876,685,1561,3594,43.43%,1007,461,1468
"Judge, County Criminal Court No. 6",0569,572,667,1239,3525,35.15%,624,539,1163
"Judge, County Criminal Court No. 6",0570,238,210,448,1562,28.68%,152,262,414
"Judge, County Criminal Court No. 6",0571,155,149,304,1827,16.64%,126,166,292
"Judge, County Criminal Court No. 6",0572,555,375,930,3108,29.92%,471,415,886
"Judge, County Criminal Court No. 6",0573,290,151,441,1619,27.24%,10,427,437
"Judge, County Criminal Court No. 6",0574,31,42,73,402,18.16%,10,62,72
"Judge, County Criminal Court No. 6",0575,13,11,24,74,32.43%,17,6,23
"Judge, County Criminal Court No. 6",0576,485,318,803,2734,29.37%,22,767,789
"Judge, County Criminal Court No. 6",0577,147,88,235,608,38.65%,139,86,225
"Judge, County Criminal Court No. 6",0578,409,538,947,1799,52.64%,554,339,893
"Judge, County Criminal Court No. 6",0579,75,101,176,1056,16.67%,34,134,168
"Judge, County Criminal Court No. 6",0580,179,118,297,1031,28.81%,3,283,286
"Judge, County Criminal Court No. 6",0581,212,174,386,1032,37.40%,6,367,373
"Judge, County Criminal Court No. 6",0582,258,171,429,1588,27.02%,21,396,417
"Judge, County Criminal Court No. 6",0583,225,131,356,1262,28.21%,14,334,348
"Judge, County Criminal Court No. 6",0584,182,93,275,1014,27.12%,11,258,269
"Judge, County Criminal Court No. 6",0585,417,172,589,2511,23.46%,19,558,577
"Judge, County Criminal Court No. 6",0586,638,680,1318,4316,30.54%,796,472,1268
"Judge, County Criminal Court No. 6",0587,436,284,720,2598,27.71%,287,415,702
"Judge, County Criminal Court No. 6",0588,758,674,1432,3645,39.29%,1015,368,1383
"Judge, County Criminal Court No. 6",0589,500,386,886,3420,25.91%,490,368,858
"Judge, County Criminal Court No. 6",0590,772,399,1171,2162,54.16%,895,233,1128
"Judge, County Criminal Court No. 6",0591,183,231,414,2121,19.52%,126,269,395
"Judge, County Criminal Court No. 6",0592,133,157,290,1350,21.48%,79,196,275
"Judge, County Criminal Court No. 6",0593,543,564,1107,4380,25.27%,539,515,1054
"Judge, County Criminal Court No. 6",0594,561,326,887,2490,35.62%,249,607,856
"Judge, County Criminal Court No. 6",0595,201,178,379,1693,22.39%,71,297,368
"Judge, County Criminal Court No. 6",0596,441,348,789,3007,26.24%,438,324,762
"Judge, County Criminal Court No. 6",0597,367,394,761,3653,20.83%,333,414,747
"Judge, County Criminal Court No. 6",0598,195,57,252,728,34.62%,202,43,245
"Judge, County Criminal Court No. 6",0599,850,578,1428,4950,28.85%,516,864,1380
"Judge, County Criminal Court No. 6",0600,667,429,1096,3957,27.70%,450,597,1047
"Judge, County Criminal Court No. 6",0601,1073,756,1829,4057,45.08%,1377,384,1761
"Judge, County Criminal Court No. 6",0602,293,235,525,1326,39.82%,385,126,511
"Judge, County Criminal Court No. 6",0603,554,794,1678,4843,34.65%,1068,566,1634
"Judge, County Criminal Court No. 6",0604,702,518,1220,3005,40.60%,1005,172,1177
"Judge, County Criminal Court No. 6",0605,907,556,1463,5582,26.21%,368,1054,1422
"Judge, County Criminal Court No. 6",0606,176,70,246,937,26.25%,4,238,242
"Judge, County Criminal Court No. 6",0607,52,51,113,728,15.52%,12,95,107
"Judge, County Criminal Court No. 6",0608,31,47,78,537,14.53%,47,26,73
"Judge, County Criminal Court No. 6",0609,557,680,1347,3384,39.80%,829,442,1271
"Judge, County Criminal Court No. 6",0610,231,188,419,1927,21.74%,214,173,387
"Judge, County Criminal Court No. 6",0611,495,242,737,2488,29.62%,23,702,725
"Judge, County Criminal Court No. 6",0612,996,497,1493,3307,45.15%,1106,304,1410
"Judge, County Criminal Court No. 6",0613,186,204,390,1554,25.10%,63,315,378
"Judge, County Criminal Court No. 6",0614,737,566,1303,4207,30.97%,492,763,1255
"Judge, County Criminal Court No. 6",0615,450,299,779,1967,39.60%,492,262,754
"Judge, County Criminal Court No. 6",0616,739,663,1402,3436,40.80%,983,362,1345
"Judge, County Criminal Court No. 6",0617,541,393,934,3809,24.52%,388,522,910
"Judge, County Criminal Court No. 6",0618,945,567,1513,6003,25.20%,753,711,1464
"Judge, County Criminal Court No. 6",0619,1219,803,2022,4297,47.06%,1493,432,1925
"Judge, County Criminal Court No. 6",0620,589,264,953,2897,32.90%,587,320,907
"Judge, County Criminal Court No. 6",0621,154,101,255,1133,22.51%,132,109,241
"Judge, County Criminal Court No. 6",0622,881,524,1405,4403,31.91%,856,499,1355
"Judge, County Criminal Court No. 6",0623,887,487,1374,3691,37.23%,917,386,1303
"Judge, County Criminal Court No. 6",0624,1,1,2,3,66.67%,1,1,2
"Judge, County Criminal Court No. 6",0625,477,362,839,1820,46.10%,472,319,791
"Judge, County Criminal Court No. 6",0626,551,440,1021,2861,35.69%,550,412,962
"Judge, County Criminal Court No. 6",0627,346,322,668,3049,21.91%,240,396,636
"Judge, County Criminal Court No. 6",0628,152,219,371,1675,22.15%,197,163,360
"Judge, County Criminal Court No. 6",0629,37,53,90,696,12.93%,16,73,89
"Judge, County Criminal Court No. 6",0630,974,600,1574,3905,40.31%,122,1410,1532
"Judge, County Criminal Court No. 6",0631,822,404,1226,2846,43.08%,891,286,1177
"Judge, County Criminal Court No. 6",0632,7,4,11,343,3.21%,2,9,11
"Judge, County Criminal Court No. 6",0633,943,731,1674,3559,47.04%,1183,428,1611
"Judge, County Criminal Court No. 6",0634,458,442,900,3029,29.71%,594,274,868
"Judge, County Criminal Court No. 6",0635,743,485,1228,3393,36.19%,922,264,1186
"Judge, County Criminal Court No. 6",0636,835,874,1710,4140,41.30%,1482,170,1652
"Judge, County Criminal Court No. 6",0637,409,362,771,2512,30.69%,186,530,716
"Judge, County Criminal Court No. 6",0638,304,245,549,2204,24.91%,41,486,527
"Judge, County Criminal Court No. 6",0639,549,547,1096,2526,43.39%,875,177,1052
"Judge, County Criminal Court No. 6",0640,641,459,1100,3733,29.47%,692,367,1059
"Judge, County Criminal Court No. 6",0641,649,596,1245,3650,34.11%,833,365,1198
"Judge, County Criminal Court No. 6",0642,471,394,865,1764,49.04%,683,136,819
"Judge, County Criminal Court No. 6",0643,934,653,1587,5945,26.69%,626,915,1541
"Judge, County Criminal Court No. 6",0644,1019,823,1842,5523,33.35%,1212,551,1763
"Judge, County Criminal Court No. 6",0645,654,594,1248,4185,29.82%,678,516,1194
"Judge, County Criminal Court No. 6",0646,364,287,651,2220,29.32%,208,406,614
"Judge, County Criminal Court No. 6",0647,904,470,1374,6084,22.58%,379,880,1259
"Judge, County Criminal Court No. 6",0648,838,579,1417,3367,42.08%,1015,353,1368
"Judge, County Criminal Court No. 6",0649,687,434,1121,4576,24.50%,359,689,1048
"Judge, County Criminal Court No. 6",0650,906,766,1672,3888,43.00%,1191,404,1595
"Judge, County Criminal Court No. 6",0651,963,766,1729,5128,33.72%,1101,551,1652
"Judge, County Criminal Court No. 6",0652,467,515,982,2815,34.88%,176,769,945
"Judge, County Criminal Court No. 6",0653,0,4,4,0,0.00%,0,4,4
"Judge, County Criminal Court No. 6",0654,950,1005,1955,6208,31.49%,1084,796,1880
"Judge, County Criminal Court No. 6",0655,1115,1079,2195,6855,32.02%,1361,744,2105
"Judge, County Criminal Court No. 6",0656,579,393,972,2674,36.35%,37,910,947
"Judge, County Criminal Court No. 6",0657,246,172,418,1292,32.35%,169,233,402
"Judge, County Criminal Court No. 6",0658,540,426,966,2807,34.41%,629,316,945
"Judge, County Criminal Court No. 6",0659,1149,788,1937,4856,39.89%,1380,495,1875
"Judge, County Criminal Court No. 6",0660,950,825,1775,5372,33.04%,160,1566,1726
"Judge, County Criminal Court No. 6",0661,675,765,1440,4567,31.53%,841,543,1384
"Judge, County Criminal Court No. 6",0662,1148,890,2038,4874,41.81%,1622,351,1973
"Judge, County Criminal Court No. 6",0663,717,797,1514,3346,45.25%,728,671,1399
"Judge, County Criminal Court No. 6",0664,352,250,602,2869,20.98%,131,442,573
"Judge, County Criminal Court No. 6",0665,482,348,830,2154,38.53%,694,108,802
"Judge, County Criminal Court No. 6",0666,0,0,0,0,0.00%,0,0,0
"Judge, County Criminal Court No. 6",0667,488,502,990,2149,46.07%,768,183,951
"Judge, County Criminal Court No. 6",0668,399,509,908,2775,32.72%,590,290,880
"Judge, County Criminal Court No. 6",0669,850,738,1,588,3425,46.36%,1121,396,1517
"Judge, County Criminal Court No. 6",0670,955,471,1427,2983,47.84%,1111,259,1370
"Judge, County Criminal Court No. 6",0671,403,565,968,3037,31.87%,592,332,924
"Judge, County Criminal Court No. 6",0672,959,862,1821,5706,31.91%,1247,516,1763
"Judge, County Criminal Court No. 6",0673,729,516,1245,2995,41.57%,984,202,1186
"Judge, County Criminal Court No. 6",0674,1071,618,1689,4091,41.29%,1256,373,1629
"Judge, County Criminal Court No. 6",0675,0,1,1,0,0.00%,1,0,1
"Judge, County Criminal Court No. 6",0676,0,0,0,0,0.00%,0,0,0
"Judge, County Criminal Court No. 6",0677,127,127,254,1266,20.06%,97,143,240
"Judge, County Criminal Court No. 6",0678,166,108,274,735,37.28%,177,75,252
"Judge, County Criminal Court No. 6",0679,635,520,1155,3381,34.16%,874,229,1103
"Judge, County Criminal Court No. 6",0680,21,14,35,162,21.60%,13,22,35
"Judge, County Criminal Court No. 6",0681,1,0,1,5,20.00%,1,0,1
"Judge, County Criminal Court No. 6",0682,711,654,1365,4216,32.38%,1012,306,1318
"Judge, County Criminal Court No. 6",0683,29,20,49,276,17.75%,10,35,45
"Judge, County Criminal Court No. 6",0684,27,22,49,223,21.97%,25,21,46
"Judge, County Criminal Court No. 6",0685,110,29,139,307,45.28%,60,69,129
"Judge, County Criminal Court No. 6",0686,17,12,29,208,13.94%,11,17,28
"Judge, County Criminal Court No. 6",0687,549,537,1085,2609,41.63%,729,289,1018
"Judge, County Criminal Court No. 6",0688,999,617,1616,3504,46.12%,1283,265,1548
"Judge, County Criminal Court No. 6",0689,211,387,598,2346,25.49%,301,264,565
"Judge, County Criminal Court No. 6",0690,926,1104,2030,5102,39.79%,1641,320,1961
"Judge, County Criminal Court No. 6",0691,2,5,7,25,28.00%,3,4,7
"Judge, County Criminal Court No. 6",0692,444,548,992,2847,34.84%,731,220,951
"Judge, County Criminal Court No. 6",0693,167,91,258,666,38.74%,71,174,245
"Judge, County Criminal Court No. 6",0694,260,120,380,845,44.97%,251,107,358
"Judge, County Criminal Court No. 6",0695,232,193,425,1724,24.65%,270,138,408
"Judge, County Criminal Court No. 6",0696,261,207,468,1982,23.61%,298,149,447
"Judge, County Criminal Court No. 6",0697,605,613,1218,4413,27.60%,311,861,1172
"Judge, County Criminal Court No. 6",0698,448,489,937,3189,29.38%,102,810,912
"Judge, County Criminal Court No. 6",0699,568,414,982,2343,41.91%,632,285,917
"Judge, County Criminal Court No. 6",0700,255,251,506,1371,36.91%,424,58,482
"Judge, County Criminal Court No. 6",0701,56,43,99,588,16.84%,61,33,94
"Judge, County Criminal Court No. 6",0702,54,70,134,539,24.86%,17,115,132
"Judge, County Criminal Court No. 6",0703,372,490,862,1882,45.80%,610,210,820
"Judge, County Criminal Court No. 6",0704,569,599,1168,3064,38.12%,947,168,1115
"Judge, County Criminal Court No. 6",0705,114,113,227,1523,14.90%,30,187,217
"Judge, County Criminal Court No. 6",0706,115,71,186,610,30.49%,88,85,173
"Judge, County Criminal Court No. 6",0707,153,86,239,707,33.80%,146,77,223
"Judge, County Criminal Court No. 6",0708,54,52,106,563,18.83%,50,47,97
"Judge, County Criminal Court No. 6",0709,1375,947,2322,6848,33.91%,1406,850,2256
"Judge, County Criminal Court No. 6",0710,371,462,833,2082,40.01%,446,321,767
"Judge, County Criminal Court No. 6",0711,702,506,1208,3484,34.67%,715,422,1137
"Judge, County Criminal Court No. 6",0712,491,463,954,3670,25.99%,407,526,933
"Judge, County Criminal Court No. 6",0713,228,262,490,1907,25.69%,248,220,468
"Judge, County Criminal Court No. 6",0714,35,19,55,296,18.58%,34,19,53
"Judge, County Criminal Court No. 6",0715,176,187,363,1408,25.78%,203,140,343
"Judge, County Criminal Court No. 6",0716,449,407,856,2680,31.94%,599,234,833
"Judge, County Criminal Court No. 6",0717,373,250,623,2002,31.12%,73,533,606
"Judge, County Criminal Court No. 6",0718,1017,806,1823,4229,43.11%,1268,452,1720
"Judge, County Criminal Court No. 6",0719,247,137,384,1589,24.17%,233,135,368
"Judge, County Criminal Court No. 6",0720,994,780,1774,4282,41.43%,1328,385,1713
"Judge, County Criminal Court No. 6",0721,754,532,1286,2870,44.81%,830,389,1219
"Judge, County Criminal Court No. 6",0722,871,494,1365,4479,30.48%,103,1217,1320
"Judge, County Criminal Court No. 6",0723,401,202,603,1858,32.45%,131,449,580
"Judge, County Criminal Court No. 6",0724,151,128,279,766,36.42%,205,60,265
"Judge, County Criminal Court No. 6",0725,423,237,660,2237,29.50%,318,320,638
"Judge, County Criminal Court No. 6",0726,592,402,994,2087,47.63%,870,97,967
"Judge, County Criminal Court No. 6",0727,338,290,628,2488,25.24%,200,389,589
"Judge, County Criminal Court No. 6",0728,209,151,360,880,40.91%,218,120,338
"Judge, County Criminal Court No. 6",0729,136,59,195,464,42.03%,123,68,191
"Judge, County Criminal Court No. 6",0730,428,359,787,1747,45.05%,500,240,740
"Judge, County Criminal Court No. 6",0731,58,27,85,352,24.15%,25,58,83
"Judge, County Criminal Court No. 6",0732,441,324,765,1924,39.76%,476,245,721
"Judge, County Criminal Court No. 6",0733,13,7,20,215,9.30%,8,10,18
"Judge, County Criminal Court No. 6",0734,1558,962,2520,7005,35.97%,1737,706,2443
"Judge, County Criminal Court No. 6",0735,8,0,6,18,33.33%,5,1,6
"Judge, County Criminal Court No. 6",0736,3,1,4,22,18.18%,0,3,3
"Judge, County Criminal Court No. 6",0737,11,7,18,51,35.29%,13,5,18
"Judge, County Criminal Court No. 6",0738,139,100,239,1361,17.56%,49,184,233
"Judge, County Criminal Court No. 6",0739,353,301,654,2955,22.13%,339,288,627
"Judge, County Criminal Court No. 6",0740,96,98,194,939,20.66%,130,56,186
"Judge, County Criminal Court No. 6",0741,0,1,1,0,0.00%,0,1,1
"Judge, County Criminal Court No. 6",0742,0,11,11,0,0.00%,6,5,11
"Judge, County Criminal Court No. 6",0743,15,18,33,210,15.71%,17,14,31
"Judge, County Criminal Court No. 6",0744,456,392,848,2027,41.84%,535,261,796
"Judge, County Criminal Court No. 6",0745,683,372,1055,2494,42.30%,637,363,1000
"Judge, County Criminal Court No. 6",0746,114,77,191,691,27.64%,89,99,188
"Judge, County Criminal Court No. 6",0747,550,467,1017,3743,27.17%,503,484,987
"Judge, County Criminal Court No. 6",0748,170,140,310,1403,22.10%,161,136,297
"Judge, County Criminal Court No. 6",0749,30,17,47,377,12.47%,10,35,45
"Judge, County Criminal Court No. 6",0750,111,96,207,767,26.99%,127,76,203
"Judge, County Criminal Court No. 6",0751,925,964,1889,5084,37.16%,1243,568,1811
"Judge, County Criminal Court No. 6",0752,286,200,486,1483,32.77%,363,99,462
"Judge, County Criminal Court No. 6",0753,55,73,128,259,49.42%,79,42,121
"Judge, County Criminal Court No. 6",0754,0,0,0,0,0.00%,0,0,0
"Judge, County Criminal Court No. 6",0755,442,584,1026,4294,23.89%,454,525,979
"Judge, County Criminal Court No. 6",0756,251,177,428,1600,26.75%,170,240,410
"Judge, County Criminal Court No. 6",0757,520,508,1028,4035,25.48%,187,808,995
"Judge, County Criminal Court No. 6",0758,1114,692,1806,4096,44.09%,1444,300,1744
"Judge, County Criminal Court No. 6",0759,465,413,878,2730,32.16%,558,285,843
"Judge, County Criminal Court No. 6",0760,1432,639,2071,4367,47.42%,1690,287,1977
"Judge, County Criminal Court No. 6",0761,548,253,801,1550,51.68%,545,200,745
"Judge, County Criminal Court No. 6",0762,0,0,0,0,0.00%,0,0,0
"Judge, County Criminal Court No. 6",0763,108,146,254,1212,20.96%,98,144,242
"Judge, County Criminal Court No. 6",0764,1133,774,1907,5217,36.55%,1205,638,1843
"Judge, County Criminal Court No. 6",0765,647,426,1073,4055,26.46%,442,578,1020
"Judge, County Criminal Court No. 6",0766,40,25,65,392,16.58%,16,41,57
"Judge, County Criminal Court No. 6",0767,10,2,12,86,13.95%,6,6,12
"Judge, County Criminal Court No. 6",0768,1359,1015,2374,5857,40.53%,1933,374,2307
"Judge, County Criminal Court No. 6",0769,54,16,70,183,38.25%,3,66,69
"Judge, County Criminal Court No. 6",0770,31,25,56,323,17.34%,26,26,52
"Judge, County Criminal Court No. 6",0771,324,254,578,2426,23.83%,335,221,556
"Judge, County Criminal Court No. 6",0772,1792,851,2643,5709,46.30%,1987,534,2521
"Judge, County Criminal Court No. 6",0773,473,312,785,2918,26.90%,218,502,720
"Judge, County Criminal Court No. 6",0774,30,41,71,378,18.78%,16,53,69
"Judge, County Criminal Court No. 6",0775,18,3,21,92,22.83%,0,21,21
"Judge, County Criminal Court No. 6",0776,551,496,1047,3053,34.29%,612,387,999
"Judge, County Criminal Court No. 6",0777,46,40,86,652,13.19%,30,54,84
"Judge, County Criminal Court No. 6",0778,0,0,0,0,0.00%,0,0,0
"Judge, County Criminal Court No. 6",0779,64,51,115,940,12.23%,41,69,110
"Judge, County Criminal Court No. 6",0780,63,59,122,595,20.50%,70,48,118
"Judge, County Criminal Court No. 6",0781,666,273,939,3603,26.06%,425,417,842
"Judge, County Criminal Court No. 6",0782,368,370,738,2236,33.01%,456,253,709
"Judge, County Criminal Court No. 6",0783,49,13,62,294,21.09%,45,15,60
"Judge, County Criminal Court No. 6",0784,208,128,336,1079,31.14%,7,315,322
"Judge, County Criminal Court No. 6",0785,28,25,53,296,17.91%,29,24,53
"Judge, County Criminal Court No. 6",0786,100,98,198,1251,15.83%,76,115,191
"Judge, County Criminal Court No. 6",0787,46,52,98,488,20.08%,35,60,95
"Judge, County Criminal Court No. 6",0788,74,32,106,454,23.35%,51,51,102
"Judge, County Criminal Court No. 6",0789,0,3,3,3,100.00%,1,2,3
"Judge, County Criminal Court No. 6",0790,0,0,0,3,0.00%,0,0,0
"Judge, County Criminal Court No. 6",0791,0,0,0,0,0.00%,0,0,0
"Judge, County Criminal Court No. 6",0792,269,239,508,1865,27.24%,120,360,480
"Judge, County Criminal Court No. 6",0793,448,247,695,2484,27.98%,418,253,671
"Judge, County Criminal Court No. 6",0794,124,144,268,2710,9.89%,33,227,260
"Judge, County Criminal Court No. 6",0795,90,125,215,1217,17.67%,72,131,203
"Judge, County Criminal Court No. 6",0796,83,51,134,476,28.15%,75,54,129
"Judge, County Criminal Court No. 6",0797,0,0,0,0,0.00%,0,0,0
"Judge, County Criminal Court No. 6",0798,99,111,210,500,42.00%,82,118,200
"Judge, County Criminal Court No. 6",0799,28,15,43,161,26.71%,8,35,43
"Judge, County Criminal Court No. 6",0800,588,642,1230,2932,41.95%,831,336,1167
"Judge, County Criminal Court No. 6",0801,32,14,46,258,17.83%,16,27,43
"Judge, County Criminal Court No. 6",0802,51,27,78,312,25.00%,16,61,77
"Judge, County Criminal Court No. 6",0803,725,511,1236,2893,42.72%,902,287,1189
"Judge, County Criminal Court No. 6",0804,932,591,1523,4768,31.94%,962,515,1477
"Judge, County Criminal Court No. 6",0805,765,533,1298,2866,45.29%,1046,210,1256
"Judge, County Criminal Court No. 6",0806,0,0,0,0,0.00%,0,0,0
"Judge, County Criminal Court No. 6",0807,211,204,415,2028,20.46%,95,302,397
"Judge, County Criminal Court No. 6",0808,12,17,29,131,22.14%,7,20,27
"Judge, County Criminal Court No. 6",0809,7,6,13,92,14.13%,5,6,11
"Judge, County Criminal Court No. 6",0810,9,16,25,211,11.85%,7,17,24
"Judge, County Criminal Court No. 6",0811,29,50,79,270,29.26%,26,51,77
"Judge, County Criminal Court No. 6",0812,0,0,0,0,0.00%,0,0,0
"Judge, County Criminal Court No. 6",0813,938,761,1699,5807,29.26%,842,804,1646
"Judge, County Criminal Court No. 6",0814,673,533,1206,5102,23.64%,300,868,1168
"Judge, County Criminal Court No. 6",0815,0,0,0,0,0.00%,0,0,0
"Judge, County Criminal Court No. 6",0816,10,0,10,73,13.70%,3,7,10
"Judge, County Criminal Court No. 6",0817,0,0,0,0,0.00%,0,0,0
"Judge, County Criminal Court No. 6",0818,86,39,125,616,20.29%,28,91,119
"Judge, County Criminal Court No. 6",0819,64,30,94,240,39.17%,48,34,82
"Judge, County Criminal Court No. 6",0820,0,0,0,0,0.00%,0,0,0
"Judge, County Criminal Court No. 6",0821,124,120,244,1242,19.65%,32,203,235
"Judge, County Criminal Court No. 6",0822,332,167,499,1535,32.51%,13,469,482
"Judge, County Criminal Court No. 6",0823,821,564,1385,5087,27.23%,797,545,1342
"Judge, County Criminal Court No. 6",0824,428,282,710,2700,26.30%,155,535,690
"Judge, County Criminal Court No. 6",0825,0,0,0,0,0.00%,0,0,0
"Judge, County Criminal Court No. 6",0826,73,50,123,358,34.36%,59,54,113
"Judge, County Criminal Court No. 6",0827,60,98,158,979,16.14%,72,81,153
"Judge, County Criminal Court No. 6",0828,541,388,929,1916,48.49%,727,159,886
"Judge, County Criminal Court No. 6",0829,54,22,76,264,28.79%,19,57,76
"Judge, County Criminal Court No. 6",0830,0,0,0,2,0.00%,0,0,0
"Judge, County Criminal Court No. 6",0831,0,0,0,0,0.00%,0,0,0
"Judge, County Criminal Court No. 6",0832,34,28,62,352,17.61%,18,41,59
"Judge, County Criminal Court No. 6",0833,0,1,1,20,5.00%,0,1,1
"Judge, County Criminal Court No. 6",0834,0,0,0,0,0.00%,0,0,0
"Judge, County Criminal Court No. 6",0835,38,19,57,290,19.66%,12,39,51
"Judge, County Criminal Court No. 6",0836,3,0,3,19,15.79%,1,2,3
"Judge, County Criminal Court No. 6",0837,0,0,0,0,0.00%,0,0,0
"Judge, County Criminal Court No. 6",0838,0,0,0,0,0.00%,0,0,0
"Judge, County Criminal Court No. 6",0839,136,118,254,1128,22.52%,52,192,244
"Judge, County Criminal Court No. 6",0840,381,174,555,1705,32.55%,197,345,542
"Judge, County Criminal Court No. 6",0841,0,0,0,0,0.00%,0,0,0
"Judge, County Criminal Court No. 6",0842,421,434,855,3259,26.24%,395,427,822
"Judge, County Criminal Court No. 6",0843,0,1,1,0,0.00%,0,1,1
"Judge, County Criminal Court No. 6",0844,1,0,1,11,9.09%,0,1,1
"Judge, County Criminal Court No. 6",0845,54,9,63,134,47.01%,39,21,60
"Judge, County Criminal Court No. 6",0846,23,24,47,229,20.52%,2,42,44
"Judge, County Criminal Court No. 6",0847,305,211,516,2015,25.61%,145,355,500
"Judge, County Criminal Court No. 6",0848,489,266,755,1856,40.68%,221,503,724
"Judge, County Criminal Court No. 6",0849,201,291,492,2124,23.16%,192,277,469
"Judge, County Criminal Court No. 6",0850,46,41,87,210,41.43%,32,53,85
"Judge, County Criminal Court No. 6",0851,1029,657,1686,4709,35.80%,1132,487,1619
"Judge, County Criminal Court No. 6",0852,0,0,0,1,0.00%,0,0,0
"Judge, County Criminal Court No. 6",0853,575,620,1296,2882,44.97%,987,252,1239
"Judge, County Criminal Court No. 6",0854,15,26,41,172,23.84%,7,32,39
"Judge, County Criminal Court No. 6",0855,5,9,14,16,87.50%,5,8,13
"Judge, County Criminal Court No. 6",0856,0,1,1,0,0.00%,0,1,1
"Judge, County Criminal Court No. 6",0857,0,0,0,1,0.00%,0,0,0
"Judge, County Criminal Court No. 6",0858,63,34,97,343,28.28%,3,90,93
"Judge, County Criminal Court No. 6",0859,157,106,263,890,29.55%,70,186,256
"Judge, County Criminal Court No. 6",0860,0,0,0,0,0.00%,0,0,0
"Judge, County Criminal Court No. 6",0861,315,199,514,1842,27.90%,83,416,499
"Judge, County Criminal Court No. 6",0862,0,0,0,0,0.00%,0,0,0
"Judge, County Criminal Court No. 6",0863,101,54,155,584,26.54%,7,147,154
"Judge, County Criminal Court No. 6",0864,193,299,492,2569,19.15%,140,330,470
"Judge, County Criminal Court No. 6",0865,2,3,5,21,23.81%,0,5,5
"Judge, County Criminal Court No. 6",0866,0,0,0,0,0.00%,0,0,0
"Judge, County Criminal Court No. 6",0867,0,0,0,0,0.00%,0,0,0
"Judge, County Criminal Court No. 6",0868,236,271,507,2326,21.80%,166,322,488
"Judge, County Criminal Court No. 6",0869,53,39,92,470,19.57%,21,69,90
"Judge, County Criminal Court No. 6",0870,0,0,0,0,0.00%,0,0,0
"Judge, County Criminal Court No. 6",0871,1,0,1,3,33.33%,0,1,1
"Judge, County Criminal Court No. 6",0872,5,3,8,59,13.56%,4,4,8
"Judge, County Criminal Court No. 6",0873,98,75,173,737,23.47%,43,125,168
"Judge, County Criminal Court No. 6",0874,763,707,1470,3223,45.61%,1094,317,1411
"Judge, County Criminal Court No. 6",0875,904,527,1431,5147,27.80%,699,687,1386
"Judge, County Criminal Court No. 6",0876,698,641,1339,3265,41.01%,1018,276,1294
"Judge, County Criminal Court No. 6",0877,476,382,858,3032,28.30%,351,486,837
"Judge, County Criminal Court No. 6",0878,427,354,781,1666,46.88%,642,119,761
"Judge, County Criminal Court No. 6",0879,407,294,701,2667,26.28%,360,303,663
"Judge, County Criminal Court No. 6",0880,543,447,990,2352,42.09%,785,167,952
"Judge, County Criminal Court No. 6",0881,593,540,1133,4479,25.30%,391,713,1104
"Judge, County Criminal Court No. 6",0882,426,291,717,2422,29.60%,430,262,692
"Judge, County Criminal Court No. 6",0883,643,702,1345,5408,24.87%,234,1070,1304
"Judge, County Criminal Court No. 6",0884,57,25,82,377,21.75%,9,70,79
"Judge, County Criminal Court No. 6",0885,562,368,930,2619,35.51%,549,356,905
"Judge, County Criminal Court No. 6",0886,128,108,236,675,34.96%,132,91,223
"Judge, County Criminal Court No. 6",0887,50,67,117,418,27.99%,53,54,107
"Judge, County Criminal Court No. 6",0888,0,3,3,0,0.00%,2,1,3
"Judge, County Criminal Court No. 6",0889,14,0,14,57,24.56%,5,8,13
"Judge, County Criminal Court No. 6",0890,164,103,267,1095,24.38%,83,162,245
"Judge, County Criminal Court No. 6",0891,317,243,560,1331,42.07%,197,328,525
"Judge, County Criminal Court No. 6",0892,115,86,201,808,24.88%,72,117,189
"Judge, County Criminal Court No. 6",0893,0,2,2,6,33.33%,0,2,2
"Judge, County Criminal Court No. 6",0894,0,3,3,0,0.00%,2,1,3
"Judge, County Criminal Court No. 6",0895,156,286,442,793,55.74%,151,238,389
"Judge, County Criminal Court No. 6",0896,370,297,667,1459,45.72%,223,395,618
"Judge, County Criminal Court No. 6",0897,252,297,549,1701,32.28%,318,213,531
"Judge, County Criminal Court No. 6",0898,0,0,0,3,0.00%,0,0,0
"Judge, County Criminal Court No. 6",0899,2,0,2,8,25.00%,0,2,2
"Judge, County Criminal Court No. 6",0900,0,2,2,10,20.00%,1,1,2
"Judge, County Criminal Court No. 6",0901,0,0,0,0,0.00%,0,0,0
"Judge, County Criminal Court No. 6",0902,394,486,880,2139,41.14%,468,350,818
"Judge, County Criminal Court No. 6",0903,3,7,10,50,20.00%,2,6,8
"Judge, County Criminal Court No. 6",0904,1,0,1,7,14.29%,1,0,1
"Judge, County Criminal Court No. 6",0905,123,100,223,904,24.67%,99,111,210
"Judge, County Criminal Court No. 6",0906,8,6,14,25,56.00%,7,5,12
"Judge, County Criminal Court No. 6",0907,12,19,31,181,17.13%,6,25,31
"Judge, County Criminal Court No. 6",0908,0,1,1,0,0.00%,0,1,1
"Judge, County Criminal Court No. 6",0909,2,1,3,18,16.67%,0,3,3
"Judge, County Criminal Court No. 6",0910,25,24,49,217,22.58%,21,26,47
"Judge, County Criminal Court No. 6",0911,118,60,178,551,32.30%,118,52,170
"Judge, County Criminal Court No. 6",0912,316,201,517,1273,40.61%,341,148,489
"Judge, County Criminal Court No. 6",0913,0,0,0,0,0.00%,0,0,0
"Judge, County Criminal Court No. 6",0914,169,179,348,701,49.64%,274,61,335
"Judge, County Criminal Court No. 6",0915,0,0,0,0,0.00%,0,0,0
"Judge, County Criminal Court No. 6",0916,417,240,657,1491,44.06%,524,111,635
"Judge, County Criminal Court No. 6",0917,177,62,239,483,49.48%,157,64,221
"Judge, County Criminal Court No. 6",0918,304,168,472,883,53.45%,355,93,448
"Judge, County Criminal Court No. 6",0919,0,0,0,3,0.00%,0,0,0
"Judge, County Criminal Court No. 6",0920,22,12,34,71,47.89%,23,10,33
"Judge, County Criminal Court No. 6",0921,32,15,47,119,39.50%,34,12,46
"Judge, County Criminal Court No. 6",0922,0,0,0,0,0.00%,0,0,0
"Judge, County Criminal Court No. 6",0923,470,137,607,1511,40.17%,454,135,589
"Judge, County Criminal Court No. 6",0924,0,0,0,0,0.00%,0,0,0
"Judge, County Criminal Court No. 6",0925,0,0,0,0,0.00%,0,0,0
"Judge, County Criminal Court No. 6",0926,171,128,299,796,37.56%,222,65,287
"Judge, County Criminal Court No. 6",0927,44,30,74,270,27.41%,28,40,68
"Judge, County Criminal Court No. 6",0928,3,0,3,8,37.50%,0,3,3
"Judge, County Criminal Court No. 6",0929,0,0,0,0,0.00%,0,0,0
"Judge, County Criminal Court No. 6",0930,109,54,163,584,27.91%,6,153,159
"Judge, County Criminal Court No. 6",0931,30,40,70,130,53.85%,27,32,59
"Judge, County Criminal Court No. 6",0932,0,0,0,0,0.00%,0,0,0
"Judge, County Criminal Court No. 6",0933,115,85,200,627,31.90%,56,138,194
"Judge, County Criminal Court No. 6",0934,2,0,2,63,3.17%,1,1,2
"Judge, County Criminal Court No. 6",0935,3,2,5,54,9.26%,2,2,4
"Judge, County Criminal Court No. 6",0936,s,2,10,81,12.35%,3,6,9
"Judge, County Criminal Court No. 6",0937,0,0,0,0,0.00%,0,0,0
"Judge, County Criminal Court No. 6",0938,30,14,44,231,19.05%,13,30,43
"Judge, County Criminal Court No. 6",0939,0,0,0,2,0.00%,0,0,0
"Judge, County Criminal Court No. 6",0940,0,0,0,10,0.00%,0,0,0
"Judge, County Criminal Court No. 6",0941,9,10,19,25,76.00%,17,2,19
"Judge, County Criminal Court No. 6",0942,53,27,80,156,51.28%,63,13,76
"Judge, County Criminal Court No. 6",0943,164,80,244,547,44.61%,156,73,229
"Judge, County Criminal Court No. 6",0944,20,4,24,45,53.33%,18,2,20
"Judge, County Criminal Court No. 6",0945,1,2,3,17,17.65%,1,2,3
"Judge, County Criminal Court No. 6",0946,0,1,1,13,7.69%,0,1,1
"Judge, County Criminal Court No. 6",0947,177,246,423,799,52.94%,209,189,398
"Judge, County Criminal Court No. 6",0948,0,14,14,1,1400.00%,9,2,11
"Judge, County Criminal Court No. 6",0949,34,27,61,193,31.61%,30,31,61
"Judge, County Criminal Court No. 6",0950,0,0,0,1,0.00%,0,0,0
"Judge, County Criminal Court No. 6",0951,33,30,63,277,22.74%,17,45,62
"Judge, County Criminal Court No. 6",0952,16,15,31,71,43.66%,16,13,29
"Judge, County Criminal Court No. 6",0953,18,9,27,275,9.82%,4,22,26
"Judge, County Criminal Court No. 6",0954,0,0,0,1,0.00%,0,0,0
"Judge, County Criminal Court No. 6",0955,3,2,5,19,26.32%,4,1,5
"Judge, County Criminal Court No. 6",0956,2,4,6,11,54.55%,2,4,6
"Judge, County Criminal Court No. 6",0957,97,95,192,562,34.16%,19,171,190
"Judge, County Criminal Court No. 6",0958,81,129,210,1081,19.43%,52,151,203
"Judge, County Criminal Court No. 6",0959,0,0,0,0,0.00%,0,0,0
"Judge, County Criminal Court No. 6",0960,196,157,353,976,36.17%,69,272,341
"Judge, County Criminal Court No. 6",0961,15,0,16,56,28.57%,0,16,16
"Judge, County Criminal Court No. 6",0962,10,17,27,88,30.68%,3,24,27
"Judge, County Criminal Court No. 6",0963,54,41,105,426,24.65%,57,42,99
"Judge, County Criminal Court No. 6",0964,568,437,1005,2372,42.37%,618,354,972
"Judge, County Criminal Court No. 6",0965,31,21,52,343,15.16%,27,24,51
"Judge, County Criminal Court No. 6",0966,129,83,212,1148,18.47%,75,132,207
"Judge, County Criminal Court No. 6",0967,15,48,63,165,38.18%,19,43,62
"Judge, County Criminal Court No. 6",0968,119,30,149,692,21.53%,29,117,146
"Judge, County Criminal Court No. 6",0969,156,73,229,604,37.91%,1,226,227
"Judge, County Criminal Court No. 6",0970,83,36,119,731,16.28%,18,99,117
"Judge, County Criminal Court No. 6",0971,11,8,19,147,12.93%,1,16,17
"Judge, County Criminal Court No. 6",09726,8,14,31,45.16%,13,0,13
"Judge, County Criminal Court No. 6",0973,24,19,43,111,38.74%,20,20,40
"Judge, County Criminal Court No. 6",0974,57,36,93,299,31.10%,57,34,91
"Judge, County Criminal Court No. 6",0975,55,30,85,193,44.04%,40,38,78
"Judge, County Criminal Court No. 6",0976,58,62,130,683,19.03%,84,43,127
"Judge, County Criminal Court No. 6",0977,50,43,93,572,16.26%,38,54,92
"Judge, County Criminal Court No. 6",0978,77,79,156,546,28.57%,28,125,153
"Judge, County Criminal Court No. 6",0979,2,6,8,27,29.63%,4,3,7
"Judge, County Criminal Court No. 6",0980,280,321,601,1389,43.27%,450,123,573
"Judge, County Criminal Court No. 6",0981,0,0,0,0,0.00%,0,0,0
"Judge, County Criminal Court No. 6",0982,312,312,624,1567,39.82%,508,91,599
"Judge, County Criminal Court No. 6",0983,11,21,32,161,19.88%,21,11,32
"Judge, County Criminal Court No. 6",0984,18,9,27,192,14.06%,4,22,26
"Judge, County Criminal Court No. 6",0985,117,63,180,351,51.28%,89,81,170
"Judge, County Criminal Court No. 6",0986,43,30,73,463,15.77%,11,61,72
"Judge, County Criminal Court No. 6",0987,231,90,321,1155,27.79%,30,283,313
"Judge, County Criminal Court No. 6",0988,24,12,36,123,29.27%,34,2,36
"Judge, County Criminal Court No. 6",09896,6,12,43,27.91%,9,3,12
"Judge, County Criminal Court No. 6",0990,16,1,17,140,12.14%,8,8,16
"Judge, County Criminal Court No. 6",0991,0,0,0,1,0.00%,0,0,0
"Judge, County Criminal Court No. 6",0992,157,107,264,1048,25.19%,147,104,251
"Judge, County Criminal Court No. 6",0993,169,101,270,568,47.54%,220,41,261
"Judge, County Criminal Court No. 6",0994,5,5,11,25,44.00%,2,9,11
"Judge, County Criminal Court No. 6",0995,295,156,451,1393,32.38%,28,412,440
"Judge, County Criminal Court No. 6",0996,135,140,275,694,39.63%,154,101,255
"Judge, County Criminal Court No. 6",0997,101,163,264,1656,15.94%,59,201,260
"Judge, County Criminal Court No. 6",0998,5,1,6,57,10.53%,3,3,6
"Judge, County Criminal Court No. 6",0999,17,10,27,68,39.71%,23,3,26
"Judge, County Criminal Court No. 6",1000,42,6,48,405,11.85%,12,35,47
"Judge, County Criminal Court No. 6",1001,228,136,364,1565,23.26%,93,255,348
"Judge, County Criminal Court No. 6",1002,170,139,309,1744,17.72%,53,239,292
"Judge, County Criminal Court No. 6",1003,1,0,1,0,0.00%,1,0,1
"Judge, County Criminal Court No. 6",1004,111,139,250,654,38.23%,123,102,225
"Judge, County Criminal Court No. 6",1005,0,8,8,0,0.00%,4,2,6
"Judge, County Criminal Court No. 6",1006,1,0,1,5,20.00%,1,0,1
"Judge, County Criminal Court No. 6",1007,208,188,396,1547,25.60%,94,288,382
"Judge, County Criminal Court No. 6",1008,32,12,44,151,29.14%,32,9,41
"Judge, County Criminal Court No. 6",1009,0,0,0,9,0.00%,0,0,0
"Judge, County Criminal Court No. 6",1010,59,35,94,459,20.48%,17,75,92
"Judge, County Criminal Court No. 6",1011,8,1,9,26,34.62%,4,4,8
"Judge, County Criminal Court No. 6",1012,134,201,335,1365,24.54%,101,226,327
"Judge, County Criminal Court No. 6",1013,0,6,6,58,10.34%,3,3,6
"Judge, County Criminal Court No. 6",1014,4,6,10,31,32.26%,1,9,10
"Judge, County Criminal Court No. 6",1015,5,4,9,25,36.00%,2,6,8
"Judge, County Criminal Court No. 6",1016,252,212,464,1691,27.44%,227,221,448
"Judge, County Criminal Court No. 6",1017,61,44,105,330,31.82%,32,71,103
"Judge, County Criminal Court No. 6",1018,93,64,157,494,31.78%,71,81,152
"Judge, County Criminal Court No. 6",1019,130,107,237,1456,16.28%,10,223,233
"Judge, County Criminal Court No. 6",1020,0,0,0,1,0.00%,0,0,0
"Judge, County Criminal Court No. 6",1021,0,0,0,2,0.00%,0,0,0
"Judge, County Criminal Court No. 6",1022,97,79,176,441,39.91%,133,33,166
"Judge, County Criminal Court No. 6",1023,430,315,745,2026,36.77%,527,187,714
"Judge, County Criminal Court No. 6",1024,55,61,116,249,46.59%,61,45,106
"Judge, County Criminal Court No. 6",1025,0,1,1,14,7.14%,1,0,1
"Judge, County Criminal Court No. 6",1026,0,0,0,0,0.00%,0,0,0
"Judge, County Criminal Court No. 6",1027,1,0,1,8,12.50%,1,0,1
"Judge, County Criminal Court No. 6",1028,0,0,0,0,0.00%,0,0,0
"Judge, County Criminal Court No. 6",1029,537,719,1256,2927,42.91%,973,229,1202
"Judge, County Criminal Court No. 6",1030,231,151,382,785,48.66%,328,49,377
"Judge, County Criminal Court No. 6",1031,59,71,130,792,16.41%,34,89,123
"Judge, County Criminal Court No. 6",1032,31,25,56,244,22.95%,35,17,52
"Judge, County Criminal Court No. 6",1033,0,0,0,0,0.00%,0,0,0
"Judge, County Criminal Court No. 6",1034,0,0,0,0,0.00%,0,0,0
"Judge, County Criminal Court No. 6",1035,2,4,6,138,4.35%,1,4,5
"Judge, County Criminal Court No. 6",1036,65,24,89,449,19.82%,73,15,88
"Judge, County Criminal Court No. 6",1037,19,11,30,76,39.47%,16,10,26
"Judge, County Criminal Court No. 6",1038,62,6,68,327,20.80%,9,56,65
"Judge, County Criminal Court No. 6",1039,2,0,2,25,8.00%,0,2,2
"Judge, County Criminal Court No. 6",1040,91,66,157,771,20.36%,71,79,150
"Judge, County Criminal Court No. 6",1041,0,2,2,0,0.00%,1,1,2
"Judge, County Criminal Court No. 6",1042,105,67,172,521,33.01%,52,110,162
"Judge, County Criminal Court No. 6",1043,5,6,12,33,36.36%,4,8,12
"Judge, County Criminal Court No. 6",1044,16,6,22,55,40.00%,7,14,21
"Judge, County Criminal Court No. 6",1045,197,173,370,1788,20.69%,51,307,358
"Judge, County Criminal Court No. 6",1046,11,5,16,62,25.81%,1,15,16
"Judge, County Criminal Court No. 6",1047,255,186,441,1568,28.13%,160,268,428
"Judge, County Criminal Court No. 6",1048,1,0,1,17,5.88%,1,0,1
"Judge, County Criminal Court No. 6",1049,14,45,59,290,20.34%,21,36,57
"Judge, County Criminal Court No. 6",1050,60,63,123,537,22.91%,33,86,119
"Judge, County Criminal Court No. 6",1051,0,31,31,0,0.00%,18,11,29
"Judge, County Criminal Court No. 6",1052,0,0,0,0,0.00%,0,0,0
"Judge, County Criminal Court No. 6",1053,0,0,0,0,0.00%,0,0,0
"Judge, County Criminal Court No. 6",1054,0,0,0,1,0.00%,0,0,0
"Judge, County Criminal Court No. 6",1055,0,0,0,0,0.00%,0,0,0
"Judge, County Criminal Court No. 6",1056,4,2,6,8,75.00%,0,6,6
"Judge, County Criminal Court No. 6",1057,7,9,16,118,13.56%,3,12,15
"Judge, County Criminal Court No. 6",1058,241,285,526,1243,42.32%,104,409,513
"Judge, County Criminal Court No. 6",1059,3,3,6,28,21.43%,1,5,6
"Judge, County Criminal Court No. 6",1060,5,2,7,42,16.67%,5,2,7
"Judge, County Criminal Court No. 6",1061,332,184,516,1716,30.07%,272,222,494
"Judge, County Criminal Court No. 6",1062,17,6,23,201,11.44%,3,17,20
"Judge, County Criminal Court No. 6",1063,66,59,125,857,14.59%,17,104,121
"Judge, County Criminal Court No. 6",1064,25,11,36,119,30.25%,28,8,36
"Judge, County Criminal Court No. 6",1065,1,0,1,28,3.57%,0,1,1
"Judge, County Criminal Court No. 6",1066,72,0,72,229,31.44%,3,65,68
"Judge, County Criminal Court No. 6",1067,0,0,0,0,0.00%,0,0,0
"Judge, County Criminal Court No. 6",1068,22,8,30,121,24.79%,12,17,29
"Judge, County Criminal Court No. 6",1069,434,256,690,2580,26.74%,306,343,649
"Judge, County Criminal Court No. 6",Totals:,378846,308736,687582,2044361,,350736,304728,655464
