Office,Precinct,Early Ballots Cast,Election Ballots Cast,Total Ballots Cast,Registered Voters,Percent Turnout,REP Theresa Chang,"DEM Scot ""Dolli"" Dollinger",Totals
"Judge, County Court at Law No. 2",0001,417,466,883,2358,37.45%,320,503,823
"Judge, County Court at Law No. 2",0002,333,313,646,1961,32.94%,273,325,598
"Judge, County Court at Law No. 2",0003,326,405,731,1560,46.86%,273,383,656
"Judge, County Court at Law No. 2",0004,369,487,856,1668,51.32%,322,460,782
"Judge, County Court at Law No. 2",0005,279,448,727,1417,51.31%,271,394,665
"Judge, County Court at Law No. 2",0006,656,456,1112,3702,30.04%,649,422,1071
"Judge, County Court at Law No. 2",0007,209,110,319,1017,31.37%,15,292,307
"Judge, County Court at Law No. 2",0008,393,310,703,1744,40.31%,375,301,676
"Judge, County Court at Law No. 2",0009,206,223,429,1874,22.89%,133,265,398
"Judge, County Court at Law No. 2",0010,255,171,426,1753,24.30%,135,261,396
"Judge, County Court at Law No. 2",0011,184,176,360,1785,20.17%,73,262,335
"Judge, County Court at Law No. 2",0012,86,66,152,735,20.68%,89,59,148
"Judge, County Court at Law No. 2",0013,548,361,909,2689,33.80%,658,204,862
"Judge, County Court at Law No. 2",0014,442,495,937,1870,50.11%,522,353,875
"Judge, County Court at Law No. 2",0015,597,898,1495,2878,51.95%,907,461,1368
"Judge, County Court at Law No. 2",0016,239,137,376,1071,35.11%,180,176,356
"Judge, County Court at Law No. 2",0017,185,215,400,1162,34.42%,181,192,373
"Judge, County Court at Law No. 2",0018,371,351,722,1443,50.03%,350,319,669
"Judge, County Court at Law No. 2",0019,170,207,377,1170,32.22%,127,225,352
"Judge, County Court at Law No. 2",0020,311,287,598,2646,22.60%,194,377,571
"Judge, County Court at Law No. 2",0021,176,184,360,1122,32.09%,77,265,342
"Judge, County Court at Law No. 2",0022,397,322,719,2473,29.07%,142,550,692
"Judge, County Court at Law No. 2",0023,31,22,53,541,9.80%,11,40,51
"Judge, County Court at Law No. 2",0024,106,88,194,655,29.62%,18,169,187
"Judge, County Court at Law No. 2",0025,104,143,247,1086,22.74%,14,227,241
"Judge, County Court at Law No. 2",0026,239,277,516,1845,27.97%,150,321,471
"Judge, County Court at Law No. 2",0027,463,427,890,3074,28.95%,244,592,836
"Judge, County Court at Law No. 2",0028,636,405,1041,3029,34.37%,680,311,991
"Judge, County Court at Law No. 2",0029,194,237,431,2638,16.34%,169,239,408
"Judge, County Court at Law No. 2",0030,368,391,759,2403,31.59%,209,515,724
"Judge, County Court at Law No. 2",0031,453,280,733,2511,29.19%,24,684,708
"Judge, County Court at Law No. 2",0032,318,405,723,2398,30.15%,302,372,674
"Judge, County Court at Law No. 2",0033,707,615,1322,3706,35.67%,455,784,1239
"Judge, County Court at Law No. 2",0034,625,579,1204,2786,43.22%,305,835,1140
"Judge, County Court at Law No. 2",0035,4,0,4,11,36.36%,1,3,4
"Judge, County Court at Law No. 2",0036,416,318,734,2927,25.08%,214,479,693
"Judge, County Court at Law No. 2",0037,542,436,978,2106,46.44%,300,608,908
"Judge, County Court at Law No. 2",0038,784,589,1373,2875,47.76%,499,782,1281
"Judge, County Court at Law No. 2",0039,657,575,1232,2759,44.65%,327,818,1145
"Judge, County Court at Law No. 2",0040,136,152,288,541,53.23%,154,113,267
"Judge, County Court at Law No. 2",0041,176,230,406,1334,30.43%,169,223,392
"Judge, County Court at Law No. 2",0042,228,109,337,1071,31.47%,5,321,326
"Judge, County Court at Law No. 2",0043,293,210,503,1695,29.68%,283,198,481
"Judge, County Court at Law No. 2",0044,204,222,426,2001,21.29%,105,291,396
"Judge, County Court at Law No. 2",0045,894,750,1644,6698,24.54%,324,1269,1593
"Judge, County Court at Law No. 2",0046,290,247,537,2511,21.39%,108,396,504
"Judge, County Court at Law No. 2",0047,213,218,431,1627,26.49%,20,398,418
"Judge, County Court at Law No. 2",0048,157,142,299,940,31.81%,25,266,291
"Judge, County Court at Law No. 2",0049,584,482,1066,3343,31.89%,774,260,1034
"Judge, County Court at Law No. 2",0050,785,771,1556,5211,29.86%,872,634,1506
"Judge, County Court at Law No. 2",0051,353,243,596,1689,35.29%,442,132,574
"Judge, County Court at Law No. 2",0052,422,447,869,2457,35.37%,425,394,819
"Judge, County Court at Law No. 2",0053,564,726,1290,2971,43.42%,562,630,1192
"Judge, County Court at Law No. 2",0054,269,364,633,1487,42.57%,333,255,588
"Judge, County Court at Law No. 2",0055,191,251,442,1506,29.35%,201,211,412
"Judge, County Court at Law No. 2",0056,282,278,560,1326,42.23%,384,145,529
"Judge, County Court at Law No. 2",0057,710,831,1541,3153,48.87%,628,779,1407
"Judge, County Court at Law No. 2",0058,469,556,1025,2690,38.10%,452,522,974
"Judge, County Court at Law No. 2",0059,555,609,1164,2544,45.75%,482,601,1083
"Judge, County Court at Law No. 2",0060,498,564,1062,2453,43.29%,269,719,988
"Judge, County Court at Law No. 2",0061,172,204,376,1773,21.21%,158,190,348
"Judge, County Court at Law No. 2",0062,145,322,467,2181,21.41%,130,311,441
"Judge, County Court at Law No. 2",0063,264,354,618,1826,33.84%,498,101,599
"Judge, County Court at Law No. 2",0064,191,221,412,2141,19.24%,97,292,389
"Judge, County Court at Law No. 2",0065,172,230,402,2167,18.55%,101,278,379
"Judge, County Court at Law No. 2",0066,69,143,212,1098,19.31%,38,161,199
"Judge, County Court at Law No. 2",0067,304,282,586,2794,20.97%,169,370,539
"Judge, County Court at Law No. 2",0068,553,352,905,2924,30.95%,28,854,882
"Judge, County Court at Law No. 2",0069,80,124,204,1284,15.89%,43,147,190
"Judge, County Court at Law No. 2",0070,882,664,1546,3337,46.33%,947,484,1431
"Judge, County Court at Law No. 2",0071,602,722,1324,4197,31.55%,666,589,1255
"Judge, County Court at Law No. 2",0072,220,293,513,1924,26.66%,167,316,483
"Judge, County Court at Law No. 2",0073,252,414,666,1555,42.83%,391,220,611
"Judge, County Court at Law No. 2",0074,1153,782,1935,3583,54.01%,1530,327,1857
"Judge, County Court at Law No. 2",0075,254,280,534,1444,36.98%,211,292,503
"Judge, County Court at Law No. 2",0076,373,374,747,2362,31.63%,447,268,715
"Judge, County Court at Law No. 2",0077,43,46,89,566,15.72%,22,63,85
"Judge, County Court at Law No. 2",0078,180,201,381,1522,25.03%,143,219,362
"Judge, County Court at Law No. 2",0079,205,306,511,2927,17.46%,141,330,471
"Judge, County Court at Law No. 2",0080,501,351,852,2725,31.27%,224,586,810
"Judge, County Court at Law No. 2",0081,183,187,370,1835,20.16%,143,203,346
"Judge, County Court at Law No. 2",0082,639,671,1310,3368,38.90%,997,272,1269
"Judge, County Court at Law No. 2",0083,1296,888,2184,6625,32.97%,1091,1012,2103
"Judge, County Court at Law No. 2",0084,208,218,426,1373,31.03%,305,102,407
"Judge, County Court at Law No. 2",0085,271,248,519,2173,23.88%,21,489,510
"Judge, County Court at Law No. 2",0086,447,568,1015,2910,34.88%,475,488,963
"Judge, County Court at Law No. 2",0087,574,787,1461,2818,51.85%,956,394,1350
"Judge, County Court at Law No. 2",0088,123,118,241,693,34.78%,158,71,229
"Judge, County Court at Law No. 2",0089,165,371,536,1094,48.99%,307,190,497
"Judge, County Court at Law No. 2",0090,844,790,1634,3700,44.16%,1210,347,1557
"Judge, County Court at Law No. 2",0091,219,222,441,1505,29.30%,270,153,423
"Judge, County Court at Law No. 2",0092,695,462,1157,2242,51.61%,787,288,1075
"Judge, County Court at Law No. 2",0093,381,301,682,3356,20.32%,283,356,639
"Judge, County Court at Law No. 2",0094,51,43,94,549,17.12%,28,63,91
"Judge, County Court at Law No. 2",0095,917,576,1493,3177,46.99%,1119,311,1430
"Judge, County Court at Law No. 2",0096,83,83,166,1296,12.81%,25,138,163
"Judge, County Court at Law No. 2",0097,1024,725,1749,4828,36.23%,1307,387,1694
"Judge, County Court at Law No. 2",0098,403,488,891,2651,33.61%,738,124,862
"Judge, County Court at Law No. 2",0099,254,184,438,2092,20.94%,214,208,422
"Judge, County Court at Law No. 2",0100,155,173,338,1730,19.54%,181,149,330
"Judge, County Court at Law No. 2",0101,72,58,130,946,13.74%,51,76,127
"Judge, County Court at Law No. 2",0102,207,121,328,1872,17.52%,92,223,315
"Judge, County Court at Law No. 2",0103,700,714,1414,5371,26.33%,808,564,1372
"Judge, County Court at Law No. 2",0104,530,231,761,1905,39.95%,21,724,745
"Judge, County Court at Law No. 2",0105,195,210,406,2165,18.75%,145,228,373
"Judge, County Court at Law No. 2",0106,15,7,25,294,8.50%,15,9,24
"Judge, County Court at Law No. 2",0107,154,197,351,2032,17.27%,59,272,331
"Judge, County Court at Law No. 2",0108,558,272,940,3365,27.93%,574,334,908
"Judge, County Court at Law No. 2",0109,529,245,774,2824,27.41%,12,741,753
"Judge, County Court at Law No. 2",0110,554,494,1148,3042,37.74%,766,348,1114
"Judge, County Court at Law No. 2",0111,815,795,1611,4102,39.27%,1193,346,1539
"Judge, County Court at Law No. 2",0112,542,485,1027,2976,34.51%,766,218,984
"Judge, County Court at Law No. 2",0113,552,429,991,2647,37.44%,618,328,946
"Judge, County Court at Law No. 2",0114,707,547,1254,3311,37.87%,1016,207,1223
"Judge, County Court at Law No. 2",0115,238,150,388,1800,21.56%,54,321,375
"Judge, County Court at Law No. 2",0116,982,776,1758,3147,55.86%,1371,290,1661
"Judge, County Court at Law No. 2",0117,215,226,441,1880,23.46%,226,197,423
"Judge, County Court at Law No. 2",0118,304,123,427,759,56.26%,365,50,415
"Judge, County Court at Law No. 2",0119,1288,1024,2312,5500,42.04%,1872,336,2208
"Judge, County Court at Law No. 2",0120,712,422,1134,3191,35.54%,755,333,1088
"Judge, County Court at Law No. 2",0121,92,178,270,848,31.84%,187,70,257
"Judge, County Court at Law No. 2",0122,352,225,577,1890,30.53%,24,529,553
"Judge, County Court at Law No. 2",0123,284,288,572,1392,41.09%,157,379,536
"Judge, County Court at Law No. 2",0124,1734,1292,3026,7254,41.71%,2415,526,2941
"Judge, County Court at Law No. 2",0125,415,332,747,2405,31.06%,459,261,720
"Judge, County Court at Law No. 2",0126,893,467,1360,3100,43.87%,1195,127,1322
"Judge, County Court at Law No. 2",0127,435,154,589,1836,32.08%,421,133,554
"Judge, County Court at Law No. 2",0128,445,707,1152,2290,50.31%,750,306,1056
"Judge, County Court at Law No. 2",0129,1030,1200,2230,5746,38.81%,1420,688,2108
"Judge, County Court at Law No. 2",0130,727,523,1250,2333,53.58%,945,241,1186
"Judge, County Court at Law No. 2",0131,251,259,510,1935,26.36%,128,358,485
"Judge, County Court at Law No. 2",0132,593,323,916,2387,38.37%,24,870,894
"Judge, County Court at Law No. 2",0133,513,858,1371,2662,51.50%,806,453,1259
"Judge, County Court at Law No. 2",0134,192,265,457,1437,31.80%,210,222,432
"Judge, County Court at Law No. 2",0135,727,579,1306,2671,48.90%,931,292,1223
"Judge, County Court at Law No. 2",0136,503,371,874,2013,43.42%,46,800,846
"Judge, County Court at Law No. 2",0137,166,141,307,716,42.88%,160,121,281
"Judge, County Court at Law No. 2",0138,296,199,495,1699,29.13%,19,463,482
"Judge, County Court at Law No. 2",0139,699,551,1250,3037,41.16%,566,605,1171
"Judge, County Court at Law No. 2",0140,699,480,1179,3214,36.68%,151,979,1130
"Judge, County Court at Law No. 2",0141,80,80,160,855,18.71%,100,52,152
"Judge, County Court at Law No. 2",0142,87,103,190,902,21.06%,65,117,182
"Judge, County Court at Law No. 2",0143,1962,580,2542,6386,39.81%,1847,628,2475
"Judge, County Court at Law No. 2",0144,216,158,374,1093,34.22%,10,353,363
"Judge, County Court at Law No. 2",0145,264,213,477,1538,31.01%,10,452,462
"Judge, County Court at Law No. 2",0146,426,519,945,2008,47.06%,432,455,887
"Judge, County Court at Law No. 2",0147,689,329,1018,3008,33.84%,137,856,993
"Judge, County Court at Law No. 2",0148,500,780,1280,2540,50.39%,529,641,1170
"Judge, County Court at Law No. 2",0149,1621,737,2358,7993,29.50%,1267,1029,2296
"Judge, County Court at Law No. 2",0150,236,169,405,1256,32.25%,14,386,400
"Judge, County Court at Law No. 2",0151,137,79,216,826,26.15%,9,197,206
"Judge, County Court at Law No. 2",0152,213,299,512,2788,18.36%,147,342,489
"Judge, County Court at Law No. 2",0153,125,206,331,1808,18.31%,109,208,317
"Judge, County Court at Law No. 2",0154,249,183,432,2190,19.73%,127,284,411
"Judge, County Court at Law No. 2",0155,1022,619,1641,4109,39.94%,1171,413,1584
"Judge, County Court at Law No. 2",0156,799,326,1125,3071,36.63%,52,1042,1094
"Judge, County Court at Law No. 2",0157,448,214,662,2236,29.61%,26,618,644
"Judge, County Court at Law No. 2",0158,600,315,915,3035,30.15%,23,866,889
"Judge, County Court at Law No. 2",0159,116,127,243,998,24.35%,46,190,236
"Judge, County Court at Law No. 2",0160,122,73,195,696,28.02%,5,185,190
"Judge, County Court at Law No. 2",0161,163,141,304,991,30.68%,6,290,296
"Judge, County Court at Law No. 2",0162,101,83,184,1265,14.55%,73,98,171
"Judge, County Court at Law No. 2",0163,230,320,550,3037,18.11%,238,284,522
"Judge, County Court at Law No. 2",0164,182,205,387,1420,27.25%,12,368,380
"Judge, County Court at Law No. 2",0165,535,483,1018,2334,43.62%,690,283,973
"Judge, County Court at Law No. 2",0166,158,233,391,1028,38.04%,121,250,371
"Judge, County Court at Law No. 2",0167,3,0,3,24,12.50%,0,3,3
"Judge, County Court at Law No. 2",0168,92,58,150,503,29.82%,3,143,146
"Judge, County Court at Law No. 2",0169,518,251,767,2513,30.52%,17,730,747
"Judge, County Court at Law No. 2",0170,271,141,412,1869,22.04%,220,170,390
"Judge, County Court at Law No. 2",0171,202,198,400,1604,24.94%,10,379,389
"Judge, County Court at Law No. 2",0172,88,80,166,621,26.73%,65,87,152
"Judge, County Court at Law No. 2",0173,817,739,1556,3599,43.23%,1254,253,1507
"Judge, County Court at Law No. 2",0174,829,733,1562,3296,47.39%,1110,367,1477
"Judge, County Court at Law No. 2",0175,557,749,1306,2618,49.89%,692,508,1200
"Judge, County Court at Law No. 2",0176,344,451,795,1602,49.63%,437,292,729
"Judge, County Court at Law No. 2",0177,278,326,604,1496,40.37%,356,212,568
"Judge, County Court at Law No. 2",0178,504,365,869,1765,49.24%,610,196,806
"Judge, County Court at Law No. 2",0179,256,188,444,1575,28.19%,244,174,418
"Judge, County Court at Law No. 2",0180,470,343,813,2834,28.69%,28,749,777
"Judge, County Court at Law No. 2",0181,175,262,437,2061,21.20%,138,275,413
"Judge, County Court at Law No. 2",0182,590,974,1564,3405,45.93%,978,455,1433
"Judge, County Court at Law No. 2",0183,519,794,1313,2491,52.71%,914,309,1223
"Judge, County Court at Law No. 2",0184,106,135,241,994,24.25%,83,135,218
"Judge, County Court at Law No. 2",0185,283,292,575,1933,29.75%,214,333,547
"Judge, County Court at Law No. 2",0186,97,106,203,798,25.44%,37,158,195
"Judge, County Court at Law No. 2",0187,21,25,46,311,14.79%,14,29,43
"Judge, County Court at Law No. 2",0188,153,146,299,1637,18.27%,140,146,286
"Judge, County Court at Law No. 2",0189,239,360,599,1465,40.89%,316,235,551
"Judge, County Court at Law No. 2",0190,120,177,297,1723,17.24%,128,156,284
"Judge, County Court at Law No. 2",0191,79,126,205,1366,15.01%,90,106,196
"Judge, County Court at Law No. 2",0192,380,225,605,1959,30.88%,29,556,585
"Judge, County Court at Law No. 2",0193,173,187,360,1074,33.52%,12,333,345
"Judge, County Court at Law No. 2",0194,350,431,781,1912,40.85%,263,475,738
"Judge, County Court at Law No. 2",0195,269,278,547,1694,32.29%,23,507,530
"Judge, County Court at Law No. 2",0196,52,32,84,316,26.58%,5,76,81
"Judge, County Court at Law No. 2",0197,543,309,852,2914,29.24%,17,818,835
"Judge, County Court at Law No. 2",0198,53,74,127,642,19.78%,5,120,125
"Judge, County Court at Law No. 2",0199,812,661,1473,3216,45.80%,1154,250,1404
"Judge, County Court at Law No. 2",0200,962,536,1498,3382,44.29%,710,682,1392
"Judge, County Court at Law No. 2",0201,98,87,185,724,25.55%,4,176,180
"Judge, County Court at Law No. 2",0202,217,189,406,1464,27.73%,15,381,396
"Judge, County Court at Law No. 2",0203,107,68,175,960,18.23%,47,118,165
"Judge, County Court at Law No. 2",0204,816,784,1600,3487,45.88%,915,567,1482
"Judge, County Court at Law No. 2",0205,464,171,635,1664,38.16%,10,614,624
"Judge, County Court at Law No. 2",0206,362,462,824,2779,29.65%,258,515,773
"Judge, County Court at Law No. 2",0207,265,261,526,1188,44.28%,185,309,494
"Judge, County Court at Law No. 2",0208,322,262,584,2195,26.61%,178,378,556
"Judge, County Court at Law No. 2",0209,0,2,2,0,0.00%,2,0,2
"Judge, County Court at Law No. 2",0210,502,467,969,2533,38.26%,111,825,936
"Judge, County Court at Law No. 2",0211,307,386,693,2914,23.78%,279,372,651
"Judge, County Court at Law No. 2",0212,96,155,251,1300,19.31%,55,187,242
"Judge, County Court at Law No. 2",0213,826,913,1739,3350,51.91%,1398,223,1621
"Judge, County Court at Law No. 2",0214,404,491,895,1854,48.27%,587,251,838
"Judge, County Court at Law No. 2",0215,421,711,1132,2258,50.13%,714,335,1049
"Judge, County Court at Law No. 2",0216,362,223,585,1945,30.08%,40,532,572
"Judge, County Court at Law No. 2",0217,844,631,1475,2678,55.08%,996,364,1360
"Judge, County Court at Law No. 2",0218,391,402,793,2292,34.60%,276,460,736
"Judge, County Court at Law No. 2",0219,496,436,932,2767,33.68%,56,835,891
"Judge, County Court at Law No. 2",0220,325,187,512,2310,22.16%,369,127,496
"Judge, County Court at Law No. 2",0221,332,369,701,2529,27.72%,316,343,659
"Judge, County Court at Law No. 2",0222,623,674,1297,2501,51.86%,643,541,1184
"Judge, County Court at Law No. 2",0223,563,377,940,3582,26.24%,284,596,880
"Judge, County Court at Law No. 2",0224,530,456,986,2238,44.06%,490,427,917
"Judge, County Court at Law No. 2",0225,376,405,781,3305,23.63%,394,353,747
"Judge, County Court at Law No. 2",0226,227,307,534,2436,21.92%,143,363,506
"Judge, County Court at Law No. 2",0227,558,423,981,1785,54.96%,748,148,896
"Judge, County Court at Law No. 2",0228,362,195,557,1050,53.05%,38,497,535
"Judge, County Court at Law No. 2",0229,31,96,127,815,15.58%,60,58,118
"Judge, County Court at Law No. 2",0230,185,116,301,1089,27.64%,9,283,292
"Judge, County Court at Law No. 2",0231,233,264,497,2232,22.27%,134,335,469
"Judge, County Court at Law No. 2",0232,361,474,835,1760,47.44%,487,291,778
"Judge, County Court at Law No. 2",0233,890,801,1691,4445,38.04%,839,704,1543
"Judge, County Court at Law No. 2",0234,1192,913,2105,3993,52.72%,1642,321,1963
"Judge, County Court at Law No. 2",0235,240,158,398,1356,29.35%,14,375,389
"Judge, County Court at Law No. 2",0236,354,235,589,2079,28.33%,19,555,574
"Judge, County Court at Law No. 2",0237,416,253,669,2161,30.96%,16,635,651
"Judge, County Court at Law No. 2",0238,339,245,584,1925,30.34%,16,551,567
"Judge, County Court at Law No. 2",0239,383,236,619,1964,31.52%,24,582,606
"Judge, County Court at Law No. 2",0240,585,243,828,2649,31.26%,28,782,810
"Judge, County Court at Law No. 2",0241,222,229,451,2372,19.01%,193,238,431
"Judge, County Court at Law No. 2",0242,173,162,335,1596,20.99%,196,122,318
"Judge, County Court at Law No. 2",0243,138,43,181,457,39.61%,5,175,180
"Judge, County Court at Law No. 2",0244,480,425,905,3117,29.03%,512,350,862
"Judge, County Court at Law No. 2",0245,946,799,1745,5828,29.94%,1237,466,1703
"Judge, County Court at Law No. 2",0246,584,513,1197,3315,36.11%,860,298,1158
"Judge, County Court at Law No. 2",0247,173,254,427,1582,26.99%,15,404,419
"Judge, County Court at Law No. 2",0248,161,167,328,2100,15.62%,91,224,315
"Judge, County Court at Law No. 2",0249,461,348,809,2719,29.75%,562,218,780
"Judge, County Court at Law No. 2",0250,109,164,273,964,28.32%,7,261,268
"Judge, County Court at Law No. 2",0251,278,436,714,2089,34.18%,26,675,701
"Judge, County Court at Law No. 2",0252,504,312,816,2377,34.33%,17,783,800
"Judge, County Court at Law No. 2",0253,379,222,601,2177,27.61%,13,575,588
"Judge, County Court at Law No. 2",0254,93,112,205,1550,13.23%,71,126,197
"Judge, County Court at Law No. 2",0255,525,648,1173,2482,47.26%,573,517,1090
"Judge, County Court at Law No. 2",0256,575,449,1024,3254,31.47%,503,466,969
"Judge, County Court at Law No. 2",0257,204,245,449,2523,17.80%,141,283,424
"Judge, County Court at Law No. 2",0258,839,800,1539,3322,49.34%,1238,298,1536
"Judge, County Court at Law No. 2",0259,555,382,1038,2361,43.96%,31,976,1007
"Judge, County Court at Law No. 2",0260,162,145,307,1260,24.37%,188,101,289
"Judge, County Court at Law No. 2",0261,124,120,244,1417,17.22%,103,131,234
"Judge, County Court at Law No. 2",0262,758,600,1358,4397,30.88%,862,419,1281
"Judge, County Court at Law No. 2",0263,858,712,1570,3693,42.51%,1223,292,1515
"Judge, County Court at Law No. 2",0264,480,457,937,2963,31.62%,599,286,885
"Judge, County Court at Law No. 2",0265,988,759,1747,3584,48.74%,1340,287,1627
"Judge, County Court at Law No. 2",0266,259,257,516,2104,24.52%,265,222,487
"Judge, County Court at Law No. 2",0267,146,166,312,1327,23.51%,167,125,292
"Judge, County Court at Law No. 2",0268,435,717,1152,2493,46.21%,688,349,1037
"Judge, County Court at Law No. 2",0269,702,453,1155,2030,56.90%,933,155,1088
"Judge, County Court at Law No. 2",0270,817,672,1489,3605,41.30%,850,560,1410
"Judge, County Court at Law No. 2",0271,656,382,1038,2518,41.22%,28,994,1022
"Judge, County Court at Law No. 2",0272,264,292,555,2162,25.72%,232,298,530
"Judge, County Court at Law No. 2",0273,548,689,1237,2470,50.08%,1034,157,1191
"Judge, County Court at Law No. 2",0274,588,346,934,2153,43.38%,659,215,874
"Judge, County Court at Law No. 2",0275,207,236,443,1850,23.95%,107,321,428
"Judge, County Court at Law No. 2",0276,572,231,803,2536,31.66%,14,770,784
"Judge, County Court at Law No. 2",0277,170,186,356,1492,23.86%,171,169,340
"Judge, County Court at Law No. 2",0278,421,320,741,2454,30.20%,420,289,709
"Judge, County Court at Law No. 2",0279,250,223,473,1941,24.37%,284,169,453
"Judge, County Court at Law No. 2",0280,130,188,318,1524,20.87%,139,159,298
"Judge, County Court at Law No. 2",0281,655,742,1397,2633,53.06%,735,533,1268
"Judge, County Court at Law No. 2",0282,314,455,769,2042,37.66%,505,223,728
"Judge, County Court at Law No. 2",0283,0,0,0,0,0.00%,0,0,0
"Judge, County Court at Law No. 2",0284,574,335,910,3172,28.69%,432,433,865
"Judge, County Court at Law No. 2",0285,448,378,826,2540,32.52%,78,723,801
"Judge, County Court at Law No. 2",0286,1255,821,2076,6170,33.65%,209,1794,2003
"Judge, County Court at Law No. 2",0287,370,477,847,1621,52.25%,433,356,789
"Judge, County Court at Law No. 2",0288,532,313,845,2210,38.24%,18,810,828
"Judge, County Court at Law No. 2",0289,186,212,398,1564,25.45%,205,172,377
"Judge, County Court at Law No. 2",0290,245,298,543,1642,33.07%,401,120,521
"Judge, County Court at Law No. 2",0291,325,235,560,1225,45.71%,292,235,527
"Judge, County Court at Law No. 2",0292,207,147,354,1356,26.11%,46,300,346
"Judge, County Court at Law No. 2",0293,356,447,803,1759,45.65%,391,359,750
"Judge, County Court at Law No. 2",0294,488,221,709,2097,33.81%,13,683,696
"Judge, County Court at Law No. 2",0295,148,103,251,885,28.36%,8,239,247
"Judge, County Court at Law No. 2",0296,327,340,667,1713,38.94%,398,220,618
"Judge, County Court at Law No. 2",0297,280,249,529,2012,26.29%,251,246,497
"Judge, County Court at Law No. 2",0298,415,358,773,2121,36.45%,467,259,726
"Judge, County Court at Law No. 2",0299,178,117,295,1353,21.80%,121,154,275
"Judge, County Court at Law No. 2",0300,1389,1016,2405,5406,44.49%,1935,373,2308
"Judge, County Court at Law No. 2",0301,210,255,465,2352,19.77%,186,256,442
"Judge, County Court at Law No. 2",0302,353,343,696,2720,25.59%,401,269,670
"Judge, County Court at Law No. 2",0303,922,784,1706,3245,52.57%,1395,222,1617
"Judge, County Court at Law No. 2",0304,606,505,1111,2298,48.35%,671,366,1037
"Judge, County Court at Law No. 2",0305,524,432,956,4191,22.81%,409,517,926
"Judge, County Court at Law No. 2",0306,649,342,991,1879,52.74%,740,195,935
"Judge, County Court at Law No. 2",0307,733,670,1403,3099,45.27%,983,334,1317
"Judge, County Court at Law No. 2",0308,199,130,329,1296,25.39%,113,200,313
"Judge, County Court at Law No. 2",0309,708,593,1301,2524,51.55%,1068,167,1235
"Judge, County Court at Law No. 2",0310,386,279,665,1435,46.34%,462,159,621
"Judge, County Court at Law No. 2",0311,486,421,907,2986,30.38%,537,323,860
"Judge, County Court at Law No. 2",0312,742,457,1199,3636,32.98%,808,337,1145
"Judge, County Court at Law No. 2",0313,9,0,9,62,14.52%,7,1,8
"Judge, County Court at Law No. 2",0314,1121,913,2034,5647,36.02%,1294,670,1964
"Judge, County Court at Law No. 2",0315,478,388,866,1608,53.86%,529,282,811
"Judge, County Court at Law No. 2",0316,412,341,753,1537,48.99%,440,256,696
"Judge, County Court at Law No. 2",0317,248,209,457,1588,28.78%,153,283,436
"Judge, County Court at Law No. 2",0318,834,568,1402,3660,38.31%,79,1275,1354
"Judge, County Court at Law No. 2",0319,512,230,742,2158,34.38%,47,669,716
"Judge, County Court at Law No. 2",0320,234,168,402,1537,26.15%,201,180,381
"Judge, County Court at Law No. 2",0321,262,191,453,2346,19.31%,168,258,426
"Judge, County Court at Law No. 2",0322,181,129,310,1226,25.29%,104,194,298
"Judge, County Court at Law No. 2",0323,278,211,489,1722,28.40%,237,221,458
"Judge, County Court at Law No. 2",0324,532,646,1178,2336,50.43%,748,339,1087
"Judge, County Court at Law No. 2",0325,289,193,482,2112,22.82%,113,348,461
"Judge, County Court at Law No. 2",0326,87,74,161,698,23.07%,78,75,153
"Judge, County Court at Law No. 2",0327,380,129,509,1729,29.44%,13,479,492
"Judge, County Court at Law No. 2",0328,151,140,291,1434,20.29%,131,146,277
"Judge, County Court at Law No. 2",0329,189,184,373,1397,26.70%,152,202,354
"Judge, County Court at Law No. 2",0330,334,253,587,1936,30.32%,345,215,560
"Judge, County Court at Law No. 2",0331,0,0,0,0,0.00%,0,0,0
"Judge, County Court at Law No. 2",0332,18,7,25,138,18.12%,15,8,23
"Judge, County Court at Law No. 2",0333,524,714,1238,3021,40.98%,870,303,1173
"Judge, County Court at Law No. 2",0334,83,42,125,742,16.85%,23,99,122
"Judge, County Court at Law No. 2",0335,121,98,219,1300,16.85%,88,118,206
"Judge, County Court at Law No. 2",0336,866,624,1490,4051,36.78%,144,1306,1450
"Judge, County Court at Law No. 2",0337,124,103,227,1029,22.06%,44,169,213
"Judge, County Court at Law No. 2",0338,730,391,1121,4934,22.72%,406,645,1051
"Judge, County Court at Law No. 2",0339,202,222,424,1757,24.13%,101,293,394
"Judge, County Court at Law No. 2",0340,1038,594,1632,3765,43.35%,1235,316,1551
"Judge, County Court at Law No. 2",0341,91,167,258,1290,20.00%,92,158,250
"Judge, County Court at Law No. 2",0342,675,605,1280,6526,19.61%,221,1025,1246
"Judge, County Court at Law No. 2",0343,189,271,460,1964,23.42%,148,284,432
"Judge, County Court at Law No. 2",0344,154,172,326,1160,28.10%,16,294,310
"Judge, County Court at Law No. 2",0345,156,165,321,1804,17.79%,103,200,303
"Judge, County Court at Law No. 2",0346,0,1,1,3,33.33%,1,0,1
"Judge, County Court at Law No. 2",0347,592,436,1028,3387,30.35%,706,283,989
"Judge, County Court at Law No. 2",0348,438,208,646,1708,37.82%,498,118,616
"Judge, County Court at Law No. 2",0349,188,267,455,1349,33.73%,280,150,430
"Judge, County Court at Law No. 2",0350,524,526,1050,2909,36.09%,448,515,963
"Judge, County Court at Law No. 2",0351,1491,710,2201,4712,46.71%,1762,357,2119
"Judge, County Court at Law No. 2",0352,520,339,859,3205,26.80%,625,200,825
"Judge, County Court at Law No. 2",0353,665,451,1116,3862,28.90%,217,866,1083
"Judge, County Court at Law No. 2",0354,715,338,1053,3388,31.08%,278,743,1021
"Judge, County Court at Law No. 2",0355,301,264,565,1560,36.22%,50,498,548
"Judge, County Court at Law No. 2",0356,594,538,1132,2972,38.09%,757,324,1081
"Judge, County Court at Law No. 2",0357,837,575,1412,3517,40.15%,1042,316,1358
"Judge, County Court at Law No. 2",0358,212,254,466,2492,18.70%,62,389,451
"Judge, County Court at Law No. 2",0359,234,224,458,3061,14.96%,67,380,447
"Judge, County Court at Law No. 2",0360,522,380,902,2146,42.03%,492,332,824
"Judge, County Court at Law No. 2",0361,41,295,336,1673,20.08%,54,240,294
"Judge, County Court at Law No. 2",0362,1138,887,2025,5086,39.82%,1507,418,1925
"Judge, County Court at Law No. 2",0363,620,412,1032,3677,28.07%,479,523,1002
"Judge, County Court at Law No. 2",0364,488,405,893,2658,33.60%,524,327,851
"Judge, County Court at Law No. 2",0365,478,231,709,1305,54.33%,63,627,690
"Judge, County Court at Law No. 2",0366,252,270,522,2454,21.27%,141,365,506
"Judge, County Court at Law No. 2",0367,170,138,308,1130,27.26%,74,228,302
"Judge, County Court at Law No. 2",0368,178,88,266,958,27.77%,77,178,255
"Judge, County Court at Law No. 2",0369,32,29,61,559,10.91%,19,40,59
"Judge, County Court at Law No. 2",0370,1532,1105,2637,6593,40.00%,2016,534,2550
"Judge, County Court at Law No. 2",0371,122,52,174,502,34.66%,6,160,166
"Judge, County Court at Law No. 2",0372,221,170,391,1224,31.94%,58,321,379
"Judge, County Court at Law No. 2",0373,21,12,33,157,21.02%,3,28,31
"Judge, County Court at Law No. 2",0374,85,93,158,738,21.41%,60,93,153
"Judge, County Court at Law No. 2",0375,254,220,474,2645,17.92%,240,202,442
"Judge, County Court at Law No. 2",0376,278,205,483,1910,25.29%,217,243,460
"Judge, County Court at Law No. 2",0377,525,583,1109,2920,37.98%,823,228,1051
"Judge, County Court at Law No. 2",0378,232,354,586,1829,32.04%,367,188,555
"Judge, County Court at Law No. 2",0379,431,289,720,2027,35.52%,77,621,698
"Judge, County Court at Law No. 2",0380,1299,995,2294,5666,40.49%,1272,949,2221
"Judge, County Court at Law No. 2",0381,412,248,660,2855,23.12%,312,323,635
"Judge, County Court at Law No. 2",0382,132,157,289,922,31.34%,214,65,279
"Judge, County Court at Law No. 2",0383,289,263,552,2173,25.40%,239,296,535
"Judge, County Court at Law No. 2",0384,573,373,946,2657,35.60%,208,701,909
"Judge, County Court at Law No. 2",0385,583,670,1253,2207,56.77%,981,193,1174
"Judge, County Court at Law No. 2",0386,662,469,1131,2922,38.71%,826,260,1086
"Judge, County Court at Law No. 2",0387,555,672,1227,3935,31.18%,892,299,1191
"Judge, County Court at Law No. 2",0388,1430,1010,2440,6888,35.42%,1436,934,2370
"Judge, County Court at Law No. 2",0389,91,208,299,1026,29.14%,49,224,273
"Judge, County Court at Law No. 2",0390,356,263,619,1480,41.82%,88,508,596
"Judge, County Court at Law No. 2",0391,508,260,768,1883,40.79%,494,237,731
"Judge, County Court at Law No. 2",0392,387,155,542,1446,37.48%,11,520,531
"Judge, County Court at Law No. 2",0393,165,185,350,1292,27.09%,168,169,337
"Judge, County Court at Law No. 2",0394,69,73,142,834,17.03%,67,68,135
"Judge, County Court at Law No. 2",0395,469,404,873,1846,47.29%,648,179,827
"Judge, County Court at Law No. 2",0396,622,216,838,2082,40.25%,17,802,819
"Judge, County Court at Law No. 2",0397,86,78,164,760,21.58%,80,79,159
"Judge, County Court at Law No. 2",0398,615,521,1136,4022,28.24%,619,485,1104
"Judge, County Court at Law No. 2",0399,402,366,768,2791,27.52%,436,308,744
"Judge, County Court at Law No. 2",0400,620,359,979,2411,40.61%,731,204,935
"Judge, County Court at Law No. 2",0401,330,205,535,1913,27.97%,22,498,520
"Judge, County Court at Law No. 2",0402,466,266,732,1794,40.80%,39,673,712
"Judge, County Court at Law No. 2",0403,475,498,973,1715,56.73%,561,322,883
"Judge, County Court at Law No. 2",0404,419,330,749,2585,28.97%,440,279,719
"Judge, County Court at Law No. 2",0405,0,0,0,0,0.00%,0,0,0
"Judge, County Court at Law No. 2",0406,137,67,204,628,32.48%,4,194,198
"Judge, County Court at Law No. 2",0407,688,793,1481,3769,39.29%,1008,388,1396
"Judge, County Court at Law No. 2",0408,146,153,299,1691,17.68%,145,140,285
"Judge, County Court at Law No. 2",0409,122,149,271,1459,18.57%,115,146,261
"Judge, County Court at Law No. 2",0410,132,80,212,899,23.58%,45,156,201
"Judge, County Court at Law No. 2",0411,235,200,435,2339,18.60%,162,251,413
"Judge, County Court at Law No. 2",0412,74,44,118,468,25.21%,8,106,114
"Judge, County Court at Law No. 2",0413,767,386,1153,2992,38.54%,470,640,1110
"Judge, County Court at Law No. 2",0414,654,480,1134,3453,32.84%,888,199,1087
"Judge, County Court at Law No. 2",0415,539,598,1137,2203,51.61%,778,303,1081
"Judge, County Court at Law No. 2",0416,538,558,1096,3791,28.91%,621,432,1053
"Judge, County Court at Law No. 2",0417,353,385,738,2448,30.15%,382,320,702
"Judge, County Court at Law No. 2",0418,403,469,872,3584,24.33%,377,453,830
"Judge, County Court at Law No. 2",0419,571,324,895,2658,33.67%,597,253,850
"Judge, County Court at Law No. 2",0420,1036,874,1910,4762,40.11%,1576,258,1834
"Judge, County Court at Law No. 2",0421,36,37,73,410,17.80%,26,42,68
"Judge, County Court at Law No. 2",0422,731,402,1133,3345,33.87%,44,1064,1108
"Judge, County Court at Law No. 2",0423,108,120,228,1376,16.57%,74,144,218
"Judge, County Court at Law No. 2",0424,240,111,351,967,36.30%,220,112,332
"Judge, County Court at Law No. 2",0425,107,123,230,883,26.05%,90,131,221
"Judge, County Court at Law No. 2",0426,260,183,443,1218,36.37%,267,156,423
"Judge, County Court at Law No. 2",0427,179,134,313,1092,28.66%,138,149,287
"Judge, County Court at Law No. 2",0428,619,421,1040,4538,22.92%,347,615,962
"Judge, County Court at Law No. 2",0429,445,314,759,3197,23.74%,224,493,717
"Judge, County Court at Law No. 2",0430,161,133,294,1657,17.74%,96,183,279
"Judge, County Court at Law No. 2",0431,327,84,411,3417,12.03%,156,235,391
"Judge, County Court at Law No. 2",0432,123,157,280,1455,19.24%,109,160,269
"Judge, County Court at Law No. 2",0433,50,63,113,581,19.45%,31,76,107
"Judge, County Court at Law No. 2",0434,370,289,659,1503,43.85%,428,193,621
"Judge, County Court at Law No. 2",0435,855,636,1491,3252,45.85%,997,413,1410
"Judge, County Court at Law No. 2",0436,629,531,1160,2933,39.55%,762,330,1092
"Judge, County Court at Law No. 2",0437,521,512,1033,2033,50.81%,757,215,972
"Judge, County Court at Law No. 2",0438,517,389,1006,1861,54.06%,786,168,954
"Judge, County Court at Law No. 2",0439,710,884,1594,3554,44.85%,1178,320,1498
"Judge, County Court at Law No. 2",0440,664,858,1522,2930,51.95%,1233,202,1435
"Judge, County Court at Law No. 2",0441,345,420,765,1669,45.84%,597,125,722
"Judge, County Court at Law No. 2",0442,612,574,1186,2575,46.06%,991,148,1139
"Judge, County Court at Law No. 2",0443,225,138,354,646,56.35%,258,86,344
"Judge, County Court at Law No. 2",0444,587,583,1270,3262,38.93%,830,369,1199
"Judge, County Court at Law No. 2",0445,499,348,847,2026,41.81%,586,222,808
"Judge, County Court at Law No. 2",0446,31,22,53,291,18.21%,26,24,50
"Judge, County Court at Law No. 2",0447,93,86,179,637,28.10%,54,116,170
"Judge, County Court at Law No. 2",0448,590,778,1368,3138,43.59%,782,502,1284
"Judge, County Court at Law No. 2",0449,12,23,35,198,17.68%,3,32,35
"Judge, County Court at Law No. 2",0450,435,328,763,2635,28.96%,252,479,731
"Judge, County Court at Law No. 2",0451,1002,510,1512,2687,56.27%,1254,181,1435
"Judge, County Court at Law No. 2",0452,554,444,998,3048,32.74%,750,219,969
"Judge, County Court at Law No. 2",0453,231,262,493,1937,25.45%,205,265,470
"Judge, County Court at Law No. 2",0454,594,248,842,2561,32.88%,13,808,821
"Judge, County Court at Law No. 2",0455,367,165,532,1689,31.50%,21,502,523
"Judge, County Court at Law No. 2",0456,482,362,844,3513,24.03%,500,319,819
"Judge, County Court at Law No. 2",0457,0,0,0,0,0.00%,0,0,0
"Judge, County Court at Law No. 2",0458,471,237,708,1924,36.80%,36,646,682
"Judge, County Court at Law No. 2",0459,951,474,1425,3021,47.17%,1138,232,1370
"Judge, County Court at Law No. 2",0460,554,331,885,2837,31.19%,242,625,867
"Judge, County Court at Law No. 2",0461,1155,735,1900,3871,49.08%,1355,422,1777
"Judge, County Court at Law No. 2",0462,674,619,1293,3384,38.21%,503,729,1232
"Judge, County Court at Law No. 2",0463,480,404,884,3326,26.58%,417,436,853
"Judge, County Court at Law No. 2",0464,356,430,786,2257,34.82%,573,186,759
"Judge, County Court at Law No. 2",0465,687,520,1207,3564,33.87%,701,467,1168
"Judge, County Court at Law No. 2",0466,1058,614,1672,4184,39.96%,1002,606,1608
"Judge, County Court at Law No. 2",0467,213,189,402,1270,31.65%,105,291,396
"Judge, County Court at Law No. 2",0468,352,443,795,3598,22.10%,259,501,760
"Judge, County Court at Law No. 2",0469,1294,547,1841,3985,46.20%,1475,275,1750
"Judge, County Court at Law No. 2",0470,185,176,361,1326,27.22%,268,73,341
"Judge, County Court at Law No. 2",0471,375,380,755,2387,31.63%,602,132,734
"Judge, County Court at Law No. 2",0472,198,278,476,1081,44.03%,206,227,433
"Judge, County Court at Law No. 2",0473,599,391,990,1806,54.82%,711,232,943
"Judge, County Court at Law No. 2",0474,559,588,1147,3037,37.77%,804,300,1104
"Judge, County Court at Law No. 2",0475,189,267,456,1809,25.21%,229,205,434
"Judge, County Court at Law No. 2",0476,404,473,877,2430,36.09%,504,334,838
"Judge, County Court at Law No. 2",0477,737,567,1304,3505,37.20%,1012,242,1254
"Judge, County Court at Law No. 2",0478,958,657,1615,4461,36.20%,1118,425,1543
"Judge, County Court at Law No. 2",0479,638,612,1250,2714,46.06%,943,252,1195
"Judge, County Court at Law No. 2",0480,493,450,943,2415,39.05%,687,214,901
"Judge, County Court at Law No. 2",0481,770,623,1393,3482,40.01%,1063,267,1330
"Judge, County Court at Law No. 2",0482,878,630,1508,4373,34.48%,1110,351,1461
"Judge, County Court at Law No. 2",0483,1042,478,1520,4308,35.28%,926,534,1460
"Judge, County Court at Law No. 2",0484,1107,930,2037,4979,40.91%,1492,470,1962
"Judge, County Court at Law No. 2",0485,1095,911,2006,5388,37.23%,1572,378,1950
"Judge, County Court at Law No. 2",0486,873,855,1728,3866,44.70%,1362,287,1649
"Judge, County Court at Law No. 2",0487,570,294,864,3860,22.38%,319,478,797
"Judge, County Court at Law No. 2",0488,268,254,522,1719,30.37%,203,279,482
"Judge, County Court at Law No. 2",0489,350,290,640,1893,33.81%,224,384,608
"Judge, County Court at Law No. 2",0490,444,368,812,1975,41.11%,315,465,780
"Judge, County Court at Law No. 2",0491,314,372,686,1888,36.33%,427,228,655
"Judge, County Court at Law No. 2",0492,556,410,966,2335,41.37%,613,306,919
"Judge, County Court at Law No. 2",0493,479,322,801,1853,43.23%,555,205,760
"Judge, County Court at Law No. 2",0494,381,247,628,2467,25.46%,89,521,610
"Judge, County Court at Law No. 2",0495,522,523,1045,2375,44.00%,774,218,992
"Judge, County Court at Law No. 2",0496,190,315,505,2160,23.38%,205,284,489
"Judge, County Court at Law No. 2",0497,526,243,769,2257,34.07%,28,720,748
"Judge, County Court at Law No. 2",0498,363,323,686,2297,29.87%,322,346,668
"Judge, County Court at Law No. 2",0499,750,518,1268,2326,54.51%,955,235,1190
"Judge, County Court at Law No. 2",0500,729,715,1444,3507,41.17%,1017,372,1389
"Judge, County Court at Law No. 2",0501,341,417,758,1801,42.09%,292,402,694
"Judge, County Court at Law No. 2",0502,477,350,827,2501,33.07%,665,130,795
"Judge, County Court at Law No. 2",0503,174,116,290,1374,21.11%,119,152,271
"Judge, County Court at Law No. 2",0504,524,527,1151,2288,50.31%,779,307,1086
"Judge, County Court at Law No. 2",0505,531,562,1193,3773,31.62%,558,554,1112
"Judge, County Court at Law No. 2",0506,665,670,1335,3502,38.12%,247,1034,1281
"Judge, County Court at Law No. 2",0507,221,149,370,2452,15.09%,123,222,345
"Judge, County Court at Law No. 2",0508,492,412,904,3287,27.50%,367,471,838
"Judge, County Court at Law No. 2",0509,753,596,1349,3732,36.15%,966,323,1289
"Judge, County Court at Law No. 2",0510,687,514,1201,3590,33.45%,635,511,1146
"Judge, County Court at Law No. 2",0511,0,0,0,0,0.00%,0,0,0
"Judge, County Court at Law No. 2",0512,602,660,1262,5057,24.96%,613,618,1231
"Judge, County Court at Law No. 2",0513,1019,487,1506,2894,52.04%,1169,264,1433
"Judge, County Court at Law No. 2",0514,953,720,1673,4275,39.13%,1285,321,1606
"Judge, County Court at Law No. 2",0515,942,683,1625,3455,47.03%,1324,232,1556
"Judge, County Court at Law No. 2",0516,1000,800,1800,5356,33.61%,986,733,1719
"Judge, County Court at Law No. 2",0517,481,256,737,2954,24.95%,435,281,716
"Judge, County Court at Law No. 2",0518,635,693,1328,3943,33.68%,894,381,1275
"Judge, County Court at Law No. 2",0519,623,493,1116,2966,37.63%,842,235,1077
"Judge, County Court at Law No. 2",0520,473,457,930,4580,20.31%,179,729,908
"Judge, County Court at Law No. 2",0521,471,464,935,2866,32.62%,514,389,903
"Judge, County Court at Law No. 2",0522,715,572,1288,2689,47.90%,1015,227,1242
"Judge, County Court at Law No. 2",0523,751,415,1166,3052,38.20%,801,315,1116
"Judge, County Court at Law No. 2",0524,567,459,1026,3410,30.09%,382,616,998
"Judge, County Court at Law No. 2",0525,707,482,1189,3091,38.47%,281,854,1135
"Judge, County Court at Law No. 2",0526,68,84,152,780,19.49%,47,94,141
"Judge, County Court at Law No. 2",0527,37,40,77,574,13.41%,40,35,75
"Judge, County Court at Law No. 2",0528,14,12,26,90,28.89%,3,22,25
"Judge, County Court at Law No. 2",0529,1043,491,1534,3710,41.35%,1326,153,1479
"Judge, County Court at Law No. 2",0530,114,107,221,1196,18.48%,59,146,205
"Judge, County Court at Law No. 2",0531,363,174,537,1145,46.90%,417,94,511
"Judge, County Court at Law No. 2",0532,205,146,351,1048,33.49%,253,87,340
"Judge, County Court at Law No. 2",0533,124,108,232,1119,20.73%,133,85,218
"Judge, County Court at Law No. 2",0534,783,524,1,307,3837,34.06%,997,248,1245
"Judge, County Court at Law No. 2",0535,33,29,62,416,14.90%,32,28,60
"Judge, County Court at Law No. 2",0536,554,780,1334,5139,25.96%,549,738,1287
"Judge, County Court at Law No. 2",0537,855,778,1633,3050,53.54%,1206,348,1554
"Judge, County Court at Law No. 2",0538,204,160,364,1303,27.94%,11,346,357
"Judge, County Court at Law No. 2",0539,15,241,256,64,400.00%,75,162,237
"Judge, County Court at Law No. 2",0540,378,316,694,1567,44.29%,305,332,637
"Judge, County Court at Law No. 2",0541,784,505,1289,4599,28.03%,206,1030,1236
"Judge, County Court at Law No. 2",0542,360,382,742,2557,29.02%,47,667,714
"Judge, County Court at Law No. 2",0543,141,213,354,1565,22.62%,128,204,332
"Judge, County Court at Law No. 2",0544,35,41,77,310,24.84%,11,65,76
"Judge, County Court at Law No. 2",0545,596,620,1216,3629,33.51%,629,538,1167
"Judge, County Court at Law No. 2",0546,2,2,4,37,10.81%,3,0,3
"Judge, County Court at Law No. 2",0547,501,466,967,2406,40.19%,689,238,927
"Judge, County Court at Law No. 2",0548,286,293,579,2215,26.14%,311,252,563
"Judge, County Court at Law No. 2",0549,343,418,761,2663,28.58%,118,626,744
"Judge, County Court at Law No. 2",0550,501,431,932,3031,30.75%,535,360,895
"Judge, County Court at Law No. 2",0551,1288,1394,2682,7034,38.13%,2061,541,2602
"Judge, County Court at Law No. 2",0552,847,883,1730,3415,50.66%,1459,214,1673
"Judge, County Court at Law No. 2",0553,578,529,1107,4686,23.62%,517,552,1069
"Judge, County Court at Law No. 2",0554,261,199,460,1757,26.18%,116,320,436
"Judge, County Court at Law No. 2",0555,225,277,502,2219,22.62%,114,364,478
"Judge, County Court at Law No. 2",0556,276,186,462,2319,19.92%,143,302,445
"Judge, County Court at Law No. 2",0557,455,183,638,2830,22.54%,279,286,565
"Judge, County Court at Law No. 2",0558,693,463,1156,4380,26.39%,431,681,1112
"Judge, County Court at Law No. 2",0559,640,494,1134,4969,22.82%,362,728,1090
"Judge, County Court at Law No. 2",0560,72,131,203,1120,18.13%,59,131,190
"Judge, County Court at Law No. 2",0561,362,436,798,3064,26.04%,485,276,761
"Judge, County Court at Law No. 2",0562,113,68,181,694,26.08%,27,151,178
"Judge, County Court at Law No. 2",0563,1107,376,1483,3105,47.76%,1174,235,1409
"Judge, County Court at Law No. 2",0564,470,426,896,3155,28.40%,264,592,856
"Judge, County Court at Law No. 2",0565,108,78,186,1354,13.74%,47,125,172
"Judge, County Court at Law No. 2",0566,417,324,741,2882,25.71%,248,472,720
"Judge, County Court at Law No. 2",0567,301,193,494,2238,22.07%,187,277,464
"Judge, County Court at Law No. 2",0568,876,685,1561,3594,43.43%,1052,419,1471
"Judge, County Court at Law No. 2",0569,572,667,1239,3525,35.15%,693,478,1171
"Judge, County Court at Law No. 2",0570,238,210,448,1562,28.68%,164,246,410
"Judge, County Court at Law No. 2",0571,155,149,304,1827,16.64%,123,169,292
"Judge, County Court at Law No. 2",0572,555,375,930,3108,29.92%,500,387,887
"Judge, County Court at Law No. 2",0573,290,151,441,1619,27.24%,6,429,435
"Judge, County Court at Law No. 2",0574,31,42,73,402,18.16%,9,64,73
"Judge, County Court at Law No. 2",0575,13,11,24,74,32.43%,18,5,23
"Judge, County Court at Law No. 2",0576,485,318,803,2734,29.37%,25,760,785
"Judge, County Court at Law No. 2",0577,147,88,235,608,38.65%,147,76,223
"Judge, County Court at Law No. 2",0578,409,538,947,1799,52.64%,600,300,900
"Judge, County Court at Law No. 2",0579,75,101,176,1056,16.67%,36,132,168
"Judge, County Court at Law No. 2",0580,179,118,297,1031,28.81%,5,282,287
"Judge, County Court at Law No. 2",0581,212,174,386,1032,37.40%,6,366,372
"Judge, County Court at Law No. 2",0582,258,171,429,1588,27.02%,27,390,417
"Judge, County Court at Law No. 2",0583,225,131,356,1262,28.21%,16,332,348
"Judge, County Court at Law No. 2",0584,182,93,275,1014,27.12%,11,260,271
"Judge, County Court at Law No. 2",0585,417,172,589,2511,23.46%,24,553,577
"Judge, County Court at Law No. 2",0586,638,680,1318,4316,30.54%,814,457,1271
"Judge, County Court at Law No. 2",0587,436,284,720,2598,27.71%,290,410,700
"Judge, County Court at Law No. 2",0588,758,674,1432,3645,39.29%,1042,343,1385
"Judge, County Court at Law No. 2",0589,500,386,886,3420,25.91%,511,350,861
"Judge, County Court at Law No. 2",0590,772,399,1171,2162,54.16%,930,195,1125
"Judge, County Court at Law No. 2",0591,183,231,414,2121,19.52%,134,263,397
"Judge, County Court at Law No. 2",0592,133,157,290,1350,21.48%,82,193,275
"Judge, County Court at Law No. 2",0593,543,564,1107,4380,25.27%,558,497,1055
"Judge, County Court at Law No. 2",0594,561,326,887,2490,35.62%,263,597,860
"Judge, County Court at Law No. 2",0595,201,178,379,1693,22.39%,70,300,370
"Judge, County Court at Law No. 2",0596,441,348,789,3007,26.24%,447,316,763
"Judge, County Court at Law No. 2",0597,367,394,761,3653,20.83%,344,404,748
"Judge, County Court at Law No. 2",0598,195,57,252,728,34.62%,207,39,246
"Judge, County Court at Law No. 2",0599,850,578,1428,4950,28.85%,528,850,1378
"Judge, County Court at Law No. 2",0600,667,429,1096,3957,27.70%,455,589,1044
"Judge, County Court at Law No. 2",0601,1073,756,1829,4057,45.08%,1409,357,1766
"Judge, County Court at Law No. 2",0602,293,235,528,1326,39.82%,388,124,512
"Judge, County Court at Law No. 2",0603,884,794,1678,4843,34.65%,1086,550,1636
"Judge, County Court at Law No. 2",0604,702,518,1220,3005,40.60%,1009,171,1180
"Judge, County Court at Law No. 2",0605,907,556,1463,5582,26.21%,374,1044,1418
"Judge, County Court at Law No. 2",0606,176,70,246,937,26.25%,4,238,242
"Judge, County Court at Law No. 2",0607,62,51,113,728,15.52%,13,93,106
"Judge, County Court at Law No. 2",0608,31,47,78,537,14.53%,46,27,73
"Judge, County Court at Law No. 2",0609,667,680,1347,3384,39.80%,865,414,1279
"Judge, County Court at Law No. 2",0610,231,188,419,1927,21.74%,225,163,388
"Judge, County Court at Law No. 2",0611,495,242,737,2488,29.62%,26,696,722
"Judge, County Court at Law No. 2",0612,996,497,1493,3307,45.15%,1134,275,1409
"Judge, County Court at Law No. 2",0613,186,204,390,1554,25.10%,66,311,377
"Judge, County Court at Law No. 2",0614,737,566,1303,4207,30.97%,524,729,1253
"Judge, County Court at Law No. 2",0615,480,299,779,1967,39.60%,510,245,755
"Judge, County Court at Law No. 2",0616,739,663,1402,3436,40.80%,1004,350,1354
"Judge, County Court at Law No. 2",0617,541,393,934,3809,24.52%,391,521,912
"Judge, County Court at Law No. 2",0618,946,567,1513,6003,25.20%,778,680,1458
"Judge, County Court at Law No. 2",0619,1219,803,2022,4297,47.06%,1519,406,1925
"Judge, County Court at Law No. 2",0620,689,264,953,2897,32.90%,620,293,913
"Judge, County Court at Law No. 2",0621,154,101,255,1133,22.51%,136,106,242
"Judge, County Court at Law No. 2",0622,881,524,1405,4403,31.91%,884,471,1355
"Judge, County Court at Law No. 2",0623,887,487,1374,3691,37.23%,950,357,1307
"Judge, County Court at Law No. 2",0624,1,1,2,3,66.67%,1,1,2
"Judge, County Court at Law No. 2",0625,477,362,839,1820,46.10%,508,285,793
"Judge, County Court at Law No. 2",0626,581,440,1021,2861,35.69%,593,373,966
"Judge, County Court at Law No. 2",0627,346,322,668,3049,21.91%,254,385,639
"Judge, County Court at Law No. 2",0628,152,219,371,1675,22.15%,205,154,359
"Judge, County Court at Law No. 2",0629,37,53,90,696,12.93%,18,72,90
"Judge, County Court at Law No. 2",0630,974,600,1574,3905,40.31%,142,1382,1524
"Judge, County Court at Law No. 2",0631,822,404,1226,2846,43.08%,910,271,1181
"Judge, County Court at Law No. 2",0632,7,4,11,343,3.21%,4,7,11
"Judge, County Court at Law No. 2",0633,943,731,1674,3559,47.04%,1211,396,1607
"Judge, County Court at Law No. 2",0634,458,442,900,3029,29.71%,608,260,868
"Judge, County Court at Law No. 2",0635,743,485,1228,3393,36.19%,939,251,1190
"Judge, County Court at Law No. 2",0636,835,874,1710,4140,41.30%,1487,171,1658
"Judge, County Court at Law No. 2",0637,409,362,771,2512,30.69%,205,514,719
"Judge, County Court at Law No. 2",0638,304,245,549,2204,24.91%,46,479,525
"Judge, County Court at Law No. 2",0639,549,547,1096,2526,43.39%,880,168,1048
"Judge, County Court at Law No. 2",0640,641,459,1100,3733,29.47%,703,364,1067
"Judge, County Court at Law No. 2",0641,649,596,1245,3650,34.11%,847,353,1200
"Judge, County Court at Law No. 2",0642,471,394,865,1764,49.04%,700,130,830
"Judge, County Court at Law No. 2",0643,934,653,1587,5945,26.69%,650,890,1540
"Judge, County Court at Law No. 2",0644,1019,823,1842,5523,33.35%,1245,524,1769
"Judge, County Court at Law No. 2",0645,654,594,1248,4185,29.82%,702,496,1198
"Judge, County Court at Law No. 2",0646,364,287,651,2220,29.32%,222,393,615
"Judge, County Court at Law No. 2",0647,904,470,1374,6084,22.58%,432,841,1273
"Judge, County Court at Law No. 2",0648,838,579,1417,3367,42.08%,1035,335,1370
"Judge, County Court at Law No. 2",0649,687,434,1121,4576,24.50%,391,660,1051
"Judge, County Court at Law No. 2",0650,906,766,1672,3888,43.00%,1242,360,1602
"Judge, County Court at Law No. 2",0651,963,766,1729,5128,33.72%,1140,514,1654
"Judge, County Court at Law No. 2",0652,467,515,982,2815,34.88%,192,756,948
"Judge, County Court at Law No. 2",0653,0,4,4,0,0.00%,0,4,4
"Judge, County Court at Law No. 2",0654,950,1005,1955,6208,31.49%,1132,751,1883
"Judge, County Court at Law No. 2",0655,1115,1079,2195,6855,32.02%,1380,728,2108
"Judge, County Court at Law No. 2",0656,579,393,972,2674,36.35%,42,906,948
"Judge, County Court at Law No. 2",0657,246,172,418,1292,32.35%,177,229,406
"Judge, County Court at Law No. 2",0658,540,426,966,2807,34.41%,637,304,941
"Judge, County Court at Law No. 2",0659,1149,788,1937,4856,39.89%,1404,469,1873
"Judge, County Court at Law No. 2",0660,950,825,1775,5372,33.04%,176,1554,1730
"Judge, County Court at Law No. 2",0661,675,765,1440,4567,31.53%,866,520,1386
"Judge, County Court at Law No. 2",0662,1148,890,2038,4874,41.81%,1639,334,1973
"Judge, County Court at Law No. 2",0663,717,797,1514,3346,45.25%,787,622,1409
"Judge, County Court at Law No. 2",0664,352,250,602,2869,20.98%,139,433,572
"Judge, County Court at Law No. 2",0665,482,348,830,2154,38.53%,699,98,797
"Judge, County Court at Law No. 2",0666,0,0,0,0,0.00%,0,0,0
"Judge, County Court at Law No. 2",0667,488,502,990,2149,46.07%,794,159,953
"Judge, County Court at Law No. 2",0668,399,509,908,2775,32.72%,610,273,883
"Judge, County Court at Law No. 2",0669,850,738,1,588,3425,46.36%,1178,348,1526
"Judge, County Court at Law No. 2",0670,955,471,1427,2983,47.84%,1151,218,1369
"Judge, County Court at Law No. 2",0671,403,565,968,3037,31.87%,613,318,931
"Judge, County Court at Law No. 2",0672,959,862,1821,5706,31.91%,1253,507,1760
"Judge, County Court at Law No. 2",0673,729,516,1245,2995,41.57%,993,199,1192
"Judge, County Court at Law No. 2",0674,1071,618,1689,4091,41.29%,1285,343,1628
"Judge, County Court at Law No. 2",0675,0,1,1,0,0.00%,1,0,1
"Judge, County Court at Law No. 2",0676,0,0,0,0,0.00%,0,0,0
"Judge, County Court at Law No. 2",0677,127,127,254,1266,20.06%,94,144,238
"Judge, County Court at Law No. 2",0678,166,108,274,735,37.28%,183,69,252
"Judge, County Court at Law No. 2",0679,635,520,1155,3381,34.16%,882,224,1106
"Judge, County Court at Law No. 2",0680,21,14,35,162,21.60%,14,21,35
"Judge, County Court at Law No. 2",0681,1,0,1,5,20.00%,1,0,1
"Judge, County Court at Law No. 2",0682,711,654,1365,4216,32.38%,1018,296,1314
"Judge, County Court at Law No. 2",0683,29,20,49,276,17.75%,8,35,43
"Judge, County Court at Law No. 2",0684,27,22,49,223,21.97%,27,19,46
"Judge, County Court at Law No. 2",0685,110,29,139,307,45.28%,64,64,128
"Judge, County Court at Law No. 2",0686,17,12,29,208,13.94%,12,16,28
"Judge, County Court at Law No. 2",0687,549,537,1085,2609,41.63%,750,271,1021
"Judge, County Court at Law No. 2",0688,999,617,1616,3504,46.12%,1298,249,1547
"Judge, County Court at Law No. 2",0689,211,387,598,2346,25.49%,319,252,571
"Judge, County Court at Law No. 2",0690,926,1104,2030,5102,39.79%,1670,296,1966
"Judge, County Court at Law No. 2",0691,2,5,7,25,28.00%,3,4,7
"Judge, County Court at Law No. 2",0692,444,548,992,2847,34.84%,757,195,952
"Judge, County Court at Law No. 2",0693,167,91,258,666,38.74%,74,171,245
"Judge, County Court at Law No. 2",0694,260,120,380,845,44.97%,263,94,357
"Judge, County Court at Law No. 2",0695,232,193,425,1724,24.65%,269,142,411
"Judge, County Court at Law No. 2",0696,261,207,468,1982,23.61%,292,152,444
"Judge, County Court at Law No. 2",0697,605,613,1218,4413,27.60%,331,841,1172
"Judge, County Court at Law No. 2",0698,448,489,937,3189,29.38%,113,798,911
"Judge, County Court at Law No. 2",0699,568,414,982,2343,41.91%,685,239,924
"Judge, County Court at Law No. 2",0700,255,251,506,1371,36.91%,424,58,482
"Judge, County Court at Law No. 2",0701,56,43,99,588,16.84%,61,32,93
"Judge, County Court at Law No. 2",0702,54,70,134,539,24.86%,18,114,132
"Judge, County Court at Law No. 2",0703,372,490,862,1882,45.80%,643,180,823
"Judge, County Court at Law No. 2",0704,569,599,1168,3064,38.12%,943,171,1114
"Judge, County Court at Law No. 2",0705,114,113,227,1523,14.90%,31,186,217
"Judge, County Court at Law No. 2",0706,115,71,186,610,30.49%,96,80,176
"Judge, County Court at Law No. 2",0707,153,86,239,707,33.80%,157,70,227
"Judge, County Court at Law No. 2",0708,54,52,106,563,18.83%,52,47,99
"Judge, County Court at Law No. 2",0709,1375,947,2322,6848,33.91%,1433,825,2258
"Judge, County Court at Law No. 2",0710,371,462,833,2082,40.01%,473,294,767
"Judge, County Court at Law No. 2",0711,702,506,1208,3484,34.67%,766,376,1142
"Judge, County Court at Law No. 2",0712,491,463,954,3670,25.99%,423,511,934
"Judge, County Court at Law No. 2",0713,228,262,490,1907,25.69%,246,221,467
"Judge, County Court at Law No. 2",0714,35,19,55,296,18.58%,34,18,52
"Judge, County Court at Law No. 2",0715,176,187,363,1408,25.78%,209,134,343
"Judge, County Court at Law No. 2",0716,449,407,856,2680,31.94%,613,222,835
"Judge, County Court at Law No. 2",0717,373,250,623,2002,31.12%,84,525,609
"Judge, County Court at Law No. 2",0718,1017,806,1823,4229,43.11%,1305,413,1718
"Judge, County Court at Law No. 2",0719,247,137,384,1589,24.17%,234,132,366
"Judge, County Court at Law No. 2",0720,994,780,1774,4282,41.43%,1357,358,1715
"Judge, County Court at Law No. 2",0721,754,532,1286,2870,44.81%,875,346,1221
"Judge, County Court at Law No. 2",0722,871,494,1365,4479,30.48%,115,1209,1324
"Judge, County Court at Law No. 2",0723,401,202,603,1858,32.45%,135,444,579
"Judge, County Court at Law No. 2",0724,151,128,279,766,36.42%,223,45,268
"Judge, County Court at Law No. 2",0725,423,237,660,2237,29.50%,322,317,639
"Judge, County Court at Law No. 2",0726,592,402,994,2087,47.63%,874,95,969
"Judge, County Court at Law No. 2",0727,338,290,628,2488,25.24%,220,376,596
"Judge, County Court at Law No. 2",0728,209,151,360,880,40.91%,233,106,339
"Judge, County Court at Law No. 2",0729,136,59,195,464,42.03%,122,68,190
"Judge, County Court at Law No. 2",0730,428,359,787,1747,45.05%,525,214,739
"Judge, County Court at Law No. 2",0731,58,27,85,352,24.15%,26,57,83
"Judge, County Court at Law No. 2",0732,441,324,765,1924,39.76%,489,233,722
"Judge, County Court at Law No. 2",0733,13,7,20,215,9.30%,8,10,18
"Judge, County Court at Law No. 2",0734,1558,962,2520,7005,35.97%,1750,695,2445
"Judge, County Court at Law No. 2",0735,8,0,6,18,33.33%,6,0,6
"Judge, County Court at Law No. 2",0736,3,1,4,22,18.18%,0,3,3
"Judge, County Court at Law No. 2",0737,11,7,18,51,35.29%,13,5,18
"Judge, County Court at Law No. 2",0738,139,100,239,1361,17.56%,46,184,230
"Judge, County Court at Law No. 2",0739,353,301,654,2955,22.13%,350,276,626
"Judge, County Court at Law No. 2",0740,96,98,194,939,20.66%,127,59,186
"Judge, County Court at Law No. 2",0741,0,1,1,0,0.00%,0,0,0
"Judge, County Court at Law No. 2",0742,0,11,11,0,0.00%,6,5,11
"Judge, County Court at Law No. 2",0743,15,18,33,210,15.71%,19,12,31
"Judge, County Court at Law No. 2",0744,456,392,848,2027,41.84%,569,228,797
"Judge, County Court at Law No. 2",0745,683,372,1055,2494,42.30%,658,342,1000
"Judge, County Court at Law No. 2",0746,114,77,191,691,27.64%,94,93,187
"Judge, County Court at Law No. 2",0747,550,467,1017,3743,27.17%,523,466,989
"Judge, County Court at Law No. 2",0748,170,140,310,1403,22.10%,166,134,300
"Judge, County Court at Law No. 2",0749,30,17,47,377,12.47%,9,37,46
"Judge, County Court at Law No. 2",0750,111,96,207,767,26.99%,129,75,204
"Judge, County Court at Law No. 2",0751,925,964,1889,5084,37.16%,1284,536,1820
"Judge, County Court at Law No. 2",0752,286,200,486,1483,32.77%,376,89,465
"Judge, County Court at Law No. 2",0753,55,73,128,259,49.42%,81,40,121
"Judge, County Court at Law No. 2",0754,0,0,0,0,0.00%,0,0,0
"Judge, County Court at Law No. 2",0755,442,584,1026,4294,23.89%,480,506,986
"Judge, County Court at Law No. 2",0756,251,177,428,1600,26.75%,177,234,411
"Judge, County Court at Law No. 2",0757,520,508,1028,4035,25.48%,196,800,996
"Judge, County Court at Law No. 2",0758,1114,692,1806,4096,44.09%,1480,264,1744
"Judge, County Court at Law No. 2",0759,465,413,878,2730,32.16%,571,274,845
"Judge, County Court at Law No. 2",0760,1432,639,2071,4367,47.42%,1750,233,1983
"Judge, County Court at Law No. 2",0761,548,253,801,1550,51.68%,569,177,746
"Judge, County Court at Law No. 2",0762,0,0,0,0,0.00%,0,0,0
"Judge, County Court at Law No. 2",0763,108,146,254,1212,20.96%,102,140,242
"Judge, County Court at Law No. 2",0764,1133,774,1907,5217,36.55%,1230,615,1845
"Judge, County Court at Law No. 2",0765,647,426,1073,4055,26.46%,473,545,1018
"Judge, County Court at Law No. 2",0766,40,25,65,392,16.58%,17,41,58
"Judge, County Court at Law No. 2",0767,10,2,12,86,13.95%,6,6,12
"Judge, County Court at Law No. 2",0768,1359,1015,2374,5857,40.53%,1969,342,2311
"Judge, County Court at Law No. 2",0769,54,16,70,183,38.25%,3,66,69
"Judge, County Court at Law No. 2",0770,31,25,56,323,17.34%,29,23,52
"Judge, County Court at Law No. 2",0771,324,254,578,2426,23.83%,349,214,563
"Judge, County Court at Law No. 2",0772,1792,851,2643,5709,46.30%,2056,477,2533
"Judge, County Court at Law No. 2",0773,473,312,785,2918,26.90%,234,490,724
"Judge, County Court at Law No. 2",0774,30,41,71,378,18.78%,16,53,69
"Judge, County Court at Law No. 2",0775,18,3,21,92,22.83%,0,21,21
"Judge, County Court at Law No. 2",0776,551,496,1047,3053,34.29%,626,375,1001
"Judge, County Court at Law No. 2",0777,46,40,86,652,13.19%,33,51,84
"Judge, County Court at Law No. 2",0778,0,0,0,0,0.00%,0,0,0
"Judge, County Court at Law No. 2",0779,64,51,115,940,12.23%,42,68,110
"Judge, County Court at Law No. 2",0780,63,59,122,595,20.50%,72,46,118
"Judge, County Court at Law No. 2",0781,666,273,939,3603,26.06%,453,391,844
"Judge, County Court at Law No. 2",0782,368,370,738,2236,33.01%,472,236,708
"Judge, County Court at Law No. 2",0783,49,13,62,294,21.09%,45,15,60
"Judge, County Court at Law No. 2",0784,208,128,336,1079,31.14%,7,313,320
"Judge, County Court at Law No. 2",0785,28,25,53,296,17.91%,29,24,53
"Judge, County Court at Law No. 2",0786,100,98,198,1251,15.83%,81,110,191
"Judge, County Court at Law No. 2",0787,46,52,98,488,20.08%,38,58,96
"Judge, County Court at Law No. 2",0788,74,32,106,454,23.35%,50,53,103
"Judge, County Court at Law No. 2",0789,0,3,3,3,100.00%,1,2,3
"Judge, County Court at Law No. 2",0790,0,0,0,3,0.00%,0,0,0
"Judge, County Court at Law No. 2",0791,0,0,0,0,0.00%,0,0,0
"Judge, County Court at Law No. 2",0792,269,239,508,1865,27.24%,126,356,482
"Judge, County Court at Law No. 2",0793,448,247,695,2484,27.98%,418,250,668
"Judge, County Court at Law No. 2",0794,124,144,268,2710,9.89%,39,222,261
"Judge, County Court at Law No. 2",0795,90,125,215,1217,17.67%,86,118,204
"Judge, County Court at Law No. 2",0796,83,51,134,476,28.15%,78,51,129
"Judge, County Court at Law No. 2",0797,0,0,0,0,0.00%,0,0,0
"Judge, County Court at Law No. 2",0798,99,111,210,500,42.00%,85,113,198
"Judge, County Court at Law No. 2",0799,28,15,43,161,26.71%,11,32,43
"Judge, County Court at Law No. 2",0800,588,642,1230,2932,41.95%,854,317,1171
"Judge, County Court at Law No. 2",0801,32,14,46,258,17.83%,19,25,44
"Judge, County Court at Law No. 2",0802,51,27,78,312,25.00%,16,60,76
"Judge, County Court at Law No. 2",0803,725,511,1236,2893,42.72%,920,274,1194
"Judge, County Court at Law No. 2",0804,932,591,1523,4768,31.94%,989,491,1480
"Judge, County Court at Law No. 2",0805,765,533,1298,2866,45.29%,1062,193,1255
"Judge, County Court at Law No. 2",0806,0,0,0,0,0.00%,0,0,0
"Judge, County Court at Law No. 2",0807,211,204,415,2028,20.46%,100,295,395
"Judge, County Court at Law No. 2",0808,12,17,29,131,22.14%,9,19,28
"Judge, County Court at Law No. 2",0809,7,6,13,92,14.13%,5,6,11
"Judge, County Court at Law No. 2",0810,9,16,25,211,11.85%,8,17,25
"Judge, County Court at Law No. 2",0811,29,50,79,270,29.26%,31,46,77
"Judge, County Court at Law No. 2",0812,0,0,0,0,0.00%,0,0,0
"Judge, County Court at Law No. 2",0813,938,761,1699,5807,29.26%,864,786,1650
"Judge, County Court at Law No. 2",0814,673,533,1206,5102,23.64%,331,841,1172
"Judge, County Court at Law No. 2",0815,0,0,0,0,0.00%,0,0,0
"Judge, County Court at Law No. 2",0816,10,0,10,73,13.70%,3,7,10
"Judge, County Court at Law No. 2",0817,0,0,0,0,0.00%,0,0,0
"Judge, County Court at Law No. 2",0818,86,39,125,616,20.29%,31,90,121
"Judge, County Court at Law No. 2",0819,64,30,94,240,39.17%,53,31,84
"Judge, County Court at Law No. 2",0820,0,0,0,0,0.00%,0,0,0
"Judge, County Court at Law No. 2",0821,124,120,244,1242,19.65%,36,202,238
"Judge, County Court at Law No. 2",0822,332,167,499,1535,32.51%,14,469,483
"Judge, County Court at Law No. 2",0823,821,564,1385,5087,27.23%,820,521,1341
"Judge, County Court at Law No. 2",0824,428,282,710,2700,26.30%,168,521,689
"Judge, County Court at Law No. 2",0825,0,0,0,0,0.00%,0,0,0
"Judge, County Court at Law No. 2",0826,73,50,123,358,34.36%,66,48,114
"Judge, County Court at Law No. 2",0827,60,98,158,979,16.14%,74,78,152
"Judge, County Court at Law No. 2",0828,541,388,929,1916,48.49%,753,130,883
"Judge, County Court at Law No. 2",0829,54,22,76,264,28.79%,20,54,74
"Judge, County Court at Law No. 2",0830,0,0,0,2,0.00%,0,0,0
"Judge, County Court at Law No. 2",0831,0,0,0,0,0.00%,0,0,0
"Judge, County Court at Law No. 2",0832,34,28,62,352,17.61%,18,41,59
"Judge, County Court at Law No. 2",0833,0,1,1,20,5.00%,0,1,1
"Judge, County Court at Law No. 2",0834,0,0,0,0,0.00%,0,0,0
"Judge, County Court at Law No. 2",0835,38,19,57,290,19.66%,14,37,51
"Judge, County Court at Law No. 2",0836,3,0,3,19,15.79%,1,2,3
"Judge, County Court at Law No. 2",0837,0,0,0,0,0.00%,0,0,0
"Judge, County Court at Law No. 2",0838,0,0,0,0,0.00%,0,0,0
"Judge, County Court at Law No. 2",0839,136,118,254,1128,22.52%,62,183,245
"Judge, County Court at Law No. 2",0840,381,174,555,1705,32.55%,194,348,542
"Judge, County Court at Law No. 2",0841,0,0,0,0,0.00%,0,0,0
"Judge, County Court at Law No. 2",0842,421,434,855,3259,26.24%,408,412,820
"Judge, County Court at Law No. 2",0843,0,1,1,0,0.00%,0,1,1
"Judge, County Court at Law No. 2",0844,1,0,1,11,9.09%,0,1,1
"Judge, County Court at Law No. 2",0845,54,9,63,134,47.01%,39,21,60
"Judge, County Court at Law No. 2",0846,23,24,47,229,20.52%,4,40,44
"Judge, County Court at Law No. 2",0847,305,211,516,2015,25.61%,149,350,499
"Judge, County Court at Law No. 2",0848,489,266,755,1856,40.68%,237,487,724
"Judge, County Court at Law No. 2",0849,201,291,492,2124,23.16%,197,276,473
"Judge, County Court at Law No. 2",0850,46,41,87,210,41.43%,34,51,85
"Judge, County Court at Law No. 2",0851,1029,657,1686,4709,35.80%,1145,473,1618
"Judge, County Court at Law No. 2",0852,0,0,0,1,0.00%,0,0,0
"Judge, County Court at Law No. 2",0853,575,620,1296,2882,44.97%,1012,231,1243
"Judge, County Court at Law No. 2",0854,15,26,41,172,23.84%,8,31,39
"Judge, County Court at Law No. 2",0855,5,9,14,16,87.50%,5,8,13
"Judge, County Court at Law No. 2",0856,0,1,1,0,0.00%,0,1,1
"Judge, County Court at Law No. 2",0857,0,0,0,1,0.00%,0,0,0
"Judge, County Court at Law No. 2",0858,63,34,97,343,28.28%,3,91,94
"Judge, County Court at Law No. 2",0859,157,106,263,890,29.55%,73,183,256
"Judge, County Court at Law No. 2",0860,0,0,0,0,0.00%,0,0,0
"Judge, County Court at Law No. 2",0861,315,199,514,1842,27.90%,93,409,502
"Judge, County Court at Law No. 2",0862,0,0,0,0,0.00%,0,0,0
"Judge, County Court at Law No. 2",0863,101,54,155,584,26.54%,8,146,154
"Judge, County Court at Law No. 2",0864,193,299,492,2569,19.15%,156,317,473
"Judge, County Court at Law No. 2",0865,2,3,5,21,23.81%,0,5,5
"Judge, County Court at Law No. 2",0866,0,0,0,0,0.00%,0,0,0
"Judge, County Court at Law No. 2",0867,0,0,0,0,0.00%,0,0,0
"Judge, County Court at Law No. 2",0868,236,271,507,2326,21.80%,166,322,488
"Judge, County Court at Law No. 2",0869,53,39,92,470,19.57%,24,65,89
"Judge, County Court at Law No. 2",0870,0,0,0,0,0.00%,0,0,0
"Judge, County Court at Law No. 2",0871,1,0,1,3,33.33%,0,1,1
"Judge, County Court at Law No. 2",0872,5,3,8,59,13.56%,4,4,8
"Judge, County Court at Law No. 2",0873,98,75,173,737,23.47%,47,122,169
"Judge, County Court at Law No. 2",0874,763,707,1470,3223,45.61%,1115,298,1413
"Judge, County Court at Law No. 2",0875,904,527,1431,5147,27.80%,718,669,1387
"Judge, County Court at Law No. 2",0876,698,641,1339,3265,41.01%,1051,246,1297
"Judge, County Court at Law No. 2",0877,476,382,858,3032,28.30%,352,484,836
"Judge, County Court at Law No. 2",0878,427,354,781,1666,46.88%,655,105,760
"Judge, County Court at Law No. 2",0879,407,294,701,2667,26.28%,364,303,667
"Judge, County Court at Law No. 2",0880,543,447,990,2352,42.09%,811,145,956
"Judge, County Court at Law No. 2",0881,593,540,1133,4479,25.30%,405,698,1103
"Judge, County Court at Law No. 2",0882,426,291,717,2422,29.60%,434,257,691
"Judge, County Court at Law No. 2",0883,643,702,1345,5408,24.87%,264,1046,1310
"Judge, County Court at Law No. 2",0884,57,25,82,377,21.75%,9,70,79
"Judge, County Court at Law No. 2",0885,562,368,930,2619,35.51%,559,347,906
"Judge, County Court at Law No. 2",0886,128,108,236,675,34.96%,140,82,222
"Judge, County Court at Law No. 2",0887,50,67,117,418,27.99%,62,49,111
"Judge, County Court at Law No. 2",0888,0,3,3,0,0.00%,2,1,3
"Judge, County Court at Law No. 2",0889,14,0,14,57,24.56%,4,9,13
"Judge, County Court at Law No. 2",0890,164,103,267,1095,24.38%,96,152,248
"Judge, County Court at Law No. 2",0891,317,243,560,1331,42.07%,229,293,522
"Judge, County Court at Law No. 2",0892,115,86,201,808,24.88%,77,112,189
"Judge, County Court at Law No. 2",0893,0,2,2,6,33.33%,0,2,2
"Judge, County Court at Law No. 2",0894,0,3,3,0,0.00%,2,1,3
"Judge, County Court at Law No. 2",0895,156,286,442,793,55.74%,196,201,397
"Judge, County Court at Law No. 2",0896,370,297,667,1459,45.72%,272,343,615
"Judge, County Court at Law No. 2",0897,252,297,549,1701,32.28%,323,205,528
"Judge, County Court at Law No. 2",0898,0,0,0,3,0.00%,0,0,0
"Judge, County Court at Law No. 2",0899,2,0,2,8,25.00%,0,2,2
"Judge, County Court at Law No. 2",0900,0,2,2,10,20.00%,1,1,2
"Judge, County Court at Law No. 2",0901,0,0,0,0,0.00%,0,0,0
"Judge, County Court at Law No. 2",0902,394,486,880,2139,41.14%,497,326,823
"Judge, County Court at Law No. 2",0903,3,7,10,50,20.00%,2,6,8
"Judge, County Court at Law No. 2",0904,1,0,1,7,14.29%,1,0,1
"Judge, County Court at Law No. 2",0905,123,100,223,904,24.67%,101,111,212
"Judge, County Court at Law No. 2",0906,8,6,14,25,56.00%,7,5,12
"Judge, County Court at Law No. 2",0907,12,19,31,181,17.13%,6,25,31
"Judge, County Court at Law No. 2",0908,0,1,1,0,0.00%,1,0,1
"Judge, County Court at Law No. 2",0909,2,1,3,18,16.67%,0,3,3
"Judge, County Court at Law No. 2",0910,25,24,49,217,22.58%,21,24,45
"Judge, County Court at Law No. 2",0911,118,60,178,551,32.30%,121,50,171
"Judge, County Court at Law No. 2",0912,316,201,517,1273,40.61%,341,149,490
"Judge, County Court at Law No. 2",0913,0,0,0,0,0.00%,0,0,0
"Judge, County Court at Law No. 2",0914,169,179,348,701,49.64%,282,51,333
"Judge, County Court at Law No. 2",0915,0,0,0,0,0.00%,0,0,0
"Judge, County Court at Law No. 2",0916,417,240,657,1491,44.06%,529,107,636
"Judge, County Court at Law No. 2",0917,177,62,239,483,49.48%,162,62,224
"Judge, County Court at Law No. 2",0918,304,168,472,883,53.45%,377,72,449
"Judge, County Court at Law No. 2",0919,0,0,0,3,0.00%,0,0,0
"Judge, County Court at Law No. 2",0920,22,12,34,71,47.89%,23,10,33
"Judge, County Court at Law No. 2",0921,32,15,47,119,39.50%,34,12,46
"Judge, County Court at Law No. 2",0922,0,0,0,0,0.00%,0,0,0
"Judge, County Court at Law No. 2",0923,470,137,607,1511,40.17%,460,130,590
"Judge, County Court at Law No. 2",0924,0,0,0,0,0.00%,0,0,0
"Judge, County Court at Law No. 2",0925,0,0,0,0,0.00%,0,0,0
"Judge, County Court at Law No. 2",0926,171,128,299,796,37.56%,231,57,288
"Judge, County Court at Law No. 2",0927,44,30,74,270,27.41%,31,38,69
"Judge, County Court at Law No. 2",0928,3,0,3,8,37.50%,0,3,3
"Judge, County Court at Law No. 2",0929,0,0,0,0,0.00%,0,0,0
"Judge, County Court at Law No. 2",0930,109,54,163,584,27.91%,6,153,159
"Judge, County Court at Law No. 2",0931,30,40,70,130,53.85%,38,25,63
"Judge, County Court at Law No. 2",0932,0,0,0,0,0.00%,0,0,0
"Judge, County Court at Law No. 2",0933,115,85,200,627,31.90%,61,133,194
"Judge, County Court at Law No. 2",0934,2,0,2,63,3.17%,1,1,2
"Judge, County Court at Law No. 2",0935,3,2,5,54,9.26%,1,3,4
"Judge, County Court at Law No. 2",0936,s,2,10,81,12.35%,3,6,9
"Judge, County Court at Law No. 2",0937,0,0,0,0,0.00%,0,0,0
"Judge, County Court at Law No. 2",0938,30,14,44,231,19.05%,16,27,43
"Judge, County Court at Law No. 2",0939,0,0,0,2,0.00%,0,0,0
"Judge, County Court at Law No. 2",0940,0,0,0,10,0.00%,0,0,0
"Judge, County Court at Law No. 2",0941,9,10,19,25,76.00%,19,0,19
"Judge, County Court at Law No. 2",0942,53,27,80,156,51.28%,69,9,78
"Judge, County Court at Law No. 2",0943,164,80,244,547,44.61%,169,61,230
"Judge, County Court at Law No. 2",0944,20,4,24,45,53.33%,20,0,20
"Judge, County Court at Law No. 2",0945,1,2,3,17,17.65%,1,2,3
"Judge, County Court at Law No. 2",0946,0,1,1,13,7.69%,0,1,1
"Judge, County Court at Law No. 2",0947,177,246,423,799,52.94%,233,168,401
"Judge, County Court at Law No. 2",0948,0,14,14,1,1400.00%,8,3,11
"Judge, County Court at Law No. 2",0949,34,27,61,193,31.61%,34,27,61
"Judge, County Court at Law No. 2",0950,0,0,0,1,0.00%,0,0,0
"Judge, County Court at Law No. 2",0951,33,30,63,277,22.74%,16,46,62
"Judge, County Court at Law No. 2",0952,16,15,31,71,43.66%,17,12,29
"Judge, County Court at Law No. 2",0953,18,9,27,275,9.82%,4,22,26
"Judge, County Court at Law No. 2",0954,0,0,0,1,0.00%,0,0,0
"Judge, County Court at Law No. 2",0955,3,2,5,19,26.32%,4,1,5
"Judge, County Court at Law No. 2",0956,2,4,6,11,54.55%,3,3,6
"Judge, County Court at Law No. 2",0957,97,95,192,562,34.16%,24,166,190
"Judge, County Court at Law No. 2",0958,81,129,210,1081,19.43%,55,149,204
"Judge, County Court at Law No. 2",0959,0,0,0,0,0.00%,0,0,0
"Judge, County Court at Law No. 2",0960,196,157,353,976,36.17%,75,266,341
"Judge, County Court at Law No. 2",0961,15,0,16,56,28.57%,0,16,16
"Judge, County Court at Law No. 2",0962,10,17,27,88,30.68%,4,23,27
"Judge, County Court at Law No. 2",0963,54,41,105,426,24.65%,57,43,100
"Judge, County Court at Law No. 2",0964,568,437,1005,2372,42.37%,632,339,971
"Judge, County Court at Law No. 2",0965,31,21,52,343,15.16%,27,24,51
"Judge, County Court at Law No. 2",0966,129,83,212,1148,18.47%,81,126,207
"Judge, County Court at Law No. 2",0967,15,48,63,165,38.18%,19,43,62
"Judge, County Court at Law No. 2",0968,119,30,149,692,21.53%,32,115,147
"Judge, County Court at Law No. 2",0969,156,73,229,604,37.91%,3,223,226
"Judge, County Court at Law No. 2",0970,83,36,119,731,16.28%,18,99,117
"Judge, County Court at Law No. 2",0971,11,8,19,147,12.93%,2,15,17
"Judge, County Court at Law No. 2",09726,8,14,31,45.16%,13,0,13
"Judge, County Court at Law No. 2",0973,24,19,43,111,38.74%,20,19,39
"Judge, County Court at Law No. 2",0974,57,36,93,299,31.10%,59,31,90
"Judge, County Court at Law No. 2",0975,55,30,85,193,44.04%,39,39,78
"Judge, County Court at Law No. 2",0976,58,62,130,683,19.03%,84,44,128
"Judge, County Court at Law No. 2",0977,50,43,93,572,16.26%,40,52,92
"Judge, County Court at Law No. 2",0978,77,79,156,546,28.57%,31,123,154
"Judge, County Court at Law No. 2",0979,2,6,8,27,29.63%,4,3,7
"Judge, County Court at Law No. 2",0980,280,321,601,1389,43.27%,457,114,571
"Judge, County Court at Law No. 2",0981,0,0,0,0,0.00%,0,0,0
"Judge, County Court at Law No. 2",0982,312,312,624,1567,39.82%,514,85,599
"Judge, County Court at Law No. 2",0983,11,21,32,161,19.88%,19,12,31
"Judge, County Court at Law No. 2",0984,18,9,27,192,14.06%,4,22,26
"Judge, County Court at Law No. 2",0985,117,63,180,351,51.28%,97,73,170
"Judge, County Court at Law No. 2",0986,43,30,73,463,15.77%,11,61,72
"Judge, County Court at Law No. 2",0987,231,90,321,1155,27.79%,33,283,316
"Judge, County Court at Law No. 2",0988,24,12,36,123,29.27%,33,3,36
"Judge, County Court at Law No. 2",09896,6,12,43,27.91%,9,3,12
"Judge, County Court at Law No. 2",0990,16,1,17,140,12.14%,9,7,16
"Judge, County Court at Law No. 2",0991,0,0,0,1,0.00%,0,0,0
"Judge, County Court at Law No. 2",0992,157,107,264,1048,25.19%,151,100,251
"Judge, County Court at Law No. 2",0993,169,101,270,568,47.54%,223,39,262
"Judge, County Court at Law No. 2",0994,5,5,11,25,44.00%,2,9,11
"Judge, County Court at Law No. 2",0995,295,156,451,1393,32.38%,31,410,441
"Judge, County Court at Law No. 2",0996,135,140,275,694,39.63%,156,96,252
"Judge, County Court at Law No. 2",0997,101,163,264,1656,15.94%,62,197,259
"Judge, County Court at Law No. 2",0998,5,1,6,57,10.53%,3,3,6
"Judge, County Court at Law No. 2",0999,17,10,27,68,39.71%,23,3,26
"Judge, County Court at Law No. 2",1000,42,6,48,405,11.85%,13,34,47
"Judge, County Court at Law No. 2",1001,228,136,364,1565,23.26%,100,248,348
"Judge, County Court at Law No. 2",1002,170,139,309,1744,17.72%,62,230,292
"Judge, County Court at Law No. 2",1003,1,0,1,0,0.00%,1,0,1
"Judge, County Court at Law No. 2",1004,111,139,250,654,38.23%,125,101,226
"Judge, County Court at Law No. 2",1005,0,8,8,0,0.00%,3,3,6
"Judge, County Court at Law No. 2",1006,1,0,1,5,20.00%,1,0,1
"Judge, County Court at Law No. 2",1007,208,188,396,1547,25.60%,103,277,380
"Judge, County Court at Law No. 2",1008,32,12,44,151,29.14%,33,8,41
"Judge, County Court at Law No. 2",1009,0,0,0,9,0.00%,0,0,0
"Judge, County Court at Law No. 2",1010,59,35,94,459,20.48%,19,73,92
"Judge, County Court at Law No. 2",1011,8,1,9,26,34.62%,4,4,8
"Judge, County Court at Law No. 2",1012,134,201,335,1365,24.54%,105,221,326
"Judge, County Court at Law No. 2",1013,0,6,6,58,10.34%,3,3,6
"Judge, County Court at Law No. 2",1014,4,6,10,31,32.26%,1,9,10
"Judge, County Court at Law No. 2",1015,5,4,9,25,36.00%,3,5,8
"Judge, County Court at Law No. 2",1016,252,212,464,1691,27.44%,239,211,450
"Judge, County Court at Law No. 2",1017,61,44,105,330,31.82%,32,71,103
"Judge, County Court at Law No. 2",1018,93,64,157,494,31.78%,74,79,153
"Judge, County Court at Law No. 2",1019,130,107,237,1456,16.28%,11,222,233
"Judge, County Court at Law No. 2",1020,0,0,0,1,0.00%,0,0,0
"Judge, County Court at Law No. 2",1021,0,0,0,2,0.00%,0,0,0
"Judge, County Court at Law No. 2",1022,97,79,176,441,39.91%,133,32,165
"Judge, County Court at Law No. 2",1023,430,315,745,2026,36.77%,533,184,717
"Judge, County Court at Law No. 2",1024,55,61,116,249,46.59%,68,40,108
"Judge, County Court at Law No. 2",1025,0,1,1,14,7.14%,1,0,1
"Judge, County Court at Law No. 2",1026,0,0,0,0,0.00%,0,0,0
"Judge, County Court at Law No. 2",1027,1,0,1,8,12.50%,1,0,1
"Judge, County Court at Law No. 2",1028,0,0,0,0,0.00%,0,0,0
"Judge, County Court at Law No. 2",1029,537,719,1256,2927,42.91%,1007,197,1204
"Judge, County Court at Law No. 2",1030,231,151,382,785,48.66%,337,39,376
"Judge, County Court at Law No. 2",1031,59,71,130,792,16.41%,36,87,123
"Judge, County Court at Law No. 2",1032,31,25,56,244,22.95%,35,17,52
"Judge, County Court at Law No. 2",1033,0,0,0,0,0.00%,0,0,0
"Judge, County Court at Law No. 2",1034,0,0,0,0,0.00%,0,0,0
"Judge, County Court at Law No. 2",1035,2,4,6,138,4.35%,1,4,5
"Judge, County Court at Law No. 2",1036,65,24,89,449,19.82%,74,13,87
"Judge, County Court at Law No. 2",1037,19,11,30,76,39.47%,18,10,28
"Judge, County Court at Law No. 2",1038,62,6,68,327,20.80%,9,54,63
"Judge, County Court at Law No. 2",1039,2,0,2,25,8.00%,0,2,2
"Judge, County Court at Law No. 2",1040,91,66,157,771,20.36%,76,76,152
"Judge, County Court at Law No. 2",1041,0,2,2,0,0.00%,1,1,2
"Judge, County Court at Law No. 2",1042,105,67,172,521,33.01%,52,111,163
"Judge, County Court at Law No. 2",1043,5,6,12,33,36.36%,4,8,12
"Judge, County Court at Law No. 2",1044,16,6,22,55,40.00%,7,14,21
"Judge, County Court at Law No. 2",1045,197,173,370,1788,20.69%,55,301,356
"Judge, County Court at Law No. 2",1046,11,5,16,62,25.81%,1,15,16
"Judge, County Court at Law No. 2",1047,255,186,441,1568,28.13%,163,265,428
"Judge, County Court at Law No. 2",1048,1,0,1,17,5.88%,1,0,1
"Judge, County Court at Law No. 2",1049,14,45,59,290,20.34%,22,35,57
"Judge, County Court at Law No. 2",1050,60,63,123,537,22.91%,36,83,119
"Judge, County Court at Law No. 2",1051,0,31,31,0,0.00%,18,10,28
"Judge, County Court at Law No. 2",1052,0,0,0,0,0.00%,0,0,0
"Judge, County Court at Law No. 2",1053,0,0,0,0,0.00%,0,0,0
"Judge, County Court at Law No. 2",1054,0,0,0,1,0.00%,0,0,0
"Judge, County Court at Law No. 2",1055,0,0,0,0,0.00%,0,0,0
"Judge, County Court at Law No. 2",1056,4,2,6,8,75.00%,0,6,6
"Judge, County Court at Law No. 2",1057,7,9,16,118,13.56%,3,12,15
"Judge, County Court at Law No. 2",1058,241,285,526,1243,42.32%,101,412,513
"Judge, County Court at Law No. 2",1059,3,3,6,28,21.43%,2,4,6
"Judge, County Court at Law No. 2",1060,5,2,7,42,16.67%,5,2,7
"Judge, County Court at Law No. 2",1061,332,184,516,1716,30.07%,281,216,497
"Judge, County Court at Law No. 2",1062,17,6,23,201,11.44%,5,15,20
"Judge, County Court at Law No. 2",1063,66,59,125,857,14.59%,21,100,121
"Judge, County Court at Law No. 2",1064,25,11,36,119,30.25%,29,7,36
"Judge, County Court at Law No. 2",1065,1,0,1,28,3.57%,0,1,1
"Judge, County Court at Law No. 2",1066,72,0,72,229,31.44%,3,65,68
"Judge, County Court at Law No. 2",1067,0,0,0,0,0.00%,0,0,0
"Judge, County Court at Law No. 2",1068,22,8,30,121,24.79%,13,16,29
"Judge, County Court at Law No. 2",1069,434,256,690,2580,26.74%,341,312,653
"Judge, County Court at Law No. 2",Totals:,378846,308736,687582,2044361,,366260,290419,656679
