Office,Precinct,Early Ballots Cast,Election Ballots Cast,Total Ballots Cast,Registered Voters,Percent Turnout,REP Mike Wood,DEM Josefina Rendon,Totals
"Judge, County Probate Court No. 2",0001,417,466,883,2358,37.45%,292,530,822
"Judge, County Probate Court No. 2",0002,333,313,646,1961,32.94%,268,333,601
"Judge, County Probate Court No. 2",0003,326,405,731,1560,46.86%,254,392,646
"Judge, County Probate Court No. 2",0004,369,487,856,1668,51.32%,315,463,778
"Judge, County Probate Court No. 2",0005,279,448,727,1417,51.31%,260,403,663
"Judge, County Probate Court No. 2",0006,656,456,1112,3702,30.04%,632,443,1075
"Judge, County Probate Court No. 2",0007,209,110,319,1017,31.37%,11,299,310
"Judge, County Probate Court No. 2",0008,393,310,703,1744,40.31%,363,310,673
"Judge, County Probate Court No. 2",0009,206,223,429,1874,22.89%,112,283,395
"Judge, County Probate Court No. 2",0010,255,171,426,1753,24.30%,123,277,400
"Judge, County Probate Court No. 2",0011,184,176,360,1785,20.17%,68,268,336
"Judge, County Probate Court No. 2",0012,86,66,152,735,20.68%,88,60,148
"Judge, County Probate Court No. 2",0013,548,361,909,2689,33.80%,666,197,863
"Judge, County Probate Court No. 2",0014,442,495,937,1870,50.11%,509,361,870
"Judge, County Probate Court No. 2",0015,597,898,1495,2878,51.95%,904,459,1363
"Judge, County Probate Court No. 2",0016,239,137,376,1071,35.11%,176,176,352
"Judge, County Probate Court No. 2",0017,185,215,400,1162,34.42%,172,202,374
"Judge, County Probate Court No. 2",0018,371,351,722,1443,50.03%,348,323,671
"Judge, County Probate Court No. 2",0019,170,207,377,1170,32.22%,119,234,353
"Judge, County Probate Court No. 2",0020,311,287,598,2646,22.60%,184,387,571
"Judge, County Probate Court No. 2",0021,176,184,360,1122,32.09%,76,265,341
"Judge, County Probate Court No. 2",0022,397,322,719,2473,29.07%,140,556,696
"Judge, County Probate Court No. 2",0023,31,22,53,541,9.80%,10,41,51
"Judge, County Probate Court No. 2",0024,106,88,194,655,29.62%,15,170,185
"Judge, County Probate Court No. 2",0025,104,143,247,1086,22.74%,15,226,241
"Judge, County Probate Court No. 2",0026,239,277,516,1845,27.97%,131,345,476
"Judge, County Probate Court No. 2",0027,463,427,890,3074,28.95%,230,618,848
"Judge, County Probate Court No. 2",0028,636,405,1041,3029,34.37%,682,307,989
"Judge, County Probate Court No. 2",0029,194,237,431,2638,16.34%,168,239,407
"Judge, County Probate Court No. 2",0030,368,391,759,2403,31.59%,203,520,723
"Judge, County Probate Court No. 2",0031,453,280,733,2511,29.19%,19,689,708
"Judge, County Probate Court No. 2",0032,318,405,723,2398,30.15%,285,384,669
"Judge, County Probate Court No. 2",0033,707,615,1322,3706,35.67%,441,786,1227
"Judge, County Probate Court No. 2",0034,625,579,1204,2786,43.22%,290,855,1145
"Judge, County Probate Court No. 2",0035,4,0,4,11,36.36%,1,3,4
"Judge, County Probate Court No. 2",0036,416,318,734,2927,25.08%,200,496,696
"Judge, County Probate Court No. 2",0037,542,436,978,2106,46.44%,287,617,904
"Judge, County Probate Court No. 2",0038,784,589,1373,2875,47.76%,475,801,1276
"Judge, County Probate Court No. 2",0039,657,575,1232,2759,44.65%,327,819,1146
"Judge, County Probate Court No. 2",0040,136,152,288,541,53.23%,146,117,263
"Judge, County Probate Court No. 2",0041,176,230,406,1334,30.43%,168,225,393
"Judge, County Probate Court No. 2",0042,228,109,337,1071,31.47%,6,321,327
"Judge, County Probate Court No. 2",0043,293,210,503,1695,29.68%,280,202,482
"Judge, County Probate Court No. 2",0044,204,222,426,2001,21.29%,93,306,399
"Judge, County Probate Court No. 2",0045,894,750,1644,6698,24.54%,329,1263,1592
"Judge, County Probate Court No. 2",0046,290,247,537,2511,21.39%,91,416,507
"Judge, County Probate Court No. 2",0047,213,218,431,1627,26.49%,17,400,417
"Judge, County Probate Court No. 2",0048,157,142,299,940,31.81%,27,262,289
"Judge, County Probate Court No. 2",0049,584,482,1066,3343,31.89%,775,257,1032
"Judge, County Probate Court No. 2",0050,785,771,1556,5211,29.86%,856,647,1503
"Judge, County Probate Court No. 2",0051,353,243,596,1689,35.29%,455,126,581
"Judge, County Probate Court No. 2",0052,422,447,869,2457,35.37%,414,397,811
"Judge, County Probate Court No. 2",0053,564,726,1290,2971,43.42%,532,659,1191
"Judge, County Probate Court No. 2",0054,269,364,633,1487,42.57%,323,264,587
"Judge, County Probate Court No. 2",0055,191,251,442,1506,29.35%,198,211,409
"Judge, County Probate Court No. 2",0056,282,278,560,1326,42.23%,384,144,528
"Judge, County Probate Court No. 2",0057,710,831,1541,3153,48.87%,610,800,1410
"Judge, County Probate Court No. 2",0058,469,556,1025,2690,38.10%,433,540,973
"Judge, County Probate Court No. 2",0059,555,609,1164,2544,45.75%,465,614,1079
"Judge, County Probate Court No. 2",0060,498,564,1062,2453,43.29%,265,722,987
"Judge, County Probate Court No. 2",0061,172,204,376,1773,21.21%,154,194,348
"Judge, County Probate Court No. 2",0062,145,322,467,2181,21.41%,111,333,444
"Judge, County Probate Court No. 2",0063,264,354,618,1826,33.84%,508,93,601
"Judge, County Probate Court No. 2",0064,191,221,412,2141,19.24%,80,310,390
"Judge, County Probate Court No. 2",0065,172,230,402,2167,18.55%,90,290,380
"Judge, County Probate Court No. 2",0066,69,143,212,1098,19.31%,34,165,199
"Judge, County Probate Court No. 2",0067,304,282,586,2794,20.97%,154,389,543
"Judge, County Probate Court No. 2",0068,553,352,905,2924,30.95%,24,859,883
"Judge, County Probate Court No. 2",0069,80,124,204,1284,15.89%,39,151,190
"Judge, County Probate Court No. 2",0070,882,664,1546,3337,46.33%,925,497,1422
"Judge, County Probate Court No. 2",0071,602,722,1324,4197,31.55%,654,594,1248
"Judge, County Probate Court No. 2",0072,220,293,513,1924,26.66%,157,333,490
"Judge, County Probate Court No. 2",0073,252,414,666,1555,42.83%,380,232,612
"Judge, County Probate Court No. 2",0074,1153,782,1935,3583,54.01%,1539,313,1852
"Judge, County Probate Court No. 2",0075,254,280,534,1444,36.98%,200,301,501
"Judge, County Probate Court No. 2",0076,373,374,747,2362,31.63%,445,273,718
"Judge, County Probate Court No. 2",0077,43,46,89,566,15.72%,20,66,86
"Judge, County Probate Court No. 2",0078,180,201,381,1522,25.03%,134,228,362
"Judge, County Probate Court No. 2",0079,205,306,511,2927,17.46%,114,357,471
"Judge, County Probate Court No. 2",0080,501,351,852,2725,31.27%,212,597,809
"Judge, County Probate Court No. 2",0081,183,187,370,1835,20.16%,148,198,346
"Judge, County Probate Court No. 2",0082,639,671,1310,3368,38.90%,990,281,1271
"Judge, County Probate Court No. 2",0083,1296,888,2184,6625,32.97%,1074,1032,2106
"Judge, County Probate Court No. 2",0084,208,218,426,1373,31.03%,317,91,408
"Judge, County Probate Court No. 2",0085,271,248,519,2173,23.88%,24,486,510
"Judge, County Probate Court No. 2",0086,447,568,1015,2910,34.88%,462,495,957
"Judge, County Probate Court No. 2",0087,574,787,1461,2818,51.85%,948,409,1357
"Judge, County Probate Court No. 2",0088,123,118,241,693,34.78%,156,72,228
"Judge, County Probate Court No. 2",0089,165,371,536,1094,48.99%,316,174,490
"Judge, County Probate Court No. 2",0090,844,790,1634,3700,44.16%,1206,350,1556
"Judge, County Probate Court No. 2",0091,219,222,441,1505,29.30%,269,154,423
"Judge, County Probate Court No. 2",0092,695,462,1157,2242,51.61%,776,307,1083
"Judge, County Probate Court No. 2",0093,381,301,682,3356,20.32%,274,365,639
"Judge, County Probate Court No. 2",0094,51,43,94,549,17.12%,27,64,91
"Judge, County Probate Court No. 2",0095,917,576,1493,3177,46.99%,1100,327,1427
"Judge, County Probate Court No. 2",0096,83,83,166,1296,12.81%,24,141,165
"Judge, County Probate Court No. 2",0097,1024,725,1749,4828,36.23%,1306,379,1685
"Judge, County Probate Court No. 2",0098,403,488,891,2651,33.61%,749,111,860
"Judge, County Probate Court No. 2",0099,254,184,438,2092,20.94%,211,213,424
"Judge, County Probate Court No. 2",0100,155,173,338,1730,19.54%,181,150,331
"Judge, County Probate Court No. 2",0101,72,58,130,946,13.74%,47,80,127
"Judge, County Probate Court No. 2",0102,207,121,328,1872,17.52%,90,229,319
"Judge, County Probate Court No. 2",0103,700,714,1414,5371,26.33%,806,565,1371
"Judge, County Probate Court No. 2",0104,530,231,761,1905,39.95%,20,723,743
"Judge, County Probate Court No. 2",0105,195,210,406,2165,18.75%,134,242,376
"Judge, County Probate Court No. 2",0106,15,7,25,294,8.50%,15,9,24
"Judge, County Probate Court No. 2",0107,154,197,351,2032,17.27%,57,274,331
"Judge, County Probate Court No. 2",0108,558,272,940,3365,27.93%,580,327,907
"Judge, County Probate Court No. 2",0109,529,245,774,2824,27.41%,12,746,758
"Judge, County Probate Court No. 2",0110,554,494,1148,3042,37.74%,753,357,1110
"Judge, County Probate Court No. 2",0111,815,795,1611,4102,39.27%,1188,349,1537
"Judge, County Probate Court No. 2",0112,542,485,1027,2976,34.51%,760,222,982
"Judge, County Probate Court No. 2",0113,552,429,991,2647,37.44%,611,333,944
"Judge, County Probate Court No. 2",0114,707,547,1254,3311,37.87%,1017,202,1219
"Judge, County Probate Court No. 2",0115,238,150,388,1800,21.56%,50,327,377
"Judge, County Probate Court No. 2",0116,982,776,1758,3147,55.86%,1352,301,1653
"Judge, County Probate Court No. 2",0117,215,226,441,1880,23.46%,215,200,415
"Judge, County Probate Court No. 2",0118,304,123,427,759,56.26%,360,54,414
"Judge, County Probate Court No. 2",0119,1288,1024,2312,5500,42.04%,1880,334,2214
"Judge, County Probate Court No. 2",0120,712,422,1134,3191,35.54%,747,333,1080
"Judge, County Probate Court No. 2",0121,92,178,270,848,31.84%,191,68,259
"Judge, County Probate Court No. 2",0122,352,225,577,1890,30.53%,19,537,556
"Judge, County Probate Court No. 2",0123,284,288,572,1392,41.09%,147,391,538
"Judge, County Probate Court No. 2",0124,1734,1292,3026,7254,41.71%,2413,527,2940
"Judge, County Probate Court No. 2",0125,415,332,747,2405,31.06%,464,256,720
"Judge, County Probate Court No. 2",0126,893,467,1360,3100,43.87%,1210,112,1322
"Judge, County Probate Court No. 2",0127,435,154,589,1836,32.08%,425,128,553
"Judge, County Probate Court No. 2",0128,445,707,1152,2290,50.31%,738,314,1052
"Judge, County Probate Court No. 2",0129,1030,1200,2230,5746,38.81%,1419,694,2113
"Judge, County Probate Court No. 2",0130,727,523,1250,2333,53.58%,937,241,1178
"Judge, County Probate Court No. 2",0131,251,259,510,1935,26.36%,126,358,484
"Judge, County Probate Court No. 2",0132,593,323,916,2387,38.37%,24,868,892
"Judge, County Probate Court No. 2",0133,513,858,1371,2662,51.50%,818,446,1264
"Judge, County Probate Court No. 2",0134,192,265,457,1437,31.80%,210,226,436
"Judge, County Probate Court No. 2",0135,727,579,1306,2671,48.90%,938,295,1233
"Judge, County Probate Court No. 2",0136,503,371,874,2013,43.42%,39,804,843
"Judge, County Probate Court No. 2",0137,166,141,307,716,42.88%,154,124,278
"Judge, County Probate Court No. 2",0138,296,199,495,1699,29.13%,16,465,481
"Judge, County Probate Court No. 2",0139,699,551,1250,3037,41.16%,562,609,1171
"Judge, County Probate Court No. 2",0140,699,480,1179,3214,36.68%,145,992,1137
"Judge, County Probate Court No. 2",0141,80,80,160,855,18.71%,97,55,152
"Judge, County Probate Court No. 2",0142,87,103,190,902,21.06%,63,117,180
"Judge, County Probate Court No. 2",0143,1962,580,2542,6386,39.81%,1836,638,2474
"Judge, County Probate Court No. 2",0144,216,158,374,1093,34.22%,9,355,364
"Judge, County Probate Court No. 2",0145,264,213,477,1538,31.01%,10,454,464
"Judge, County Probate Court No. 2",0146,426,519,945,2008,47.06%,426,466,892
"Judge, County Probate Court No. 2",0147,689,329,1018,3008,33.84%,130,865,995
"Judge, County Probate Court No. 2",0148,500,780,1280,2540,50.39%,514,656,1170
"Judge, County Probate Court No. 2",0149,1621,737,2358,7993,29.50%,1227,1069,2296
"Judge, County Probate Court No. 2",0150,236,169,405,1256,32.25%,14,383,397
"Judge, County Probate Court No. 2",0151,137,79,216,826,26.15%,9,200,209
"Judge, County Probate Court No. 2",0152,213,299,512,2788,18.36%,134,353,487
"Judge, County Probate Court No. 2",0153,125,206,331,1808,18.31%,106,213,319
"Judge, County Probate Court No. 2",0154,249,183,432,2190,19.73%,108,301,409
"Judge, County Probate Court No. 2",0155,1022,619,1641,4109,39.94%,1151,432,1583
"Judge, County Probate Court No. 2",0156,799,326,1125,3071,36.63%,41,1053,1094
"Judge, County Probate Court No. 2",0157,448,214,662,2236,29.61%,22,618,640
"Judge, County Probate Court No. 2",0158,600,315,915,3035,30.15%,21,867,888
"Judge, County Probate Court No. 2",0159,116,127,243,998,24.35%,37,195,232
"Judge, County Probate Court No. 2",0160,122,73,195,696,28.02%,6,185,191
"Judge, County Probate Court No. 2",0161,163,141,304,991,30.68%,4,290,294
"Judge, County Probate Court No. 2",0162,101,83,184,1265,14.55%,71,99,170
"Judge, County Probate Court No. 2",0163,230,320,550,3037,18.11%,237,286,523
"Judge, County Probate Court No. 2",0164,182,205,387,1420,27.25%,11,368,379
"Judge, County Probate Court No. 2",0165,535,483,1018,2334,43.62%,672,295,967
"Judge, County Probate Court No. 2",0166,158,233,391,1028,38.04%,122,247,369
"Judge, County Probate Court No. 2",0167,3,0,3,24,12.50%,0,3,3
"Judge, County Probate Court No. 2",0168,92,58,150,503,29.82%,2,142,144
"Judge, County Probate Court No. 2",0169,518,251,767,2513,30.52%,14,731,745
"Judge, County Probate Court No. 2",0170,271,141,412,1869,22.04%,212,178,390
"Judge, County Probate Court No. 2",0171,202,198,400,1604,24.94%,10,378,388
"Judge, County Probate Court No. 2",0172,88,80,166,621,26.73%,60,95,155
"Judge, County Probate Court No. 2",0173,817,739,1556,3599,43.23%,1257,248,1505
"Judge, County Probate Court No. 2",0174,829,733,1562,3296,47.39%,1090,385,1475
"Judge, County Probate Court No. 2",0175,557,749,1306,2618,49.89%,676,520,1196
"Judge, County Probate Court No. 2",0176,344,451,795,1602,49.63%,428,289,717
"Judge, County Probate Court No. 2",0177,278,326,604,1496,40.37%,352,215,567
"Judge, County Probate Court No. 2",0178,504,365,869,1765,49.24%,612,186,798
"Judge, County Probate Court No. 2",0179,256,188,444,1575,28.19%,238,182,420
"Judge, County Probate Court No. 2",0180,470,343,813,2834,28.69%,19,757,776
"Judge, County Probate Court No. 2",0181,175,262,437,2061,21.20%,140,275,415
"Judge, County Probate Court No. 2",0182,590,974,1564,3405,45.93%,966,455,1421
"Judge, County Probate Court No. 2",0183,519,794,1313,2491,52.71%,891,331,1222
"Judge, County Probate Court No. 2",0184,106,135,241,994,24.25%,83,135,218
"Judge, County Probate Court No. 2",0185,283,292,575,1933,29.75%,207,345,552
"Judge, County Probate Court No. 2",0186,97,106,203,798,25.44%,32,165,197
"Judge, County Probate Court No. 2",0187,21,25,46,311,14.79%,13,31,44
"Judge, County Probate Court No. 2",0188,153,146,299,1637,18.27%,138,151,289
"Judge, County Probate Court No. 2",0189,239,360,599,1465,40.89%,316,235,551
"Judge, County Probate Court No. 2",0190,120,177,297,1723,17.24%,125,158,283
"Judge, County Probate Court No. 2",0191,79,126,205,1366,15.01%,84,114,198
"Judge, County Probate Court No. 2",0192,380,225,605,1959,30.88%,25,560,585
"Judge, County Probate Court No. 2",0193,173,187,360,1074,33.52%,7,339,346
"Judge, County Probate Court No. 2",0194,350,431,781,1912,40.85%,251,485,736
"Judge, County Probate Court No. 2",0195,269,278,547,1694,32.29%,20,509,529
"Judge, County Probate Court No. 2",0196,52,32,84,316,26.58%,5,77,82
"Judge, County Probate Court No. 2",0197,543,309,852,2914,29.24%,14,819,833
"Judge, County Probate Court No. 2",0198,53,74,127,642,19.78%,3,122,125
"Judge, County Probate Court No. 2",0199,812,661,1473,3216,45.80%,1154,250,1404
"Judge, County Probate Court No. 2",0200,962,536,1498,3382,44.29%,683,702,1385
"Judge, County Probate Court No. 2",0201,98,87,185,724,25.55%,5,176,181
"Judge, County Probate Court No. 2",0202,217,189,406,1464,27.73%,19,377,396
"Judge, County Probate Court No. 2",0203,107,68,175,960,18.23%,42,124,166
"Judge, County Probate Court No. 2",0204,816,784,1600,3487,45.88%,901,580,1481
"Judge, County Probate Court No. 2",0205,464,171,635,1664,38.16%,10,614,624
"Judge, County Probate Court No. 2",0206,362,462,824,2779,29.65%,232,544,776
"Judge, County Probate Court No. 2",0207,265,261,526,1188,44.28%,167,332,499
"Judge, County Probate Court No. 2",0208,322,262,584,2195,26.61%,174,381,555
"Judge, County Probate Court No. 2",0209,0,2,2,0,0.00%,2,0,2
"Judge, County Probate Court No. 2",0210,502,467,969,2533,38.26%,106,829,935
"Judge, County Probate Court No. 2",0211,307,386,693,2914,23.78%,256,398,654
"Judge, County Probate Court No. 2",0212,96,155,251,1300,19.31%,52,191,243
"Judge, County Probate Court No. 2",0213,826,913,1739,3350,51.91%,1408,226,1634
"Judge, County Probate Court No. 2",0214,404,491,895,1854,48.27%,587,246,833
"Judge, County Probate Court No. 2",0215,421,711,1132,2258,50.13%,694,353,1047
"Judge, County Probate Court No. 2",0216,362,223,585,1945,30.08%,40,531,571
"Judge, County Probate Court No. 2",0217,844,631,1475,2678,55.08%,999,370,1369
"Judge, County Probate Court No. 2",0218,391,402,793,2292,34.60%,241,498,739
"Judge, County Probate Court No. 2",0219,496,436,932,2767,33.68%,46,846,892
"Judge, County Probate Court No. 2",0220,325,187,512,2310,22.16%,372,123,495
"Judge, County Probate Court No. 2",0221,332,369,701,2529,27.72%,296,372,668
"Judge, County Probate Court No. 2",0222,623,674,1297,2501,51.86%,648,548,1196
"Judge, County Probate Court No. 2",0223,563,377,940,3582,26.24%,258,625,883
"Judge, County Probate Court No. 2",0224,530,456,986,2238,44.06%,469,442,911
"Judge, County Probate Court No. 2",0225,376,405,781,3305,23.63%,396,354,750
"Judge, County Probate Court No. 2",0226,227,307,534,2436,21.92%,120,387,507
"Judge, County Probate Court No. 2",0227,558,423,981,1785,54.96%,758,147,905
"Judge, County Probate Court No. 2",0228,362,195,557,1050,53.05%,29,509,538
"Judge, County Probate Court No. 2",0229,31,96,127,815,15.58%,57,65,122
"Judge, County Probate Court No. 2",0230,185,116,301,1089,27.64%,7,283,290
"Judge, County Probate Court No. 2",0231,233,264,497,2232,22.27%,122,347,469
"Judge, County Probate Court No. 2",0232,351,474,835,1760,47.44%,485,295,780
"Judge, County Probate Court No. 2",0233,890,801,1691,4445,38.04%,830,723,1553
"Judge, County Probate Court No. 2",0234,1192,913,2105,3993,52.72%,1636,334,1970
"Judge, County Probate Court No. 2",0235,240,158,398,1356,29.35%,13,373,386
"Judge, County Probate Court No. 2",0236,354,235,589,2079,28.33%,13,561,574
"Judge, County Probate Court No. 2",0237,415,253,669,2161,30.96%,12,641,653
"Judge, County Probate Court No. 2",0238,339,245,584,1925,30.34%,13,554,567
"Judge, County Probate Court No. 2",0239,383,236,619,1964,31.52%,25,582,607
"Judge, County Probate Court No. 2",0240,585,243,828,2649,31.26%,18,786,804
"Judge, County Probate Court No. 2",0241,222,229,451,2372,19.01%,185,244,429
"Judge, County Probate Court No. 2",0242,173,162,335,1596,20.99%,194,123,317
"Judge, County Probate Court No. 2",0243,138,43,181,457,39.61%,2,178,180
"Judge, County Probate Court No. 2",0244,480,425,905,3117,29.03%,508,353,861
"Judge, County Probate Court No. 2",0245,945,799,1745,5828,29.94%,1229,474,1703
"Judge, County Probate Court No. 2",0246,584,513,1197,3315,36.11%,858,297,1155
"Judge, County Probate Court No. 2",0247,173,254,427,1582,26.99%,13,407,420
"Judge, County Probate Court No. 2",0248,161,167,328,2100,15.62%,95,219,314
"Judge, County Probate Court No. 2",0249,461,348,809,2719,29.75%,573,215,788
"Judge, County Probate Court No. 2",0250,109,164,273,964,28.32%,9,258,267
"Judge, County Probate Court No. 2",0251,278,436,714,2089,34.18%,26,674,700
"Judge, County Probate Court No. 2",0252,504,312,816,2377,34.33%,16,783,799
"Judge, County Probate Court No. 2",0253,379,222,601,2177,27.61%,11,573,584
"Judge, County Probate Court No. 2",0254,93,112,205,1550,13.23%,63,131,194
"Judge, County Probate Court No. 2",0255,525,648,1173,2482,47.26%,561,525,1086
"Judge, County Probate Court No. 2",0256,575,449,1024,3254,31.47%,489,472,961
"Judge, County Probate Court No. 2",0257,204,245,449,2523,17.80%,131,299,430
"Judge, County Probate Court No. 2",0258,839,800,1539,3322,49.34%,1223,310,1533
"Judge, County Probate Court No. 2",0259,555,382,1038,2361,43.96%,28,981,1009
"Judge, County Probate Court No. 2",0260,152,145,307,1260,24.37%,175,111,286
"Judge, County Probate Court No. 2",0261,124,120,244,1417,17.22%,102,132,234
"Judge, County Probate Court No. 2",0262,758,600,1358,4397,30.88%,854,422,1276
"Judge, County Probate Court No. 2",0263,858,712,1570,3693,42.51%,1208,299,1507
"Judge, County Probate Court No. 2",0264,480,457,937,2963,31.62%,578,299,877
"Judge, County Probate Court No. 2",0265,988,759,1747,3584,48.74%,1339,290,1629
"Judge, County Probate Court No. 2",0266,259,257,516,2104,24.52%,261,226,487
"Judge, County Probate Court No. 2",0267,146,166,312,1327,23.51%,159,131,290
"Judge, County Probate Court No. 2",0268,435,717,1152,2493,46.21%,673,356,1029
"Judge, County Probate Court No. 2",0269,702,453,1155,2030,56.90%,933,162,1095
"Judge, County Probate Court No. 2",0270,817,672,1489,3605,41.30%,827,572,1399
"Judge, County Probate Court No. 2",0271,656,382,1038,2518,41.22%,25,995,1020
"Judge, County Probate Court No. 2",0272,264,292,555,2162,25.72%,219,311,530
"Judge, County Probate Court No. 2",0273,548,689,1237,2470,50.08%,1008,172,1180
"Judge, County Probate Court No. 2",0274,588,346,934,2153,43.38%,646,224,870
"Judge, County Probate Court No. 2",0275,207,236,443,1850,23.95%,107,319,426
"Judge, County Probate Court No. 2",0276,572,231,803,2536,31.66%,12,773,785
"Judge, County Probate Court No. 2",0277,170,186,356,1492,23.86%,165,174,339
"Judge, County Probate Court No. 2",0278,421,320,741,2454,30.20%,416,297,713
"Judge, County Probate Court No. 2",0279,250,223,473,1941,24.37%,276,176,452
"Judge, County Probate Court No. 2",0280,130,188,318,1524,20.87%,135,164,299
"Judge, County Probate Court No. 2",0281,655,742,1397,2633,53.06%,706,553,1259
"Judge, County Probate Court No. 2",0282,314,455,769,2042,37.66%,501,222,723
"Judge, County Probate Court No. 2",0283,0,0,0,0,0.00%,0,0,0
"Judge, County Probate Court No. 2",0284,574,335,910,3172,28.69%,436,431,867
"Judge, County Probate Court No. 2",0285,448,378,826,2540,32.52%,73,725,798
"Judge, County Probate Court No. 2",0286,1255,821,2076,6170,33.65%,194,1806,2000
"Judge, County Probate Court No. 2",0287,370,477,847,1621,52.25%,421,371,792
"Judge, County Probate Court No. 2",0288,532,313,845,2210,38.24%,18,812,830
"Judge, County Probate Court No. 2",0289,186,212,398,1564,25.45%,194,183,377
"Judge, County Probate Court No. 2",0290,245,298,543,1642,33.07%,412,113,525
"Judge, County Probate Court No. 2",0291,325,235,560,1225,45.71%,289,234,523
"Judge, County Probate Court No. 2",0292,207,147,354,1356,26.11%,39,308,347
"Judge, County Probate Court No. 2",0293,356,447,803,1759,45.65%,383,366,749
"Judge, County Probate Court No. 2",0294,488,221,709,2097,33.81%,9,684,693
"Judge, County Probate Court No. 2",0295,148,103,251,885,28.36%,7,238,245
"Judge, County Probate Court No. 2",0296,327,340,667,1713,38.94%,385,227,612
"Judge, County Probate Court No. 2",0297,280,249,529,2012,26.29%,233,260,493
"Judge, County Probate Court No. 2",0298,415,358,773,2121,36.45%,456,265,721
"Judge, County Probate Court No. 2",0299,178,117,295,1353,21.80%,116,159,275
"Judge, County Probate Court No. 2",0300,1,1389,1015,2405,5406,44.49%,1922,383,2305
"Judge, County Probate Court No. 2",0301,210,255,465,2352,19.77%,191,250,441
"Judge, County Probate Court No. 2",0302,353,343,696,2720,25.59%,413,258,671
"Judge, County Probate Court No. 2",0303,922,784,1706,3245,52.57%,1375,245,1620
"Judge, County Probate Court No. 2",0304,606,505,1111,2298,48.35%,634,390,1024
"Judge, County Probate Court No. 2",0305,524,432,956,4191,22.81%,410,519,929
"Judge, County Probate Court No. 2",0306,549,342,991,1879,52.74%,726,202,928
"Judge, County Probate Court No. 2",0307,733,670,1403,3099,45.27%,969,342,1311
"Judge, County Probate Court No. 2",0308,199,130,329,1296,25.39%,106,209,315
"Judge, County Probate Court No. 2",0309,708,593,1301,2524,51.55%,1048,176,1224
"Judge, County Probate Court No. 2",0310,386,279,665,1435,46.34%,456,164,620
"Judge, County Probate Court No. 2",0311,486,421,907,2986,30.38%,502,342,844
"Judge, County Probate Court No. 2",0312,742,457,1199,3636,32.98%,790,354,1144
"Judge, County Probate Court No. 2",0313,9,0,9,62,14.52%,7,1,8
"Judge, County Probate Court No. 2",0314,1121,913,2034,5647,36.02%,1288,679,1967
"Judge, County Probate Court No. 2",0315,478,388,866,1608,53.86%,515,288,803
"Judge, County Probate Court No. 2",0316,412,341,753,1537,48.99%,431,267,698
"Judge, County Probate Court No. 2",0317,248,209,457,1588,28.78%,150,283,433
"Judge, County Probate Court No. 2",0318,834,568,1402,3660,38.31%,71,1285,1356
"Judge, County Probate Court No. 2",0319,512,230,742,2158,34.38%,46,670,716
"Judge, County Probate Court No. 2",0320,234,168,402,1537,26.15%,206,180,386
"Judge, County Probate Court No. 2",0321,262,191,453,2346,19.31%,170,259,429
"Judge, County Probate Court No. 2",0322,181,129,310,1226,25.29%,104,195,299
"Judge, County Probate Court No. 2",0323,278,211,489,1722,28.40%,237,223,460
"Judge, County Probate Court No. 2",0324,532,646,1178,2336,50.43%,725,358,1083
"Judge, County Probate Court No. 2",0325,289,193,482,2112,22.82%,111,347,458
"Judge, County Probate Court No. 2",0326,87,74,161,698,23.07%,77,75,152
"Judge, County Probate Court No. 2",0327,380,129,509,1729,29.44%,11,478,489
"Judge, County Probate Court No. 2",0328,151,140,291,1434,20.29%,126,154,280
"Judge, County Probate Court No. 2",0329,189,184,373,1397,26.70%,144,212,356
"Judge, County Probate Court No. 2",0330,334,253,587,1936,30.32%,338,221,559
"Judge, County Probate Court No. 2",0331,0,0,0,0,0.00%,0,0,0
"Judge, County Probate Court No. 2",0332,18,7,25,138,18.12%,12,9,21
"Judge, County Probate Court No. 2",0333,524,714,1238,3021,40.98%,868,302,1170
"Judge, County Probate Court No. 2",0334,83,42,125,742,16.85%,22,98,120
"Judge, County Probate Court No. 2",0335,121,98,219,1300,16.85%,86,118,204
"Judge, County Probate Court No. 2",0336,866,624,1490,4051,36.78%,133,1324,1457
"Judge, County Probate Court No. 2",0337,124,103,227,1029,22.06%,41,175,216
"Judge, County Probate Court No. 2",0338,730,391,1121,4934,22.72%,388,661,1049
"Judge, County Probate Court No. 2",0339,202,222,424,1757,24.13%,88,309,397
"Judge, County Probate Court No. 2",0340,1038,594,1632,3765,43.35%,1230,324,1554
"Judge, County Probate Court No. 2",0341,91,167,258,1290,20.00%,79,172,251
"Judge, County Probate Court No. 2",0342,675,605,1280,6526,19.61%,206,1039,1245
"Judge, County Probate Court No. 2",0343,189,271,460,1964,23.42%,127,308,435
"Judge, County Probate Court No. 2",0344,154,172,326,1160,28.10%,15,295,310
"Judge, County Probate Court No. 2",0345,156,165,321,1804,17.79%,97,207,304
"Judge, County Probate Court No. 2",0346,0,1,1,3,33.33%,1,0,1
"Judge, County Probate Court No. 2",0347,592,436,1028,3387,30.35%,705,287,992
"Judge, County Probate Court No. 2",0348,438,208,646,1708,37.82%,502,115,617
"Judge, County Probate Court No. 2",0349,188,267,455,1349,33.73%,284,145,429
"Judge, County Probate Court No. 2",0350,524,526,1050,2909,36.09%,430,532,962
"Judge, County Probate Court No. 2",0351,1491,710,2201,4712,46.71%,1750,369,2119
"Judge, County Probate Court No. 2",0352,520,339,859,3205,26.80%,635,192,827
"Judge, County Probate Court No. 2",0353,665,451,1116,3862,28.90%,205,878,1083
"Judge, County Probate Court No. 2",0354,715,338,1053,3388,31.08%,261,762,1023
"Judge, County Probate Court No. 2",0355,301,264,565,1560,36.22%,50,499,549
"Judge, County Probate Court No. 2",0356,594,538,1132,2972,38.09%,753,327,1080
"Judge, County Probate Court No. 2",0357,837,575,1412,3517,40.15%,1041,320,1361
"Judge, County Probate Court No. 2",0358,212,254,466,2492,18.70%,53,399,452
"Judge, County Probate Court No. 2",0359,234,224,458,3061,14.96%,61,386,447
"Judge, County Probate Court No. 2",0360,522,380,902,2146,42.03%,484,338,822
"Judge, County Probate Court No. 2",0361,41,295,336,1673,20.08%,48,244,292
"Judge, County Probate Court No. 2",0362,1138,887,2025,5086,39.82%,1489,427,1916
"Judge, County Probate Court No. 2",0363,620,412,1032,3677,28.07%,468,533,1001
"Judge, County Probate Court No. 2",0364,488,405,893,2658,33.60%,51,7,331,848
"Judge, County Probate Court No. 2",0365,478,231,709,1305,54.33%,58,634,692
"Judge, County Probate Court No. 2",0366,252,270,522,2454,21.27%,131,378,509
"Judge, County Probate Court No. 2",0367,170,138,308,1130,27.26%,67,233,300
"Judge, County Probate Court No. 2",0368,178,88,266,958,27.77%,70,184,254
"Judge, County Probate Court No. 2",0369,32,29,61,559,10.91%,16,43,59
"Judge, County Probate Court No. 2",0370,1532,1105,2637,6593,40.00%,1989,550,2539
"Judge, County Probate Court No. 2",0371,122,52,174,502,34.66%,6,161,167
"Judge, County Probate Court No. 2",0372,221,170,391,1224,31.94%,49,323,372
"Judge, County Probate Court No. 2",0373,21,12,33,157,21.02%,1,30,31
"Judge, County Probate Court No. 2",0374,65,93,158,738,21.41%,51,100,151
"Judge, County Probate Court No. 2",0375,254,220,474,2645,17.92%,235,204,439
"Judge, County Probate Court No. 2",0376,278,205,483,1910,25.29%,216,245,461
"Judge, County Probate Court No. 2",0377,525,583,1109,2920,37.98%,815,233,1048
"Judge, County Probate Court No. 2",0378,232,354,586,1829,32.04%,372,187,559
"Judge, County Probate Court No. 2",0379,431,289,720,2027,35.52%,72,628,700
"Judge, County Probate Court No. 2",0380,1299,995,2294,5666,40.49%,1260,957,2217
"Judge, County Probate Court No. 2",0381,412,248,660,2855,23.12%,314,317,631
"Judge, County Probate Court No. 2",0382,132,157,289,922,31.34%,216,64,280
"Judge, County Probate Court No. 2",0383,289,263,552,2173,25.40%,229,300,529
"Judge, County Probate Court No. 2",0384,573,373,946,2657,35.60%,194,711,905
"Judge, County Probate Court No. 2",0385,583,670,1253,2207,56.77%,990,191,1181
"Judge, County Probate Court No. 2",0386,662,469,1131,2922,38.71%,832,251,1083
"Judge, County Probate Court No. 2",0387,555,672,1227,3935,31.18%,901,288,1189
"Judge, County Probate Court No. 2",0388,1430,1010,2440,6888,35.42%,1408,955,2363
"Judge, County Probate Court No. 2",0389,91,208,299,1026,29.14%,41,234,275
"Judge, County Probate Court No. 2",0390,356,263,619,1480,41.82%,80,514,594
"Judge, County Probate Court No. 2",0391,508,260,768,1883,40.79%,493,237,730
"Judge, County Probate Court No. 2",0392,387,155,542,1446,37.48%,10,522,532
"Judge, County Probate Court No. 2",0393,165,185,350,1292,27.09%,171,168,339
"Judge, County Probate Court No. 2",0394,69,73,142,834,17.03%,75,60,135
"Judge, County Probate Court No. 2",0395,469,404,873,1846,47.29%,636,189,825
"Judge, County Probate Court No. 2",0396,622,216,838,2082,40.25%,19,801,820
"Judge, County Probate Court No. 2",0397,86,78,164,760,21.58%,78,79,157
"Judge, County Probate Court No. 2",0398,615,521,1136,4022,28.24%,614,489,1103
"Judge, County Probate Court No. 2",0399,402,366,768,2791,27.52%,428,314,742
"Judge, County Probate Court No. 2",0400,620,359,979,2411,40.61%,726,205,931
"Judge, County Probate Court No. 2",0401,330,205,535,1913,27.97%,22,500,522
"Judge, County Probate Court No. 2",0402,466,266,732,1794,40.80%,40,671,711
"Judge, County Probate Court No. 2",0403,475,498,973,1715,56.73%,544,336,880
"Judge, County Probate Court No. 2",0404,419,330,749,2585,28.97%,447,274,721
"Judge, County Probate Court No. 2",0405,0,0,0,0,0.00%,0,0,0
"Judge, County Probate Court No. 2",0406,137,67,204,628,32.48%,4,194,198
"Judge, County Probate Court No. 2",0407,688,793,1481,3769,39.29%,1004,393,1397
"Judge, County Probate Court No. 2",0408,146,153,299,1691,17.68%,143,139,282
"Judge, County Probate Court No. 2",0409,122,149,271,1459,18.57%,112,150,262
"Judge, County Probate Court No. 2",0410,132,80,212,899,23.58%,46,154,200
"Judge, County Probate Court No. 2",0411,235,200,435,2339,18.60%,156,257,413
"Judge, County Probate Court No. 2",0412,74,44,118,468,25.21%,7,104,111
"Judge, County Probate Court No. 2",0413,767,386,1153,2992,38.54%,464,640,1104
"Judge, County Probate Court No. 2",0414,654,480,1134,3453,32.84%,887,199,1086
"Judge, County Probate Court No. 2",0415,539,598,1137,2203,51.61%,778,308,1086
"Judge, County Probate Court No. 2",0416,538,558,1096,3791,28.91%,626,429,1055
"Judge, County Probate Court No. 2",0417,353,385,738,2448,30.15%,373,331,704
"Judge, County Probate Court No. 2",0418,403,469,872,3584,24.33%,361,471,832
"Judge, County Probate Court No. 2",0419,571,324,895,2658,33.67%,604,254,858
"Judge, County Probate Court No. 2",0420,1036,874,1910,4762,40.11%,1579,248,1827
"Judge, County Probate Court No. 2",0421,36,37,73,410,17.80%,27,40,67
"Judge, County Probate Court No. 2",0422,731,402,1133,3345,33.87%,33,1079,1112
"Judge, County Probate Court No. 2",0423,108,120,228,1376,16.57%,75,142,217
"Judge, County Probate Court No. 2",0424,240,111,351,967,36.30%,217,116,333
"Judge, County Probate Court No. 2",0425,107,123,230,883,26.05%,86,134,220
"Judge, County Probate Court No. 2",0426,260,183,443,1218,36.37%,269,150,419
"Judge, County Probate Court No. 2",0427,179,134,313,1092,28.66%,139,154,293
"Judge, County Probate Court No. 2",0428,619,421,1040,4538,22.92%,333,625,958
"Judge, County Probate Court No. 2",0429,445,314,759,3197,23.74%,216,502,718
"Judge, County Probate Court No. 2",0430,161,133,294,1657,17.74%,95,187,282
"Judge, County Probate Court No. 2",0431,327,84,411,3417,12.03%,157,232,389
"Judge, County Probate Court No. 2",0432,123,157,280,1455,19.24%,102,169,271
"Judge, County Probate Court No. 2",0433,50,63,113,581,19.45%,29,79,108
"Judge, County Probate Court No. 2",0434,370,289,659,1503,43.85%,418,201,619
"Judge, County Probate Court No. 2",0435,855,636,1491,3252,45.85%,982,424,1406
"Judge, County Probate Court No. 2",0436,629,531,1160,2933,39.55%,745,343,1088
"Judge, County Probate Court No. 2",0437,521,512,1033,2033,50.81%,733,234,967
"Judge, County Probate Court No. 2",0438,517,389,1006,1861,54.06%,771,165,936
"Judge, County Probate Court No. 2",0439,710,884,1594,3554,44.85%,1172,324,1496
"Judge, County Probate Court No. 2",0440,664,858,1522,2930,51.95%,1230,207,1437
"Judge, County Probate Court No. 2",0441,345,420,765,1669,45.84%,593,131,724
"Judge, County Probate Court No. 2",0442,612,574,1186,2575,46.06%,985,153,1138
"Judge, County Probate Court No. 2",0443,226,138,364,646,56.35%,273,67,340
"Judge, County Probate Court No. 2",0444,587,583,1270,3262,38.93%,823,379,1202
"Judge, County Probate Court No. 2",0445,499,348,847,2026,41.81%,590,217,807
"Judge, County Probate Court No. 2",0446,31,22,53,291,18.21%,25,24,49
"Judge, County Probate Court No. 2",0447,93,86,179,637,28.10%,56,111,167
"Judge, County Probate Court No. 2",0448,590,778,1368,3138,43.59%,765,509,1274
"Judge, County Probate Court No. 2",0449,12,23,35,198,17.68%,4,31,35
"Judge, County Probate Court No. 2",0450,435,328,763,2635,28.96%,237,493,730
"Judge, County Probate Court No. 2",0451,1002,510,1512,2687,56.27%,1246,186,1432
"Judge, County Probate Court No. 2",0452,554,444,998,3048,32.74%,741,225,966
"Judge, County Probate Court No. 2",0453,231,262,493,1937,25.45%,199,273,472
"Judge, County Probate Court No. 2",0454,594,248,842,2561,32.88%,12,814,826
"Judge, County Probate Court No. 2",0455,367,165,532,1689,31.50%,21,504,525
"Judge, County Probate Court No. 2",0456,482,362,844,3513,24.03%,495,321,816
"Judge, County Probate Court No. 2",0457,0,0,0,0,0.00%,0,0,0
"Judge, County Probate Court No. 2",0458,471,237,708,1924,36.80%,36,650,686
"Judge, County Probate Court No. 2",0459,951,474,1425,3021,47.17%,1131,239,1370
"Judge, County Probate Court No. 2",0460,554,331,885,2837,31.19%,225,636,861
"Judge, County Probate Court No. 2",0461,1155,735,1900,3871,49.08%,1329,440,1769
"Judge, County Probate Court No. 2",0462,674,619,1293,3384,38.21%,485,736,1221
"Judge, County Probate Court No. 2",0463,480,404,884,3326,26.58%,411,443,854
"Judge, County Probate Court No. 2",0464,356,430,786,2257,34.82%,573,185,758
"Judge, County Probate Court No. 2",0465,687,520,1207,3564,33.87%,692,475,1167
"Judge, County Probate Court No. 2",0466,1058,614,1672,4184,39.96%,988,624,1612
"Judge, County Probate Court No. 2",0467,213,189,402,1270,31.65%,99,295,394
"Judge, County Probate Court No. 2",0468,352,443,795,3598,22.10%,246,513,759
"Judge, County Probate Court No. 2",0469,1294,547,1841,3985,46.20%,1472,282,1754
"Judge, County Probate Court No. 2",0470,185,176,361,1326,27.22%,273,70,343
"Judge, County Probate Court No. 2",0471,375,380,755,2387,31.63%,609,123,732
"Judge, County Probate Court No. 2",0472,198,278,476,1081,44.03%,202,232,434
"Judge, County Probate Court No. 2",0473,599,391,990,1806,54.82%,700,237,937
"Judge, County Probate Court No. 2",0474,559,588,1147,3037,37.77%,798,305,1103
"Judge, County Probate Court No. 2",0475,189,267,456,1809,25.21%,218,219,437
"Judge, County Probate Court No. 2",0476,404,473,877,2430,36.09%,500,342,842
"Judge, County Probate Court No. 2",0477,737,567,1304,3505,37.20%,998,253,1251
"Judge, County Probate Court No. 2",0478,958,657,1615,4461,36.20%,1096,440,1536
"Judge, County Probate Court No. 2",0479,638,612,1250,2714,46.06%,937,265,1202
"Judge, County Probate Court No. 2",0480,493,450,943,2415,39.05%,682,219,901
"Judge, County Probate Court No. 2",0481,770,623,1393,3482,40.01%,1067,266,1333
"Judge, County Probate Court No. 2",0482,878,630,1508,4373,34.48%,1095,360,1455
"Judge, County Probate Court No. 2",0483,1042,478,1520,4308,35.28%,899,555,1454
"Judge, County Probate Court No. 2",0484,1107,930,2037,4979,40.91%,1490,477,1967
"Judge, County Probate Court No. 2",0485,1095,911,2006,5388,37.23%,1572,372,1944
"Judge, County Probate Court No. 2",0486,873,855,1728,3866,44.70%,1370,282,1652
"Judge, County Probate Court No. 2",0487,570,294,864,3860,22.38%,314,477,791
"Judge, County Probate Court No. 2",0488,268,254,522,1719,30.37%,197,281,478
"Judge, County Probate Court No. 2",0489,350,290,640,1893,33.81%,213,394,607
"Judge, County Probate Court No. 2",0490,444,368,812,1975,41.11%,311,470,781
"Judge, County Probate Court No. 2",0491,314,372,686,1888,36.33%,415,233,648
"Judge, County Probate Court No. 2",0492,556,410,966,2335,41.37%,604,318,922
"Judge, County Probate Court No. 2",0493,479,322,801,1853,43.23%,544,208,752
"Judge, County Probate Court No. 2",0494,381,247,628,2467,25.46%,82,529,611
"Judge, County Probate Court No. 2",0495,522,523,1045,2375,44.00%,759,221,980
"Judge, County Probate Court No. 2",0496,190,315,505,2160,23.38%,201,286,487
"Judge, County Probate Court No. 2",0497,526,243,769,2257,34.07%,28,721,749
"Judge, County Probate Court No. 2",0498,363,323,686,2297,29.87%,307,361,668
"Judge, County Probate Court No. 2",0499,750,518,1268,2326,54.51%,943,247,1190
"Judge, County Probate Court No. 2",0500,729,715,1444,3507,41.17%,1011,374,1385
"Judge, County Probate Court No. 2",0501,341,417,758,1801,42.09%,282,419,701
"Judge, County Probate Court No. 2",0502,477,350,827,2501,33.07%,674,121,795
"Judge, County Probate Court No. 2",0503,174,116,290,1374,21.11%,106,163,269
"Judge, County Probate Court No. 2",0504,624,527,1151,2288,50.31%,758,322,1080
"Judge, County Probate Court No. 2",0505,531,562,1193,3773,31.62%,552,557,1109
"Judge, County Probate Court No. 2",0506,665,670,1335,3502,38.12%,241,1046,1287
"Judge, County Probate Court No. 2",0507,221,149,370,2452,15.09%,76,224,300
"Judge, County Probate Court No. 2",0508,492,412,904,3287,27.50%,351,487,838
"Judge, County Probate Court No. 2",0509,753,596,1349,3732,36.15%,959,324,1283
"Judge, County Probate Court No. 2",0510,687,514,1201,3590,33.45%,623,528,1151
"Judge, County Probate Court No. 2",0511,0,0,0,0,0.00%,0,0,0
"Judge, County Probate Court No. 2",0512,602,660,1262,5057,24.96%,614,614,1228
"Judge, County Probate Court No. 2",0513,1019,487,1506,2894,52.04%,1164,265,1429
"Judge, County Probate Court No. 2",0514,953,720,1673,4275,39.13%,1279,326,1605
"Judge, County Probate Court No. 2",0515,942,683,1625,3455,47.03%,1318,240,1558
"Judge, County Probate Court No. 2",0516,1000,800,1800,5356,33.61%,967,747,1714
"Judge, County Probate Court No. 2",0517,481,256,737,2954,24.95%,426,284,710
"Judge, County Probate Court No. 2",0518,635,693,1328,3943,33.68%,881,388,1269
"Judge, County Probate Court No. 2",0519,623,493,1116,2966,37.63%,837,239,1076
"Judge, County Probate Court No. 2",0520,473,457,930,4580,20.31%,180,732,912
"Judge, County Probate Court No. 2",0521,471,464,935,2866,32.62%,501,398,899
"Judge, County Probate Court No. 2",0522,715,572,1288,2689,47.90%,1011,224,1235
"Judge, County Probate Court No. 2",0523,751,415,1166,3052,38.20%,804,312,1116
"Judge, County Probate Court No. 2",0524,567,459,1026,3410,30.09%,359,632,991
"Judge, County Probate Court No. 2",0525,707,482,1189,3091,38.47%,284,851,1135
"Judge, County Probate Court No. 2",0526,68,84,152,780,19.49%,44,99,143
"Judge, County Probate Court No. 2",0527,37,40,77,574,13.41%,45,30,75
"Judge, County Probate Court No. 2",0528,14,12,26,90,28.89%,1,24,25
"Judge, County Probate Court No. 2",0529,1043,491,1534,3710,41.35%,1316,156,1472
"Judge, County Probate Court No. 2",0530,114,107,221,1196,18.48%,53,155,208
"Judge, County Probate Court No. 2",0531,363,174,537,1145,46.90%,419,95,514
"Judge, County Probate Court No. 2",0532,205,146,351,1048,33.49%,256,85,341
"Judge, County Probate Court No. 2",0533,124,108,232,1119,20.73%,138,83,221
"Judge, County Probate Court No. 2",0534,783,524,1,307,3837,34.06%,1009,239,1248
"Judge, County Probate Court No. 2",0535,33,29,62,416,14.90%,30,31,61
"Judge, County Probate Court No. 2",0536,554,780,1334,5139,25.96%,531,752,1283
"Judge, County Probate Court No. 2",0537,855,778,1633,3050,53.54%,1216,346,1562
"Judge, County Probate Court No. 2",0538,204,160,364,1303,27.94%,10,347,357
"Judge, County Probate Court No. 2",0539,15,241,256,64,400.00%,75,161,236
"Judge, County Probate Court No. 2",0540,378,316,694,1567,44.29%,306,336,642
"Judge, County Probate Court No. 2",0541,784,505,1289,4599,28.03%,190,1035,1225
"Judge, County Probate Court No. 2",0542,360,382,742,2557,29.02%,47,669,716
"Judge, County Probate Court No. 2",0543,141,213,354,1565,22.62%,110,226,336
"Judge, County Probate Court No. 2",0544,35,41,77,310,24.84%,13,63,76
"Judge, County Probate Court No. 2",0545,596,620,1216,3629,33.51%,623,542,1165
"Judge, County Probate Court No. 2",0546,2,2,4,37,10.81%,1,2,3
"Judge, County Probate Court No. 2",0547,501,466,967,2406,40.19%,691,232,923
"Judge, County Probate Court No. 2",0548,286,293,579,2215,26.14%,308,256,564
"Judge, County Probate Court No. 2",0549,343,418,761,2663,28.58%,109,636,745
"Judge, County Probate Court No. 2",0550,501,431,932,3031,30.75%,539,358,897
"Judge, County Probate Court No. 2",0551,1288,1394,2682,7034,38.13%,2052,549,2601
"Judge, County Probate Court No. 2",0552,847,883,1730,3415,50.66%,1452,221,1673
"Judge, County Probate Court No. 2",0553,578,529,1107,4686,23.62%,508,561,1069
"Judge, County Probate Court No. 2",0554,261,199,460,1757,26.18%,104,323,427
"Judge, County Probate Court No. 2",0555,225,277,502,2219,22.62%,112,371,483
"Judge, County Probate Court No. 2",0556,276,186,462,2319,19.92%,142,302,444
"Judge, County Probate Court No. 2",0557,455,183,638,2830,22.54%,261,296,557
"Judge, County Probate Court No. 2",0558,693,463,1156,4380,26.39%,414,697,1111
"Judge, County Probate Court No. 2",0559,640,494,1134,4969,22.82%,349,739,1088
"Judge, County Probate Court No. 2",0560,72,131,203,1120,18.13%,48,139,187
"Judge, County Probate Court No. 2",0561,362,436,798,3064,26.04%,484,276,760
"Judge, County Probate Court No. 2",0562,113,68,181,694,26.08%,24,154,178
"Judge, County Probate Court No. 2",0563,1107,376,1483,3105,47.76%,1178,238,1416
"Judge, County Probate Court No. 2",0564,470,426,896,3155,28.40%,242,609,851
"Judge, County Probate Court No. 2",0565,108,78,186,1354,13.74%,43,127,170
"Judge, County Probate Court No. 2",0566,417,324,741,2882,25.71%,238,481,719
"Judge, County Probate Court No. 2",0567,301,193,494,2238,22.07%,171,281,452
"Judge, County Probate Court No. 2",0568,876,685,1561,3594,43.43%,1028,432,1460
"Judge, County Probate Court No. 2",0569,572,667,1239,3525,35.15%,676,489,1165
"Judge, County Probate Court No. 2",0570,238,210,448,1562,28.68%,155,259,414
"Judge, County Probate Court No. 2",0571,155,149,304,1827,16.64%,116,178,294
"Judge, County Probate Court No. 2",0572,555,375,930,3108,29.92%,496,393,889
"Judge, County Probate Court No. 2",0573,290,151,441,1619,27.24%,10,427,437
"Judge, County Probate Court No. 2",0574,31,42,73,402,18.16%,10,61,71
"Judge, County Probate Court No. 2",0575,13,11,24,74,32.43%,19,4,23
"Judge, County Probate Court No. 2",0576,485,318,803,2734,29.37%,26,763,789
"Judge, County Probate Court No. 2",0577,147,88,235,608,38.65%,142,83,225
"Judge, County Probate Court No. 2",0578,409,538,947,1799,52.64%,599,297,896
"Judge, County Probate Court No. 2",0579,75,101,176,1056,16.67%,33,136,169
"Judge, County Probate Court No. 2",0580,179,118,297,1031,28.81%,3,284,287
"Judge, County Probate Court No. 2",0581,212,174,386,1032,37.40%,6,368,374
"Judge, County Probate Court No. 2",0582,258,171,429,1588,27.02%,24,393,417
"Judge, County Probate Court No. 2",0583,225,131,356,1262,28.21%,13,334,347
"Judge, County Probate Court No. 2",0584,182,93,275,1014,27.12%,12,259,271
"Judge, County Probate Court No. 2",0585,417,172,589,2511,23.46%,18,555,573
"Judge, County Probate Court No. 2",0586,638,680,1318,4316,30.54%,810,457,1267
"Judge, County Probate Court No. 2",0587,436,284,720,2598,27.71%,288,409,697
"Judge, County Probate Court No. 2",0588,758,674,1432,3645,39.29%,1031,349,1380
"Judge, County Probate Court No. 2",0589,500,386,886,3420,25.91%,497,359,856
"Judge, County Probate Court No. 2",0590,772,399,1171,2162,54.16%,936,195,1131
"Judge, County Probate Court No. 2",0591,183,231,414,2121,19.52%,124,273,397
"Judge, County Probate Court No. 2",0592,133,157,290,1350,21.48%,78,197,275
"Judge, County Probate Court No. 2",0593,543,564,1107,4380,25.27%,545,507,1052
"Judge, County Probate Court No. 2",0594,561,326,887,2490,35.62%,256,604,860
"Judge, County Probate Court No. 2",0595,201,178,379,1693,22.39%,71,296,367
"Judge, County Probate Court No. 2",0596,441,348,789,3007,26.24%,445,314,759
"Judge, County Probate Court No. 2",0597,367,394,761,3653,20.83%,331,417,748
"Judge, County Probate Court No. 2",0598,195,57,252,728,34.62%,208,38,246
"Judge, County Probate Court No. 2",0599,850,578,1428,4950,28.85%,517,866,1383
"Judge, County Probate Court No. 2",0600,667,429,1096,3957,27.70%,449,596,1045
"Judge, County Probate Court No. 2",0601,1073,756,1829,4057,45.08%,1395,369,1764
"Judge, County Probate Court No. 2",0602,293,235,528,1326,39.82%,391,123,514
"Judge, County Probate Court No. 2",0603,884,794,1678,4843,34.65%,1084,551,1635
"Judge, County Probate Court No. 2",0604,702,518,1220,3005,40.60%,1031,152,1183
"Judge, County Probate Court No. 2",0605,907,556,1463,5582,26.21%,366,1057,1423
"Judge, County Probate Court No. 2",0606,176,70,246,937,26.25%,5,237,242
"Judge, County Probate Court No. 2",0607,52,51,113,728,15.52%,13,95,108
"Judge, County Probate Court No. 2",0608,31,47,78,537,14.53%,44,28,72
"Judge, County Probate Court No. 2",0609,557,680,1347,3384,39.80%,854,421,1275
"Judge, County Probate Court No. 2",0610,231,188,419,1927,21.74%,223,162,385
"Judge, County Probate Court No. 2",0611,495,242,737,2488,29.62%,26,697,723
"Judge, County Probate Court No. 2",0612,996,497,1493,3307,45.15%,1134,278,1412
"Judge, County Probate Court No. 2",0613,186,204,390,1554,25.10%,67,311,378
"Judge, County Probate Court No. 2",0614,737,566,1303,4207,30.97%,508,746,1254
"Judge, County Probate Court No. 2",0615,480,299,779,1967,39.60%,510,245,755
"Judge, County Probate Court No. 2",0616,739,663,1402,3436,40.80%,1000,348,1348
"Judge, County Probate Court No. 2",0617,541,393,934,3809,24.52%,388,521,909
"Judge, County Probate Court No. 2",0618,946,567,1513,6003,25.20%,768,698,1466
"Judge, County Probate Court No. 2",0619,1219,803,2022,4297,47.06%,1509,417,1926
"Judge, County Probate Court No. 2",0620,689,264,953,2897,32.90%,611,301,912
"Judge, County Probate Court No. 2",0621,154,101,255,1133,22.51%,138,104,242
"Judge, County Probate Court No. 2",0622,881,524,1405,4403,31.91%,878,475,1353
"Judge, County Probate Court No. 2",0623,887,487,1374,3691,37.23%,939,368,1307
"Judge, County Probate Court No. 2",0624,1,1,2,3,66.67%,1,1,2
"Judge, County Probate Court No. 2",0625,477,362,839,1820,46.10%,491,293,784
"Judge, County Probate Court No. 2",0626,581,440,1021,2861,35.69%,576,387,963
"Judge, County Probate Court No. 2",0627,346,322,668,3049,21.91%,254,384,638
"Judge, County Probate Court No. 2",0628,152,219,371,1675,22.15%,199,163,362
"Judge, County Probate Court No. 2",0629,37,53,90,696,12.93%,16,73,89
"Judge, County Probate Court No. 2",0630,974,600,1574,3905,40.31%,128,1403,1531
"Judge, County Probate Court No. 2",0631,822,404,1226,2846,43.08%,913,265,1178
"Judge, County Probate Court No. 2",0632,7,4,11,343,3.21%,3,8,11
"Judge, County Probate Court No. 2",0633,943,731,1674,3559,47.04%,1202,410,1612
"Judge, County Probate Court No. 2",0634,458,442,900,3029,29.71%,605,262,867
"Judge, County Probate Court No. 2",0635,743,485,1228,3393,36.19%,934,254,1188
"Judge, County Probate Court No. 2",0636,836,874,1710,4140,41.30%,1488,166,1654
"Judge, County Probate Court No. 2",0637,409,362,771,2512,30.69%,179,545,724
"Judge, County Probate Court No. 2",0638,304,245,549,2204,24.91%,46,477,523
"Judge, County Probate Court No. 2",0639,549,547,1096,2526,43.39%,894,159,1053
"Judge, County Probate Court No. 2",0640,641,459,1100,3733,29.47%,701,360,1061
"Judge, County Probate Court No. 2",0641,649,596,1245,3650,34.11%,841,356,1197
"Judge, County Probate Court No. 2",0642,471,394,865,1764,49.04%,691,129,820
"Judge, County Probate Court No. 2",0643,934,653,1587,5945,26.69%,635,899,1534
"Judge, County Probate Court No. 2",0644,1019,823,1842,5523,33.35%,1234,527,1761
"Judge, County Probate Court No. 2",0645,654,594,1248,4185,29.82%,698,498,1196
"Judge, County Probate Court No. 2",0646,364,287,651,2220,29.32%,205,408,613
"Judge, County Probate Court No. 2",0647,904,470,1374,6084,22.58%,389,869,1258
"Judge, County Probate Court No. 2",0648,838,579,1417,3367,42.08%,1023,346,1369
"Judge, County Probate Court No. 2",0649,687,434,1121,4576,24.50%,367,677,1044
"Judge, County Probate Court No. 2",0650,906,766,1672,3888,43.00%,1238,360,1598
"Judge, County Probate Court No. 2",0651,963,766,1729,5128,33.72%,1121,535,1656
"Judge, County Probate Court No. 2",0652,467,515,982,2815,34.88%,180,769,949
"Judge, County Probate Court No. 2",0653,0,4,4,0,0.00%,0,4,4
"Judge, County Probate Court No. 2",0654,950,1005,1955,6208,31.49%,1086,797,1883
"Judge, County Probate Court No. 2",0655,1116,1079,2195,6855,32.02%,1384,723,2107
"Judge, County Probate Court No. 2",0656,579,393,972,2674,36.35%,37,911,948
"Judge, County Probate Court No. 2",0657,246,172,418,1292,32.35%,169,232,401
"Judge, County Probate Court No. 2",0658,540,426,966,2807,34.41%,644,298,942
"Judge, County Probate Court No. 2",0659,1149,788,1937,4856,39.89%,1397,479,1876
"Judge, County Probate Court No. 2",0660,950,825,1775,5372,33.04%,164,1565,1729
"Judge, County Probate Court No. 2",0661,675,765,1440,4567,31.53%,855,528,1383
"Judge, County Probate Court No. 2",0662,1148,890,2038,4874,41.81%,1653,313,1966
"Judge, County Probate Court No. 2",0663,717,797,1514,3346,45.25%,777,628,1405
"Judge, County Probate Court No. 2",0664,352,250,602,2869,20.98%,137,436,573
"Judge, County Probate Court No. 2",0665,482,348,830,2154,38.53%,706,95,801
"Judge, County Probate Court No. 2",0666,0,0,0,0,0.00%,0,0,0
"Judge, County Probate Court No. 2",0667,488,502,990,2149,46.07%,784,166,950
"Judge, County Probate Court No. 2",0668,399,509,908,2775,32.72%,601,280,881
"Judge, County Probate Court No. 2",0669,850,738,1,588,3425,46.36%,1168,354,1522
"Judge, County Probate Court No. 2",0670,955,471,1427,2983,47.84%,1151,221,1372
"Judge, County Probate Court No. 2",0671,403,565,968,3037,31.87%,601,326,927
"Judge, County Probate Court No. 2",0672,959,862,1821,5706,31.91%,1261,500,1761
"Judge, County Probate Court No. 2",0673,729,516,1245,2995,41.57%,1010,186,1196
"Judge, County Probate Court No. 2",0674,1071,618,1689,4091,41.29%,1282,345,1627
"Judge, County Probate Court No. 2",0675,0,1,1,0,0.00%,1,0,1
"Judge, County Probate Court No. 2",0676,0,0,0,0,0.00%,0,0,0
"Judge, County Probate Court No. 2",0677,127,127,254,1266,20.06%,92,147,239
"Judge, County Probate Court No. 2",0678,166,108,274,735,37.28%,178,75,253
"Judge, County Probate Court No. 2",0679,635,520,1155,3381,34.16%,887,220,1107
"Judge, County Probate Court No. 2",0680,21,14,35,162,21.60%,14,21,35
"Judge, County Probate Court No. 2",0681,1,0,1,5,20.00%,1,0,1
"Judge, County Probate Court No. 2",0682,711,654,1365,4216,32.38%,1023,299,1322
"Judge, County Probate Court No. 2",0683,29,20,49,276,17.75%,9,36,45
"Judge, County Probate Court No. 2",0684,27,22,49,223,21.97%,25,21,46
"Judge, County Probate Court No. 2",0685,110,29,139,307,45.28%,65,65,130
"Judge, County Probate Court No. 2",0686,17,12,29,208,13.94%,12,16,28
"Judge, County Probate Court No. 2",0687,549,537,1086,2609,41.63%,740,282,1022
"Judge, County Probate Court No. 2",0688,999,617,1616,3504,46.12%,1308,239,1547
"Judge, County Probate Court No. 2",0689,211,387,598,2346,25.49%,309,258,567
"Judge, County Probate Court No. 2",0690,926,1104,2030,5102,39.79%,1651,309,1960
"Judge, County Probate Court No. 2",0691,2,5,7,25,28.00%,3,4,7
"Judge, County Probate Court No. 2",0692,444,548,992,2847,34.84%,759,194,953
"Judge, County Probate Court No. 2",0693,167,91,258,666,38.74%,73,172,245
"Judge, County Probate Court No. 2",0694,260,120,380,845,44.97%,267,91,358
"Judge, County Probate Court No. 2",0695,232,193,425,1724,24.65%,276,133,409
"Judge, County Probate Court No. 2",0696,261,207,468,1982,23.61%,302,145,447
"Judge, County Probate Court No. 2",0697,605,613,1218,4413,27.60%,314,859,1173
"Judge, County Probate Court No. 2",0698,448,489,937,3189,29.38%,100,810,910
"Judge, County Probate Court No. 2",0699,568,414,982,2343,41.91%,672,248,920
"Judge, County Probate Court No. 2",0700,255,251,506,1371,36.91%,429,59,488
"Judge, County Probate Court No. 2",0701,56,43,99,588,16.84%,63,30,93
"Judge, County Probate Court No. 2",0702,54,70,134,539,24.86%,18,114,132
"Judge, County Probate Court No. 2",0703,372,490,862,1882,45.80%,640,185,825
"Judge, County Probate Court No. 2",0704,569,599,1168,3064,38.12%,957,166,1123
"Judge, County Probate Court No. 2",0705,114,113,227,1523,14.90%,31,187,218
"Judge, County Probate Court No. 2",0706,115,71,186,610,30.49%,92,82,174
"Judge, County Probate Court No. 2",0707,153,86,239,707,33.80%,156,69,225
"Judge, County Probate Court No. 2",0708,54,52,106,563,18.83%,49,49,98
"Judge, County Probate Court No. 2",0709,1375,947,2322,6848,33.91%,1411,838,2249
"Judge, County Probate Court No. 2",0710,371,462,833,2082,40.01%,465,309,774
"Judge, County Probate Court No. 2",0711,702,506,1208,3484,34.67%,754,388,1142
"Judge, County Probate Court No. 2",0712,491,463,954,3670,25.99%,412,526,938
"Judge, County Probate Court No. 2",0713,228,262,490,1907,25.69%,256,213,469
"Judge, County Probate Court No. 2",0714,35,19,55,296,18.58%,33,20,53
"Judge, County Probate Court No. 2",0715,176,187,363,1408,25.78%,208,135,343
"Judge, County Probate Court No. 2",0716,449,407,856,2680,31.94%,618,215,833
"Judge, County Probate Court No. 2",0717,373,250,623,2002,31.12%,72,533,605
"Judge, County Probate Court No. 2",0718,1017,806,1823,4229,43.11%,1300,421,1721
"Judge, County Probate Court No. 2",0719,247,137,384,1589,24.17%,234,134,368
"Judge, County Probate Court No. 2",0720,994,780,1774,4282,41.43%,1354,355,1709
"Judge, County Probate Court No. 2",0721,754,532,1286,2870,44.81%,865,355,1220
"Judge, County Probate Court No. 2",0722,871,494,1365,4479,30.48%,101,1214,1315
"Judge, County Probate Court No. 2",0723,401,202,603,1858,32.45%,132,448,580
"Judge, County Probate Court No. 2",0724,151,128,279,766,36.42%,217,50,267
"Judge, County Probate Court No. 2",0725,423,237,660,2237,29.50%,312,328,640
"Judge, County Probate Court No. 2",0726,592,402,994,2087,47.63%,875,95,970
"Judge, County Probate Court No. 2",0727,338,290,628,2488,25.24%,209,382,591
"Judge, County Probate Court No. 2",0728,209,151,360,880,40.91%,233,104,337
"Judge, County Probate Court No. 2",0729,136,59,195,464,42.03%,121,68,189
"Judge, County Probate Court No. 2",0730,428,359,787,1747,45.05%,525,220,745
"Judge, County Probate Court No. 2",0731,58,27,85,352,24.15%,24,58,82
"Judge, County Probate Court No. 2",0732,441,324,765,1924,39.76%,486,237,723
"Judge, County Probate Court No. 2",0733,13,7,20,215,9.30%,8,10,18
"Judge, County Probate Court No. 2",0734,1558,962,2520,7005,35.97%,1754,692,2446
"Judge, County Probate Court No. 2",0735,8,0,6,18,33.33%,6,0,6
"Judge, County Probate Court No. 2",0736,3,1,4,22,18.18%,0,3,3
"Judge, County Probate Court No. 2",0737,11,7,18,51,35.29%,14,4,18
"Judge, County Probate Court No. 2",0738,139,100,239,1361,17.56%,49,183,232
"Judge, County Probate Court No. 2",0739,353,301,654,2955,22.13%,345,283,628
"Judge, County Probate Court No. 2",0740,98,98,194,939,20.66%,131,54,185
"Judge, County Probate Court No. 2",0741,0,1,1,0,0.00%,0,0,0
"Judge, County Probate Court No. 2",0742,0,11,11,0,0.00%,6,5,11
"Judge, County Probate Court No. 2",0743,15,18,33,210,15.71%,17,14,31
"Judge, County Probate Court No. 2",0744,456,392,848,2027,41.84%,565,234,799
"Judge, County Probate Court No. 2",0745,683,372,1055,2494,42.30%,661,340,1001
"Judge, County Probate Court No. 2",0746,114,77,191,691,27.64%,95,93,188
"Judge, County Probate Court No. 2",0747,550,467,1017,3743,27.17%,507,480,987
"Judge, County Probate Court No. 2",0748,170,140,310,1403,22.10%,163,133,296
"Judge, County Probate Court No. 2",0749,30,17,47,377,12.47%,9,37,46
"Judge, County Probate Court No. 2",0750,111,96,207,767,26.99%,127,76,203
"Judge, County Probate Court No. 2",0751,925,964,1889,5084,37.16%,1271,543,1814
"Judge, County Probate Court No. 2",0752,286,200,486,1483,32.77%,376,88,464
"Judge, County Probate Court No. 2",0753,55,73,128,259,49.42%,81,40,121
"Judge, County Probate Court No. 2",0754,0,0,0,0,0.00%,0,0,0
"Judge, County Probate Court No. 2",0755,442,584,1026,4294,23.89%,452,528,980
"Judge, County Probate Court No. 2",0756,251,177,428,1600,26.75%,175,237,412
"Judge, County Probate Court No. 2",0757,520,508,1028,4035,25.48%,186,809,995
"Judge, County Probate Court No. 2",0758,1114,692,1806,4096,44.09%,1466,276,1742
"Judge, County Probate Court No. 2",0759,465,413,878,2730,32.16%,568,276,844
"Judge, County Probate Court No. 2",0760,1432,639,2071,4367,47.42%,1732,247,1979
"Judge, County Probate Court No. 2",0761,548,253,801,1550,51.68%,577,173,750
"Judge, County Probate Court No. 2",0762,0,0,0,0,0.00%,0,0,0
"Judge, County Probate Court No. 2",0763,108,146,254,1212,20.96%,100,143,243
"Judge, County Probate Court No. 2",0764,1133,774,1907,5217,36.55%,1215,624,1839
"Judge, County Probate Court No. 2",0765,647,426,1073,4055,26.46%,460,564,1024
"Judge, County Probate Court No. 2",0766,40,25,65,392,16.58%,17,42,59
"Judge, County Probate Court No. 2",0767,10,2,12,86,13.95%,6,5,11
"Judge, County Probate Court No. 2",0768,1359,1015,2374,5857,40.53%,1951,355,2306
"Judge, County Probate Court No. 2",0769,54,16,70,183,38.25%,3,66,69
"Judge, County Probate Court No. 2",0770,31,25,56,323,17.34%,27,25,52
"Judge, County Probate Court No. 2",0771,324,254,578,2426,23.83%,342,216,558
"Judge, County Probate Court No. 2",0772,1792,851,2643,5709,46.30%,2031,482,2513
"Judge, County Probate Court No. 2",0773,473,312,785,2918,26.90%,226,497,723
"Judge, County Probate Court No. 2",0774,30,41,71,378,18.78%,16,53,69
"Judge, County Probate Court No. 2",0775,18,3,21,92,22.83%,0,21,21
"Judge, County Probate Court No. 2",0776,551,496,1047,3053,34.29%,627,377,1004
"Judge, County Probate Court No. 2",0777,46,40,86,652,13.19%,30,55,85
"Judge, County Probate Court No. 2",0778,0,0,0,0,0.00%,0,0,0
"Judge, County Probate Court No. 2",0779,64,51,115,940,12.23%,38,73,111
"Judge, County Probate Court No. 2",0780,63,59,122,595,20.50%,69,49,118
"Judge, County Probate Court No. 2",0781,666,273,939,3603,26.06%,434,410,844
"Judge, County Probate Court No. 2",0782,368,370,738,2236,33.01%,462,245,707
"Judge, County Probate Court No. 2",0783,49,13,62,294,21.09%,47,12,59
"Judge, County Probate Court No. 2",0784,208,128,336,1079,31.14%,7,314,321
"Judge, County Probate Court No. 2",0785,28,25,53,296,17.91%,31,22,53
"Judge, County Probate Court No. 2",0786,100,98,198,1251,15.83%,74,119,193
"Judge, County Probate Court No. 2",0787,46,52,98,488,20.08%,33,62,95
"Judge, County Probate Court No. 2",0788,74,32,106,454,23.35%,50,52,102
"Judge, County Probate Court No. 2",0789,0,3,3,3,100.00%,1,2,3
"Judge, County Probate Court No. 2",0790,0,0,0,3,0.00%,0,0,0
"Judge, County Probate Court No. 2",0791,0,0,0,0,0.00%,0,0,0
"Judge, County Probate Court No. 2",0792,269,239,508,1865,27.24%,120,362,482
"Judge, County Probate Court No. 2",0793,448,247,695,2484,27.98%,418,253,671
"Judge, County Probate Court No. 2",0794,124,144,268,2710,9.89%,33,227,260
"Judge, County Probate Court No. 2",0795,90,125,215,1217,17.67%,78,127,205
"Judge, County Probate Court No. 2",0796,83,51,134,476,28.15%,77,52,129
"Judge, County Probate Court No. 2",0797,0,0,0,0,0.00%,0,0,0
"Judge, County Probate Court No. 2",0798,99,111,210,500,42.00%,82,117,199
"Judge, County Probate Court No. 2",0799,28,15,43,161,26.71%,8,35,43
"Judge, County Probate Court No. 2",0800,588,642,1230,2932,41.95%,845,323,1168
"Judge, County Probate Court No. 2",0801,32,14,46,258,17.83%,16,26,42
"Judge, County Probate Court No. 2",0802,51,27,78,312,25.00%,15,61,76
"Judge, County Probate Court No. 2",0803,725,511,1236,2893,42.72%,914,284,1198
"Judge, County Probate Court No. 2",0804,932,591,1523,4768,31.94%,970,504,1474
"Judge, County Probate Court No. 2",0805,765,533,1298,2866,45.29%,1059,194,1253
"Judge, County Probate Court No. 2",0806,0,0,0,0,0.00%,0,0,0
"Judge, County Probate Court No. 2",0807,211,204,415,2028,20.46%,96,303,399
"Judge, County Probate Court No. 2",0808,12,17,29,131,22.14%,7,22,29
"Judge, County Probate Court No. 2",0809,7,6,13,92,14.13%,5,6,11
"Judge, County Probate Court No. 2",0810,9,16,25,211,11.85%,9,15,24
"Judge, County Probate Court No. 2",0811,29,50,79,270,29.26%,26,51,77
"Judge, County Probate Court No. 2",0812,0,0,0,0,0.00%,0,0,0
"Judge, County Probate Court No. 2",0813,938,761,1699,5807,29.26%,852,797,1649
"Judge, County Probate Court No. 2",0814,673,533,1206,5102,23.64%,313,853,1166
"Judge, County Probate Court No. 2",0815,0,0,0,0,0.00%,0,0,0
"Judge, County Probate Court No. 2",0816,10,0,10,73,13.70%,3,7,10
"Judge, County Probate Court No. 2",0817,0,0,0,0,0.00%,0,0,0
"Judge, County Probate Court No. 2",0818,86,39,125,616,20.29%,30,90,120
"Judge, County Probate Court No. 2",0819,64,30,94,240,39.17%,52,32,84
"Judge, County Probate Court No. 2",0820,0,0,0,0,0.00%,0,0,0
"Judge, County Probate Court No. 2",0821,124,120,244,1242,19.65%,29,206,235
"Judge, County Probate Court No. 2",0822,332,167,499,1535,32.51%,16,466,482
"Judge, County Probate Court No. 2",0823,821,564,1385,5087,27.23%,806,532,1338
"Judge, County Probate Court No. 2",0824,428,282,710,2700,26.30%,164,524,688
"Judge, County Probate Court No. 2",0825,0,0,0,0,0.00%,0,0,0
"Judge, County Probate Court No. 2",0826,73,50,123,358,34.36%,66,48,114
"Judge, County Probate Court No. 2",0827,60,98,158,979,16.14%,76,77,153
"Judge, County Probate Court No. 2",0828,541,388,929,1916,48.49%,755,130,885
"Judge, County Probate Court No. 2",0829,54,22,76,264,28.79%,18,57,75
"Judge, County Probate Court No. 2",0830,0,0,0,2,0.00%,0,0,0
"Judge, County Probate Court No. 2",0831,0,0,0,0,0.00%,0,0,0
"Judge, County Probate Court No. 2",0832,34,28,62,352,17.61%,19,41,60
"Judge, County Probate Court No. 2",0833,0,1,1,20,5.00%,0,1,1
"Judge, County Probate Court No. 2",0834,0,0,0,0,0.00%,0,0,0
"Judge, County Probate Court No. 2",0835,38,19,57,290,19.66%,12,39,51
"Judge, County Probate Court No. 2",0836,3,0,3,19,15.79%,1,2,3
"Judge, County Probate Court No. 2",0837,0,0,0,0,0.00%,0,0,0
"Judge, County Probate Court No. 2",0838,0,0,0,0,0.00%,0,0,0
"Judge, County Probate Court No. 2",0839,136,118,254,1128,22.52%,54,189,243
"Judge, County Probate Court No. 2",0840,381,174,555,1705,32.55%,197,344,541
"Judge, County Probate Court No. 2",0841,0,0,0,0,0.00%,0,0,0
"Judge, County Probate Court No. 2",0842,421,434,855,3259,26.24%,398,422,820
"Judge, County Probate Court No. 2",0843,0,1,1,0,0.00%,0,1,1
"Judge, County Probate Court No. 2",0844,1,0,1,11,9.09%,0,1,1
"Judge, County Probate Court No. 2",0845,54,9,63,134,47.01%,39,21,60
"Judge, County Probate Court No. 2",0846,23,24,47,229,20.52%,2,43,45
"Judge, County Probate Court No. 2",0847,305,211,516,2015,25.61%,147,353,500
"Judge, County Probate Court No. 2",0848,489,266,755,1856,40.68%,227,489,716
"Judge, County Probate Court No. 2",0849,201,291,492,2124,23.16%,188,286,474
"Judge, County Probate Court No. 2",0850,45,41,87,210,41.43%,30,55,85
"Judge, County Probate Court No. 2",0851,1029,657,1686,4709,35.80%,1146,471,1617
"Judge, County Probate Court No. 2",0852,0,0,0,1,0.00%,0,0,0
"Judge, County Probate Court No. 2",0853,575,620,1296,2882,44.97%,995,241,1236
"Judge, County Probate Court No. 2",0854,15,26,41,172,23.84%,8,31,39
"Judge, County Probate Court No. 2",0855,5,9,14,16,87.50%,5,8,13
"Judge, County Probate Court No. 2",0856,0,1,1,0,0.00%,0,1,1
"Judge, County Probate Court No. 2",0857,0,0,0,1,0.00%,0,0,0
"Judge, County Probate Court No. 2",0858,63,34,97,343,28.28%,3,90,93
"Judge, County Probate Court No. 2",0859,157,106,263,890,29.55%,71,186,257
"Judge, County Probate Court No. 2",0860,0,0,0,0,0.00%,0,0,0
"Judge, County Probate Court No. 2",0861,315,199,514,1842,27.90%,87,410,497
"Judge, County Probate Court No. 2",0862,0,0,0,0,0.00%,0,0,0
"Judge, County Probate Court No. 2",0863,101,54,155,584,26.54%,8,146,154
"Judge, County Probate Court No. 2",0864,193,299,492,2569,19.15%,136,335,471
"Judge, County Probate Court No. 2",0865,2,3,5,21,23.81%,0,5,5
"Judge, County Probate Court No. 2",0866,0,0,0,0,0.00%,0,0,0
"Judge, County Probate Court No. 2",0867,0,0,0,0,0.00%,0,0,0
"Judge, County Probate Court No. 2",0868,238,271,507,2326,21.80%,166,321,487
"Judge, County Probate Court No. 2",0869,53,39,92,470,19.57%,26,64,90
"Judge, County Probate Court No. 2",0870,0,0,0,0,0.00%,0,0,0
"Judge, County Probate Court No. 2",0871,1,0,1,3,33.33%,0,1,1
"Judge, County Probate Court No. 2",0872,5,3,8,59,13.56%,4,4,8
"Judge, County Probate Court No. 2",0873,98,75,173,737,23.47%,45,125,170
"Judge, County Probate Court No. 2",0874,783,707,1470,3223,45.61%,1114,296,1410
"Judge, County Probate Court No. 2",0875,904,527,1431,5147,27.80%,711,673,1384
"Judge, County Probate Court No. 2",0876,898,641,1339,3265,41.01%,1033,262,1295
"Judge, County Probate Court No. 2",0877,478,382,858,3032,28.30%,353,482,835
"Judge, County Probate Court No. 2",0878,427,354,781,1666,46.88%,662,101,763
"Judge, County Probate Court No. 2",0879,407,294,701,2667,26.28%,360,308,888
"Judge, County Probate Court No. 2",0880,543,447,990,2352,42.09%,802,155,957
"Judge, County Probate Court No. 2",0881,593,540,1133,4479,25.30%,402,704,1106
"Judge, County Probate Court No. 2",0882,428,291,717,2422,29.60%,438,252,690
"Judge, County Probate Court No. 2",0883,843,702,1345,5408,24.87%,245,1063,1308
"Judge, County Probate Court No. 2",0884,57,25,82,377,21.75%,9,70,79
"Judge, County Probate Court No. 2",0885,582,368,930,2619,35.51%,559,346,905
"Judge, County Probate Court No. 2",0886,128,108,236,675,34.96%,140,82,222
"Judge, County Probate Court No. 2",0887,50,67,117,418,27.99%,56,51,107
"Judge, County Probate Court No. 2",0888,0,3,3,0,0.00%,2,1,3
"Judge, County Probate Court No. 2",0889,14,0,14,57,24.56%,5,8,13
"Judge, County Probate Court No. 2",0890,184,103,267,1095,24.38%,91,157,248
"Judge, County Probate Court No. 2",0891,317,243,560,1331,42.07%,225,297,522
"Judge, County Probate Court No. 2",0892,115,86,201,808,24.88%,74,114,188
"Judge, County Probate Court No. 2",0893,0,2,2,6,33.33%,0,2,2
"Judge, County Probate Court No. 2",0894,0,3,3,0,0.00%,2,1,3
"Judge, County Probate Court No. 2",0895,156,286,442,793,55.74%,193,205,398
"Judge, County Probate Court No. 2",0896,370,297,667,1459,45.72%,263,357,620
"Judge, County Probate Court No. 2",0897,252,297,549,1701,32.28%,322,206,528
"Judge, County Probate Court No. 2",0898,0,0,0,3,0.00%,0,0,0
"Judge, County Probate Court No. 2",0899,2,0,2,8,25.00%,0,2,2
"Judge, County Probate Court No. 2",0900,0,2,2,10,20.00%,1,1,2
"Judge, County Probate Court No. 2",0901,0,0,0,0,0.00%,0,0,0
"Judge, County Probate Court No. 2",0902,394,486,880,2139,41.14%,491,332,823
"Judge, County Probate Court No. 2",0903,3,7,10,50,20.00%,3,5,8
"Judge, County Probate Court No. 2",0904,1,0,1,7,14.29%,1,0,1
"Judge, County Probate Court No. 2",0905,123,100,223,904,24.67%,101,111,212
"Judge, County Probate Court No. 2",0906,8,6,14,25,56.00%,9,3,12
"Judge, County Probate Court No. 2",0907,12,19,31,181,17.13%,6,25,31
"Judge, County Probate Court No. 2",0908,0,1,1,0,0.00%,0,1,1
"Judge, County Probate Court No. 2",0909,2,1,3,18,16.67%,0,3,3
"Judge, County Probate Court No. 2",0910,25,24,49,217,22.58%,19,26,45
"Judge, County Probate Court No. 2",0911,118,60,178,551,32.30%,120,53,173
"Judge, County Probate Court No. 2",0912,316,201,517,1273,40.61%,340,149,489
"Judge, County Probate Court No. 2",0913,0,0,0,0,0.00%,0,0,0
"Judge, County Probate Court No. 2",0914,169,179,348,701,49.64%,281,53,334
"Judge, County Probate Court No. 2",0915,0,0,0,0,0.00%,0,0,0
"Judge, County Probate Court No. 2",0916,417,240,657,1491,44.06%,529,104,633
"Judge, County Probate Court No. 2",0917,177,62,239,483,49.48%,163,61,224
"Judge, County Probate Court No. 2",0918,304,168,472,883,53.45%,372,75,447
"Judge, County Probate Court No. 2",0919,0,0,0,3,0.00%,0,0,0
"Judge, County Probate Court No. 2",0920,22,12,34,71,47.89%,23,10,33
"Judge, County Probate Court No. 2",0921,32,15,47,119,39.50%,34,12,46
"Judge, County Probate Court No. 2",0922,0,0,0,0,0.00%,0,0,0
"Judge, County Probate Court No. 2",0923,470,137,607,1511,40.17%,457,133,590
"Judge, County Probate Court No. 2",0924,0,0,0,0,0.00%,0,0,0
"Judge, County Probate Court No. 2",0925,0,0,0,0,0.00%,0,0,0
"Judge, County Probate Court No. 2",0926,171,128,299,796,37.56%,225,63,288
"Judge, County Probate Court No. 2",0927,44,30,74,270,27.41%,30,38,68
"Judge, County Probate Court No. 2",0928,3,0,3,8,37.50%,0,3,3
"Judge, County Probate Court No. 2",0929,0,0,0,0,0.00%,0,0,0
"Judge, County Probate Court No. 2",0930,109,54,163,584,27.91%,7,153,160
"Judge, County Probate Court No. 2",0931,30,40,70,130,53.85%,35,26,61
"Judge, County Probate Court No. 2",0932,0,0,0,0,0.00%,0,0,0
"Judge, County Probate Court No. 2",0933,115,85,200,627,31.90%,58,134,192
"Judge, County Probate Court No. 2",0934,2,0,2,63,3.17%,1,1,2
"Judge, County Probate Court No. 2",0935,3,2,5,54,9.26%,2,1,3
"Judge, County Probate Court No. 2",0936,8,2,10,81,12.35%,3,6,9
"Judge, County Probate Court No. 2",0937,0,0,0,0,0.00%,0,0,0
"Judge, County Probate Court No. 2",0938,30,14,44,231,19.05%,16,27,43
"Judge, County Probate Court No. 2",0939,0,0,0,2,0.00%,0,0,0
"Judge, County Probate Court No. 2",0940,0,0,0,10,0.00%,0,0,0
"Judge, County Probate Court No. 2",0941,9,10,19,25,76.00%,19,0,19
"Judge, County Probate Court No. 2",0942,53,27,80,156,51.28%,68,8,76
"Judge, County Probate Court No. 2",0943,164,80,244,547,44.61%,172,55,227
"Judge, County Probate Court No. 2",0944,20,4,24,45,53.33%,21,0,21
"Judge, County Probate Court No. 2",0945,1,2,3,17,17.65%,1,2,3
"Judge, County Probate Court No. 2",0946,0,1,1,13,7.69%,0,1,1
"Judge, County Probate Court No. 2",0947,177,246,423,799,52.94%,227,173,400
"Judge, County Probate Court No. 2",0948,0,14,14,1,1400.00%,9,3,12
"Judge, County Probate Court No. 2",0949,34,27,61,193,31.61%,34,27,61
"Judge, County Probate Court No. 2",0950,0,0,0,1,0.00%,0,0,0
"Judge, County Probate Court No. 2",0951,33,30,63,277,22.74%,16,46,62
"Judge, County Probate Court No. 2",0952,16,15,31,71,43.66%,17,12,29
"Judge, County Probate Court No. 2",0953,18,9,27,275,9.82%,4,22,26
"Judge, County Probate Court No. 2",0954,0,0,0,1,0.00%,0,0,0
"Judge, County Probate Court No. 2",0955,3,2,5,19,26.32%,4,1,5
"Judge, County Probate Court No. 2",0956,2,4,6,11,54.55%,2,4,6
"Judge, County Probate Court No. 2",0957,97,95,192,562,34.16%,22,168,190
"Judge, County Probate Court No. 2",0958,81,129,210,1081,19.43%,53,150,203
"Judge, County Probate Court No. 2",0959,0,0,0,0,0.00%,0,0,0
"Judge, County Probate Court No. 2",0960,196,157,353,976,36.17%,73,268,341
"Judge, County Probate Court No. 2",0961,15,0,16,56,28.57%,0,16,16
"Judge, County Probate Court No. 2",0962,10,17,27,88,30.68%,4,23,27
"Judge, County Probate Court No. 2",0963,54,41,105,426,24.65%,57,41,98
"Judge, County Probate Court No. 2",0964,568,437,1005,2372,42.37%,618,352,970
"Judge, County Probate Court No. 2",0965,31,21,52,343,15.16%,27,24,51
"Judge, County Probate Court No. 2",0966,129,83,212,1148,18.47%,75,131,206
"Judge, County Probate Court No. 2",0967,15,48,63,165,38.18%,19,43,62
"Judge, County Probate Court No. 2",0968,119,30,149,692,21.53%,32,115,147
"Judge, County Probate Court No. 2",0969,156,73,229,604,37.91%,3,222,225
"Judge, County Probate Court No. 2",0970,83,36,119,731,16.28%,17,99,116
"Judge, County Probate Court No. 2",0971,11,8,19,147,12.93%,1,16,17
"Judge, County Probate Court No. 2",09726,8,14,31,45.16%,13,0,13
"Judge, County Probate Court No. 2",0973,24,19,43,111,38.74%,20,20,40
"Judge, County Probate Court No. 2",0974,57,36,93,299,31.10%,57,34,91
"Judge, County Probate Court No. 2",0975,55,30,85,193,44.04%,39,40,79
"Judge, County Probate Court No. 2",0976,58,62,130,683,19.03%,89,39,128
"Judge, County Probate Court No. 2",0977,50,43,93,572,16.26%,41,51,92
"Judge, County Probate Court No. 2",0978,77,79,156,546,28.57%,29,124,153
"Judge, County Probate Court No. 2",0979,2,6,8,27,29.63%,4,3,7
"Judge, County Probate Court No. 2",0980,280,321,601,1389,43.27%,450,120,570
"Judge, County Probate Court No. 2",0981,0,0,0,0,0.00%,0,0,0
"Judge, County Probate Court No. 2",0982,312,312,624,1567,39.82%,505,90,595
"Judge, County Probate Court No. 2",0983,11,21,32,161,19.88%,21,10,31
"Judge, County Probate Court No. 2",0984,18,9,27,192,14.06%,4,22,26
"Judge, County Probate Court No. 2",0985,117,63,180,351,51.28%,99,69,168
"Judge, County Probate Court No. 2",0986,43,30,73,463,15.77%,11,61,72
"Judge, County Probate Court No. 2",0987,231,90,321,1155,27.79%,33,280,313
"Judge, County Probate Court No. 2",0988,24,12,36,123,29.27%,34,2,36
"Judge, County Probate Court No. 2",09896,6,12,43,27.91%,9,3,12
"Judge, County Probate Court No. 2",0990,16,1,17,140,12.14%,9,7,16
"Judge, County Probate Court No. 2",0991,0,0,0,1,0.00%,0,0,0
"Judge, County Probate Court No. 2",0992,157,107,264,1048,25.19%,150,103,253
"Judge, County Probate Court No. 2",0993,169,101,270,568,47.54%,224,37,261
"Judge, County Probate Court No. 2",09946,5,11,25,44.00%,2,9,11
"Judge, County Probate Court No. 2",0995,295,156,451,1393,32.38%,29,411,440
"Judge, County Probate Court No. 2",0996,135,140,275,694,39.63%,157,99,256
"Judge, County Probate Court No. 2",0997,101,163,264,1656,15.94%,57,202,259
"Judge, County Probate Court No. 2",0998,5,1,6,57,10.53%,3,3,6
"Judge, County Probate Court No. 2",0999,17,10,27,68,39.71%,23,3,26
"Judge, County Probate Court No. 2",1000,42,6,48,405,11.85%,12,35,47
"Judge, County Probate Court No. 2",1001,228,136,364,1565,23.26%,99,247,346
"Judge, County Probate Court No. 2",1002,170,139,309,1744,17.72%,56,237,293
"Judge, County Probate Court No. 2",1003,1,0,1,0,0.00%,1,0,1
"Judge, County Probate Court No. 2",1004,111,139,250,654,38.23%,128,95,223
"Judge, County Probate Court No. 2",1005,0,8,8,0,0.00%,3,4,7
"Judge, County Probate Court No. 2",1006,1,0,1,5,20.00%,1,0,1
"Judge, County Probate Court No. 2",1007,208,188,396,1547,25.60%,93,287,380
"Judge, County Probate Court No. 2",1008,32,12,44,151,29.14%,34,8,42
"Judge, County Probate Court No. 2",1009,0,0,0,9,0.00%,0,0,0
"Judge, County Probate Court No. 2",1010,59,35,94,459,20.48%,15,77,92
"Judge, County Probate Court No. 2",1011,8,1,9,26,34.62%,5,3,8
"Judge, County Probate Court No. 2",1012,134,201,335,1365,24.54%,103,225,328
"Judge, County Probate Court No. 2",1013,0,6,6,58,10.34%,3,3,6
"Judge, County Probate Court No. 2",1014,4,6,10,31,32.26%,1,9,10
"Judge, County Probate Court No. 2",1015,5,4,9,25,36.00%,3,5,8
"Judge, County Probate Court No. 2",1016,252,212,464,1691,27.44%,229,220,449
"Judge, County Probate Court No. 2",1017,61,44,105,330,31.82%,32,71,103
"Judge, County Probate Court No. 2",1018,93,64,157,494,31.78%,71,82,153
"Judge, County Probate Court No. 2",1019,130,107,237,1456,16.28%,14,219,233
"Judge, County Probate Court No. 2",1020,0,0,0,1,0.00%,0,0,0
"Judge, County Probate Court No. 2",1021,0,0,0,2,0.00%,0,0,0
"Judge, County Probate Court No. 2",1022,97,79,176,441,39.91%,132,32,164
"Judge, County Probate Court No. 2",1023,430,315,745,2026,36.77%,534,182,716
"Judge, County Probate Court No. 2",1024,55,61,116,249,46.59%,62,45,107
"Judge, County Probate Court No. 2",1025,0,1,1,14,7.14%,1,0,1
"Judge, County Probate Court No. 2",1026,0,0,0,0,0.00%,0,0,0
"Judge, County Probate Court No. 2",1027,1,0,1,8,12.50%,0,1,1
"Judge, County Probate Court No. 2",1028,0,0,0,0,0.00%,0,0,0
"Judge, County Probate Court No. 2",1029,537,719,1256,2927,42.91%,988,212,1200
"Judge, County Probate Court No. 2",1030,231,151,382,785,48.66%,336,41,377
"Judge, County Probate Court No. 2",1031,59,71,130,792,16.41%,36,86,122
"Judge, County Probate Court No. 2",1032,31,25,56,244,22.95%,34,18,52
"Judge, County Probate Court No. 2",1033,0,0,0,0,0.00%,0,0,0
"Judge, County Probate Court No. 2",1034,0,0,0,0,0.00%,0,0,0
"Judge, County Probate Court No. 2",1035,2,4,6,138,4.35%,1,4,5
"Judge, County Probate Court No. 2",1036,65,24,89,449,19.82%,73,14,87
"Judge, County Probate Court No. 2",1037,19,11,30,76,39.47%,17,9,26
"Judge, County Probate Court No. 2",1038,62,6,68,327,20.80%,9,55,64
"Judge, County Probate Court No. 2",1039,2,0,2,25,8.00%,0,2,2
"Judge, County Probate Court No. 2",1040,91,66,157,771,20.36%,76,75,151
"Judge, County Probate Court No. 2",1041,0,2,2,0,0.00%,0,2,2
"Judge, County Probate Court No. 2",1042,105,67,172,521,33.01%,52,112,164
"Judge, County Probate Court No. 2",1043,5,6,12,33,36.36%,4,8,12
"Judge, County Probate Court No. 2",1044,16,6,22,55,40.00%,7,14,21
"Judge, County Probate Court No. 2",1045,197,173,370,1788,20.69%,50,307,357
"Judge, County Probate Court No. 2",1046,11,5,16,62,25.81%,1,15,16
"Judge, County Probate Court No. 2",1047,255,186,441,1568,28.13%,162,266,428
"Judge, County Probate Court No. 2",1048,1,0,1,17,5.88%,1,0,1
"Judge, County Probate Court No. 2",1049,14,45,59,290,20.34%,20,37,57
"Judge, County Probate Court No. 2",1050,60,63,123,537,22.91%,32,86,118
"Judge, County Probate Court No. 2",1051,0,31,31,0,0.00%,16,11,27
"Judge, County Probate Court No. 2",1052,0,0,0,0,0.00%,0,0,0
"Judge, County Probate Court No. 2",1053,0,0,0,0,0.00%,0,0,0
"Judge, County Probate Court No. 2",1054,0,0,0,1,0.00%,0,0,0
"Judge, County Probate Court No. 2",1055,0,0,0,0,0.00%,0,0,0
"Judge, County Probate Court No. 2",1056,4,2,6,8,75.00%,0,6,6
"Judge, County Probate Court No. 2",1057,7,9,16,118,13.56%,2,13,15
"Judge, County Probate Court No. 2",1058,241,285,526,1243,42.32%,103,412,515
"Judge, County Probate Court No. 2",1059,3,3,6,28,21.43%,1,5,6
"Judge, County Probate Court No. 2",1060,5,2,7,42,16.67%,5,2,7
"Judge, County Probate Court No. 2",1061,332,184,516,1716,30.07%,272,223,495
"Judge, County Probate Court No. 2",1062,17,6,23,201,11.44%,4,16,20
"Judge, County Probate Court No. 2",1063,66,59,125,857,14.59%,20,101,121
"Judge, County Probate Court No. 2",1064,25,11,36,119,30.25%,30,6,36
"Judge, County Probate Court No. 2",1065,1,0,1,28,3.57%,0,1,1
"Judge, County Probate Court No. 2",1066,72,0,72,229,31.44%,2,65,67
"Judge, County Probate Court No. 2",1067,0,0,0,0,0.00%,0,0,0
"Judge, County Probate Court No. 2",1068,22,8,30,121,24.79%,12,17,29
"Judge, County Probate Court No. 2",1069,434,256,690,2580,26.74%,315,330,645
"Judge, County Probate Court No. 2",Totals:,378846,308736,687582,2044361,,361291,294741,656032
