Office,Precinct,Early Ballots Cast,Election Ballots Cast,Total Ballots Cast,Registered Voters,Percent Turnout,REP Ken Wise,DEM Gordon Goodman,Totals
"Justice, 14th Court of Appeals District, Place 7",0001,417,466,883,2358,37.45%,293,535,828
"Justice, 14th Court of Appeals District, Place 7",0002,333,313,646,1961,32.94%,271,328,599
"Justice, 14th Court of Appeals District, Place 7",0003,325,405,731,1560,46.86%,276,389,665
"Justice, 14th Court of Appeals District, Place 7",0004,359,487,856,1668,51.32%,328,467,795
"Justice, 14th Court of Appeals District, Place 7",0005,279,448,727,1417,51.31%,271,399,670
"Justice, 14th Court of Appeals District, Place 7",0006,555,456,1112,3702,30.04%,648,434,1082
"Justice, 14th Court of Appeals District, Place 7",0007,209,110,319,1017,31.37%,16,293,309
"Justice, 14th Court of Appeals District, Place 7",0008,393,310,703,1744,40.31%,365,311,676
"Justice, 14th Court of Appeals District, Place 7",0009,206,223,429,1874,22.89%,118,282,400
"Justice, 14th Court of Appeals District, Place 7",0010,255,171,426,1753,24.30%,125,271,396
"Justice, 14th Court of Appeals District, Place 7",0011,184,176,360,1785,20.17%,68,266,334
"Justice, 14th Court of Appeals District, Place 7",0012,55,66,152,735,20.68%,87,61,148
"Justice, 14th Court of Appeals District, Place 7",0013,548,361,909,2689,33.80%,672,203,875
"Justice, 14th Court of Appeals District, Place 7",0014,442,495,937,1870,50.11%,513,379,892
"Justice, 14th Court of Appeals District, Place 7",0015,597,898,1495,2878,51.95%,917,469,1386
"Justice, 14th Court of Appeals District, Place 7",0016,239,137,376,1071,35.11%,182,177,359
"Justice, 14th Court of Appeals District, Place 7",0017,185,215,400,1162,34.42%,178,196,374
"Justice, 14th Court of Appeals District, Place 7",0018,371,351,722,1443,50.03%,353,320,673
"Justice, 14th Court of Appeals District, Place 7",0019,171,207,378,1170,32.31%,126,234,360
"Justice, 14th Court of Appeals District, Place 7",0020,312,287,599,2646,22.64%,185,384,569
"Justice, 14th Court of Appeals District, Place 7",0021,175,184,362,1122,32.26%,79,267,346
"Justice, 14th Court of Appeals District, Place 7",0022,397,322,719,2473,29.07%,141,556,697
"Justice, 14th Court of Appeals District, Place 7",0023,31,22,53,541,9.80%,9,43,52
"Justice, 14th Court of Appeals District, Place 7",0024,106,88,194,655,29.62%,16,171,187
"Justice, 14th Court of Appeals District, Place 7",0025,105,143,248,1086,22.84%,14,229,243
"Justice, 14th Court of Appeals District, Place 7",0026,239,277,516,1845,27.97%,141,336,477
"Justice, 14th Court of Appeals District, Place 7",0027,463,427,890,3074,28.95%,234,616,850
"Justice, 14th Court of Appeals District, Place 7",0028,535,405,1041,3029,34.37%,673,319,992
"Justice, 14th Court of Appeals District, Place 7",0029,194,237,431,2638,16.34%,168,242,410
"Justice, 14th Court of Appeals District, Place 7",0030,358,391,759,2403,31.59%,212,522,734
"Justice, 14th Court of Appeals District, Place 7",0031,453,280,733,2511,29.19%,17,694,711
"Justice, 14th Court of Appeals District, Place 7",0032,318,405,723,2398,30.15%,291,388,679
"Justice, 14th Court of Appeals District, Place 7",0033,707,615,1322,3706,35.67%,455,796,1251
"Justice, 14th Court of Appeals District, Place 7",0034,625,579,1204,2786,43.22%,308,839,1147
"Justice, 14th Court of Appeals District, Place 7",0035,4,0,4,11,36.36%,1,3,4
"Justice, 14th Court of Appeals District, Place 7",0036,416,318,734,2927,25.08%,207,492,699
"Justice, 14th Court of Appeals District, Place 7",0037,542,436,978,2106,46.44%,304,614,918
"Justice, 14th Court of Appeals District, Place 7",0038,784,589,1373,2875,47.76%,497,799,1296
"Justice, 14th Court of Appeals District, Place 7",0039,657,575,1232,2759,44.65%,316,839,1155
"Justice, 14th Court of Appeals District, Place 7",0040,136,152,288,541,53.23%,149,122,271
"Justice, 14th Court of Appeals District, Place 7",0041,176,230,406,1334,30.43%,169,226,395
"Justice, 14th Court of Appeals District, Place 7",0042,228,109,337,1071,31.47%,6,321,327
"Justice, 14th Court of Appeals District, Place 7",0043,293,210,503,1695,29.68%,275,204,479
"Justice, 14th Court of Appeals District, Place 7",0044,204,222,426,2001,21.29%,106,292,398
"Justice, 14th Court of Appeals District, Place 7",0045,894,750,1644,6698,24.54%,331,1268,1599
"Justice, 14th Court of Appeals District, Place 7",0046,290,247,537,2511,21.39%,99,410,509
"Justice, 14th Court of Appeals District, Place 7",0047,213,218,431,1627,26.49%,16,404,420
"Justice, 14th Court of Appeals District, Place 7",0048,157,142,299,940,31.81%,26,265,291
"Justice, 14th Court of Appeals District, Place 7",0049,584,482,1066,3343,31.89%,783,254,1037
"Justice, 14th Court of Appeals District, Place 7",0050,785,771,1556,5211,29.86%,865,645,1510
"Justice, 14th Court of Appeals District, Place 7",0051,353,243,596,1689,35.29%,449,131,580
"Justice, 14th Court of Appeals District, Place 7",0052,422,447,869,2457,35.37%,419,407,826
"Justice, 14th Court of Appeals District, Place 7",0053,554,726,1290,2971,43.42%,554,648,1202
"Justice, 14th Court of Appeals District, Place 7",0054,269,364,633,1487,42.57%,343,259,602
"Justice, 14th Court of Appeals District, Place 7",0055,191,251,442,1506,29.35%,200,219,419
"Justice, 14th Court of Appeals District, Place 7",0056,282,278,560,1326,42.23%,379,154,533
"Justice, 14th Court of Appeals District, Place 7",0057,710,831,1541,3153,48.87%,633,805,1438
"Justice, 14th Court of Appeals District, Place 7",0058,469,556,1025,2690,38.10%,449,528,977
"Justice, 14th Court of Appeals District, Place 7",0059,555,609,1164,2544,45.75%,481,614,1095
"Justice, 14th Court of Appeals District, Place 7",0060,499,564,1063,2453,43.33%,270,717,987
"Justice, 14th Court of Appeals District, Place 7",0061,172,204,376,1773,21.21%,152,201,353
"Justice, 14th Court of Appeals District, Place 7",0062,145,322,467,2181,21.41%,120,324,444
"Justice, 14th Court of Appeals District, Place 7",0063,264,354,618,1826,33.84%,504,98,602
"Justice, 14th Court of Appeals District, Place 7",0064,191,221,412,2141,19.24%,89,302,391
"Justice, 14th Court of Appeals District, Place 7",0065,172,230,402,2167,18.55%,97,283,380
"Justice, 14th Court of Appeals District, Place 7",0066,69,143,212,1098,19.31%,38,160,198
"Justice, 14th Court of Appeals District, Place 7",0067,304,282,586,2794,20.97%,165,387,552
"Justice, 14th Court of Appeals District, Place 7",0068,553,352,905,2924,30.95%,22,863,885
"Justice, 14th Court of Appeals District, Place 7",0069,80,124,204,1284,15.89%,42,148,190
"Justice, 14th Court of Appeals District, Place 7",0070,882,664,1546,3337,46.33%,933,513,1446
"Justice, 14th Court of Appeals District, Place 7",0071,602,722,1324,4197,31.55%,660,606,1266
"Justice, 14th Court of Appeals District, Place 7",0072,220,293,513,1924,26.66%,170,319,489
"Justice, 14th Court of Appeals District, Place 7",0073,252,414,666,1555,42.83%,379,242,621
"Justice, 14th Court of Appeals District, Place 7",0074,1153,782,1935,3583,54.01%,1526,330,1856
"Justice, 14th Court of Appeals District, Place 7",0075,254,280,534,1444,36.98%,213,290,503
"Justice, 14th Court of Appeals District, Place 7",0076,373,374,747,2362,31.63%,443,278,721
"Justice, 14th Court of Appeals District, Place 7",0077,43,46,89,566,15.72%,21,64,85
"Justice, 14th Court of Appeals District, Place 7",0078,180,201,381,1522,25.03%,139,223,362
"Justice, 14th Court of Appeals District, Place 7",0079,205,306,511,2927,17.46%,128,342,470
"Justice, 14th Court of Appeals District, Place 7",0080,501,351,852,2725,31.27%,216,593,809
"Justice, 14th Court of Appeals District, Place 7",0081,183,187,370,1835,20.16%,147,202,349
"Justice, 14th Court of Appeals District, Place 7",0082,639,671,1310,3368,38.90%,996,281,1277
"Justice, 14th Court of Appeals District, Place 7",0083,1296,888,2184,6625,32.97%,1086,1037,2123
"Justice, 14th Court of Appeals District, Place 7",0084,208,218,426,1373,31.03%,313,98,411
"Justice, 14th Court of Appeals District, Place 7",0085,271,248,519,2173,23.88%,24,484,508
"Justice, 14th Court of Appeals District, Place 7",0086,447,568,1015,2910,34.88%,471,490,961
"Justice, 14th Court of Appeals District, Place 7",0087,574,787,1461,2818,51.85%,965,414,1379
"Justice, 14th Court of Appeals District, Place 7",0088,123,118,241,693,34.78%,156,73,229
"Justice, 14th Court of Appeals District, Place 7",0089,165,371,536,1094,48.99%,316,186,502
"Justice, 14th Court of Appeals District, Place 7",0090,844,790,1634,3700,44.16%,1219,359,1578
"Justice, 14th Court of Appeals District, Place 7",0091,219,222,441,1505,29.30%,271,153,424
"Justice, 14th Court of Appeals District, Place 7",0092,695,462,1157,2242,51.61%,780,311,1091
"Justice, 14th Court of Appeals District, Place 7",0093,381,301,682,3356,20.32%,276,371,647
"Justice, 14th Court of Appeals District, Place 7",0094,51,43,94,549,17.12%,28,62,90
"Justice, 14th Court of Appeals District, Place 7",0095,917,576,1493,3177,46.99%,1115,326,1441
"Justice, 14th Court of Appeals District, Place 7",0096,83,83,166,1296,12.81%,21,144,165
"Justice, 14th Court of Appeals District, Place 7",0097,1024,725,1749,4828,36.23%,1313,385,1698
"Justice, 14th Court of Appeals District, Place 7",0098,403,488,891,2651,33.61%,739,126,865
"Justice, 14th Court of Appeals District, Place 7",0099,254,184,438,2092,20.94%,217,212,429
"Justice, 14th Court of Appeals District, Place 7",0100,155,173,338,1730,19.54%,183,148,331
"Justice, 14th Court of Appeals District, Place 7",0101,72,58,130,946,13.74%,47,81,128
"Justice, 14th Court of Appeals District, Place 7",0102,207,121,328,1872,17.52%,91,225,316
"Justice, 14th Court of Appeals District, Place 7",0103,700,714,1414,5371,26.33%,808,569,1377
"Justice, 14th Court of Appeals District, Place 7",0104,530,231,761,1905,39.95%,19,733,752
"Justice, 14th Court of Appeals District, Place 7",0105,195,210,406,2165,18.75%,140,239,379
"Justice, 14th Court of Appeals District, Place 7",0106,15,7,25,294,8.50%,17,8,25
"Justice, 14th Court of Appeals District, Place 7",0107,154,197,351,2032,17.27%,60,276,336
"Justice, 14th Court of Appeals District, Place 7",0108,558,272,940,3365,27.93%,568,338,906
"Justice, 14th Court of Appeals District, Place 7",0109,529,245,774,2824,27.41%,8,750,758
"Justice, 14th Court of Appeals District, Place 7",0110,554,494,1148,3042,37.74%,748,359,1107
"Justice, 14th Court of Appeals District, Place 7",0111,815,795,1611,4102,39.27%,1199,357,1556
"Justice, 14th Court of Appeals District, Place 7",0112,542,485,1027,2976,34.51%,766,228,994
"Justice, 14th Court of Appeals District, Place 7",0113,552,429,991,2647,37.44%,617,331,948
"Justice, 14th Court of Appeals District, Place 7",0114,707,547,1254,3311,37.87%,1018,204,1222
"Justice, 14th Court of Appeals District, Place 7",0115,238,150,388,1800,21.56%,51,326,377
"Justice, 14th Court of Appeals District, Place 7",0116,982,776,1758,3147,55.86%,1366,309,1675
"Justice, 14th Court of Appeals District, Place 7",0117,215,226,441,1880,23.46%,225,193,418
"Justice, 14th Court of Appeals District, Place 7",0118,304,123,427,759,56.26%,366,47,413
"Justice, 14th Court of Appeals District, Place 7",0119,1288,1024,2312,5500,42.04%,1888,345,2233
"Justice, 14th Court of Appeals District, Place 7",0120,712,422,1134,3191,35.54%,752,338,1090
"Justice, 14th Court of Appeals District, Place 7",0121,92,178,270,848,31.84%,187,73,250
"Justice, 14th Court of Appeals District, Place 7",0122,352,225,577,1890,30.53%,21,540,561
"Justice, 14th Court of Appeals District, Place 7",0123,284,288,572,1392,41.09%,154,387,541
"Justice, 14th Court of Appeals District, Place 7",0124,1734,1292,3026,7254,41.71%,2425,529,2954
"Justice, 14th Court of Appeals District, Place 7",0125,415,332,747,2405,31.06%,463,260,723
"Justice, 14th Court of Appeals District, Place 7",0126,893,467,1360,3100,43.87%,1213,116,1329
"Justice, 14th Court of Appeals District, Place 7",0127,435,154,589,1836,32.08%,421,132,553
"Justice, 14th Court of Appeals District, Place 7",0128,445,707,1152,2290,50.31%,760,301,1061
"Justice, 14th Court of Appeals District, Place 7",0129,1030,1200,2230,5746,38.81%,1442,700,2142
"Justice, 14th Court of Appeals District, Place 7",0130,727,523,1250,2333,53.58%,951,247,1198
"Justice, 14th Court of Appeals District, Place 7",0131,251,259,510,1935,26.36%,121,365,485
"Justice, 14th Court of Appeals District, Place 7",0132,593,323,916,2387,38.37%,22,872,894
"Justice, 14th Court of Appeals District, Place 7",0133,513,858,1371,2662,51.50%,824,450,1274
"Justice, 14th Court of Appeals District, Place 7",0134,192,265,457,1437,31.80%,212,227,439
"Justice, 14th Court of Appeals District, Place 7",0135,729,579,1308,2671,48.97%,941,309,1250
"Justice, 14th Court of Appeals District, Place 7",0136,503,371,874,2013,43.42%,37,812,849
"Justice, 14th Court of Appeals District, Place 7",0137,166,141,307,716,42.88%,155,133,288
"Justice, 14th Court of Appeals District, Place 7",0138,296,199,495,1699,29.13%,15,470,485
"Justice, 14th Court of Appeals District, Place 7",0139,699,551,1250,3037,41.16%,576,606,1182
"Justice, 14th Court of Appeals District, Place 7",0140,700,480,1180,3214,36.71%,153,985,1138
"Justice, 14th Court of Appeals District, Place 7",0141,80,80,160,855,18.71%,100,53,153
"Justice, 14th Court of Appeals District, Place 7",0142,87,103,190,902,21.06%,67,116,183
"Justice, 14th Court of Appeals District, Place 7",0143,1962,580,2542,6386,39.81%,1848,640,2488
"Justice, 14th Court of Appeals District, Place 7",0144,216,158,374,1093,34.22%,10,354,364
"Justice, 14th Court of Appeals District, Place 7",0145,264,213,477,1538,31.01%,9,455,464
"Justice, 14th Court of Appeals District, Place 7",0146,426,519,945,2008,47.06%,432,469,901
"Justice, 14th Court of Appeals District, Place 7",0147,689,329,1018,3008,33.84%,132,859,991
"Justice, 14th Court of Appeals District, Place 7",0148,500,780,1280,2540,50.39%,546,650,1196
"Justice, 14th Court of Appeals District, Place 7",0149,1621,737,2358,7993,29.50%,1237,1067,2304
"Justice, 14th Court of Appeals District, Place 7",0150,236,169,405,1256,32.25%,12,388,400
"Justice, 14th Court of Appeals District, Place 7",0151,137,79,216,826,26.15%,9,198,207
"Justice, 14th Court of Appeals District, Place 7",0152,213,299,512,2788,18.36%,138,351,489
"Justice, 14th Court of Appeals District, Place 7",0153,125,206,331,1808,18.31%,111,204,315
"Justice, 14th Court of Appeals District, Place 7",0154,249,183,432,2190,19.73%,109,299,408
"Justice, 14th Court of Appeals District, Place 7",0155,1022,619,1641,4109,39.94%,1163,427,1590
"Justice, 14th Court of Appeals District, Place 7",0156,799,326,1125,3071,36.63%,38,1058,1096
"Justice, 14th Court of Appeals District, Place 7",0157,448,214,662,2236,29.61%,26,621,647
"Justice, 14th Court of Appeals District, Place 7",0158,600,315,915,3035,30.15%,22,879,901
"Justice, 14th Court of Appeals District, Place 7",0159,116,127,243,998,24.35%,36,198,234
"Justice, 14th Court of Appeals District, Place 7",0160,122,73,195,696,28.02%,4,189,193
"Justice, 14th Court of Appeals District, Place 7",0161,163,141,304,991,30.68%,6,294,300
"Justice, 14th Court of Appeals District, Place 7",0162,101,83,184,1265,14.55%,68,104,172
"Justice, 14th Court of Appeals District, Place 7",0163,230,320,550,3037,18.11%,234,288,522
"Justice, 14th Court of Appeals District, Place 7",0164,182,205,387,1420,27.25%,12,369,381
"Justice, 14th Court of Appeals District, Place 7",0165,535,483,1018,2334,43.62%,680,292,972
"Justice, 14th Court of Appeals District, Place 7",0166,158,233,391,1028,38.04%,120,252,372
"Justice, 14th Court of Appeals District, Place 7",0167,3,0,3,24,12.50%,0,3,3
"Justice, 14th Court of Appeals District, Place 7",0168,92,58,150,503,29.82%,1,144,145
"Justice, 14th Court of Appeals District, Place 7",0169,518,251,767,2513,30.52%,14,733,747
"Justice, 14th Court of Appeals District, Place 7",0170,271,141,412,1869,22.04%,216,173,389
"Justice, 14th Court of Appeals District, Place 7",0171,202,198,400,1604,24.94%,8,384,392
"Justice, 14th Court of Appeals District, Place 7",0172,88,80,166,621,26.73%,65,88,153
"Justice, 14th Court of Appeals District, Place 7",0173,817,739,1556,3599,43.23%,1260,254,1514
"Justice, 14th Court of Appeals District, Place 7",0174,829,733,1562,3296,47.39%,1095,386,1481
"Justice, 14th Court of Appeals District, Place 7",0175,557,749,1306,2618,49.89%,698,524,1222
"Justice, 14th Court of Appeals District, Place 7",0176,344,451,795,1602,49.63%,435,294,729
"Justice, 14th Court of Appeals District, Place 7",0177,278,326,604,1496,40.37%,370,209,579
"Justice, 14th Court of Appeals District, Place 7",0178,504,365,869,1765,49.24%,609,204,813
"Justice, 14th Court of Appeals District, Place 7",0179,256,188,444,1575,28.19%,240,183,423
"Justice, 14th Court of Appeals District, Place 7",0180,470,343,813,2834,28.69%,22,756,778
"Justice, 14th Court of Appeals District, Place 7",0181,175,262,437,2061,21.20%,138,278,416
"Justice, 14th Court of Appeals District, Place 7",0182,590,974,1564,3405,45.93%,997,453,1450
"Justice, 14th Court of Appeals District, Place 7",0183,519,794,1313,2491,52.71%,898,339,1237
"Justice, 14th Court of Appeals District, Place 7",0184,106,135,241,994,24.25%,82,140,222
"Justice, 14th Court of Appeals District, Place 7",0185,283,292,575,1933,29.75%,207,341,548
"Justice, 14th Court of Appeals District, Place 7",0186,97,106,203,798,25.44%,31,165,196
"Justice, 14th Court of Appeals District, Place 7",0187,21,25,46,311,14.79%,15,30,45
"Justice, 14th Court of Appeals District, Place 7",0188,153,146,299,1637,18.27%,140,147,287
"Justice, 14th Court of Appeals District, Place 7",0189,239,360,599,1465,40.89%,324,236,560
"Justice, 14th Court of Appeals District, Place 7",0190,120,177,297,1723,17.24%,128,157,285
"Justice, 14th Court of Appeals District, Place 7",0191,79,126,205,1366,15.01%,94,105,199
"Justice, 14th Court of Appeals District, Place 7",0192,380,225,605,1959,30.88%,26,560,586
"Justice, 14th Court of Appeals District, Place 7",0193,173,187,360,1074,33.52%,10,336,346
"Justice, 14th Court of Appeals District, Place 7",0194,351,431,782,1912,40.90%,253,493,746
"Justice, 14th Court of Appeals District, Place 7",0195,269,278,547,1694,32.29%,21,513,534
"Justice, 14th Court of Appeals District, Place 7",0196,52,32,84,316,26.58%,5,77,82
"Justice, 14th Court of Appeals District, Place 7",0197,543,309,852,2914,29.24%,13,827,840
"Justice, 14th Court of Appeals District, Place 7",0198,53,74,127,642,19.78%,3,123,126
"Justice, 14th Court of Appeals District, Place 7",0199,812,661,1473,3216,45.80%,1161,251,1412
"Justice, 14th Court of Appeals District, Place 7",0200,962,536,1498,3382,44.29%,711,693,1404
"Justice, 14th Court of Appeals District, Place 7",0201,98,87,185,724,25.55%,3,177,180
"Justice, 14th Court of Appeals District, Place 7",0202,217,189,406,1464,27.73%,16,385,401
"Justice, 14th Court of Appeals District, Place 7",0203,107,68,175,960,18.23%,42,122,164
"Justice, 14th Court of Appeals District, Place 7",0204,816,784,1600,3487,45.88%,915,571,1486
"Justice, 14th Court of Appeals District, Place 7",0205,465,171,636,1664,38.22%,13,615,628
"Justice, 14th Court of Appeals District, Place 7",0206,363,462,825,2779,29.69%,249,532,781
"Justice, 14th Court of Appeals District, Place 7",0207,265,261,526,1188,44.28%,180,319,499
"Justice, 14th Court of Appeals District, Place 7",0208,322,262,584,2195,26.61%,178,382,560
"Justice, 14th Court of Appeals District, Place 7",0209,0,2,2,0,0.00%,2,0,2
"Justice, 14th Court of Appeals District, Place 7",0210,502,467,969,2533,38.26%,107,836,943
"Justice, 14th Court of Appeals District, Place 7",0211,307,386,693,2914,23.78%,261,399,660
"Justice, 14th Court of Appeals District, Place 7",0212,96,155,251,1300,19.31%,53,190,243
"Justice, 14th Court of Appeals District, Place 7",0213,826,913,1739,3350,51.91%,1411,233,1644
"Justice, 14th Court of Appeals District, Place 7",0214,404,491,895,1854,48.27%,580,274,854
"Justice, 14th Court of Appeals District, Place 7",0215,423,711,1134,2258,50.22%,698,376,1074
"Justice, 14th Court of Appeals District, Place 7",0216,362,223,585,1945,30.08%,38,533,571
"Justice, 14th Court of Appeals District, Place 7",0217,844,631,1475,2678,55.08%,1018,373,1391
"Justice, 14th Court of Appeals District, Place 7",0218,391,402,793,2292,34.60%,261,471,732
"Justice, 14th Court of Appeals District, Place 7",0219,496,436,932,2767,33.68%,53,848,901
"Justice, 14th Court of Appeals District, Place 7",0220,325,187,512,2310,22.16%,371,124,495
"Justice, 14th Court of Appeals District, Place 7",0221,332,369,701,2529,27.72%,302,356,658
"Justice, 14th Court of Appeals District, Place 7",0222,623,674,1297,2501,51.86%,654,549,1203
"Justice, 14th Court of Appeals District, Place 7",0223,563,377,940,3582,26.24%,273,616,889
"Justice, 14th Court of Appeals District, Place 7",0224,531,456,987,2238,44.10%,484,443,927
"Justice, 14th Court of Appeals District, Place 7",0225,376,405,781,3305,23.63%,391,361,752
"Justice, 14th Court of Appeals District, Place 7",0226,227,307,534,2436,21.92%,134,371,505
"Justice, 14th Court of Appeals District, Place 7",0227,558,423,981,1785,54.96%,782,140,922
"Justice, 14th Court of Appeals District, Place 7",0228,362,195,557,1050,53.05%,28,509,537
"Justice, 14th Court of Appeals District, Place 7",0229,31,96,127,815,15.58%,62,58,120
"Justice, 14th Court of Appeals District, Place 7",0230,185,116,301,1089,27.64%,7,288,295
"Justice, 14th Court of Appeals District, Place 7",0231,233,264,497,2232,22.27%,129,339,468
"Justice, 14th Court of Appeals District, Place 7",0232,361,474,835,1760,47.44%,494,293,787
"Justice, 14th Court of Appeals District, Place 7",0233,890,801,1691,4445,38.04%,856,720,1576
"Justice, 14th Court of Appeals District, Place 7",0234,1192,913,2105,3993,52.72%,1652,342,1994
"Justice, 14th Court of Appeals District, Place 7",0235,240,158,398,1356,29.35%,13,377,390
"Justice, 14th Court of Appeals District, Place 7",0236,354,235,589,2079,28.33%,14,562,576
"Justice, 14th Court of Appeals District, Place 7",0237,416,253,669,2161,30.96%,14,643,657
"Justice, 14th Court of Appeals District, Place 7",0238,340,245,585,1925,30.39%,13,553,566
"Justice, 14th Court of Appeals District, Place 7",0239,383,236,619,1964,31.52%,21,587,608
"Justice, 14th Court of Appeals District, Place 7",0240,585,243,828,2649,31.26%,25,788,813
"Justice, 14th Court of Appeals District, Place 7",0241,222,229,451,2372,19.01%,186,246,432
"Justice, 14th Court of Appeals District, Place 7",0242,173,162,335,1596,20.99%,199,121,320
"Justice, 14th Court of Appeals District, Place 7",0243,138,43,181,457,39.61%,2,179,181
"Justice, 14th Court of Appeals District, Place 7",0244,480,425,905,3117,29.03%,510,350,860
"Justice, 14th Court of Appeals District, Place 7",0245,946,799,1745,5828,29.94%,1234,475,1709
"Justice, 14th Court of Appeals District, Place 7",0246,584,513,1197,3315,36.11%,865,300,1165
"Justice, 14th Court of Appeals District, Place 7",0247,173,254,427,1582,26.99%,18,401,419
"Justice, 14th Court of Appeals District, Place 7",0248,161,167,328,2100,15.62%,94,222,316
"Justice, 14th Court of Appeals District, Place 7",0249,461,348,809,2719,29.75%,567,214,781
"Justice, 14th Court of Appeals District, Place 7",0250,109,164,273,964,28.32%,7,260,267
"Justice, 14th Court of Appeals District, Place 7",0251,278,436,714,2089,34.18%,26,675,701
"Justice, 14th Court of Appeals District, Place 7",0252,504,312,816,2377,34.33%,16,784,800
"Justice, 14th Court of Appeals District, Place 7",0253,379,222,601,2177,27.61%,11,576,587
"Justice, 14th Court of Appeals District, Place 7",0254,93,112,205,1550,13.23%,65,128,193
"Justice, 14th Court of Appeals District, Place 7",0255,525,648,1173,2482,47.26%,565,541,1106
"Justice, 14th Court of Appeals District, Place 7",0256,575,449,1024,3254,31.47%,486,477,963
"Justice, 14th Court of Appeals District, Place 7",0257,204,245,449,2523,17.80%,135,289,424
"Justice, 14th Court of Appeals District, Place 7",0258,839,800,1539,3322,49.34%,1223,326,1549
"Justice, 14th Court of Appeals District, Place 7",0259,555,382,1038,2361,43.96%,23,989,1012
"Justice, 14th Court of Appeals District, Place 7",0260,162,145,307,1260,24.37%,182,108,290
"Justice, 14th Court of Appeals District, Place 7",0261,124,120,244,1417,17.22%,105,130,235
"Justice, 14th Court of Appeals District, Place 7",0262,758,600,1358,4397,30.88%,855,434,1289
"Justice, 14th Court of Appeals District, Place 7",0263,858,712,1570,3693,42.51%,1213,309,1522
"Justice, 14th Court of Appeals District, Place 7",0264,480,457,937,2963,31.62%,580,310,890
"Justice, 14th Court of Appeals District, Place 7",0265,988,759,1747,3584,48.74%,1337,307,1644
"Justice, 14th Court of Appeals District, Place 7",0266,259,257,516,2104,24.52%,262,225,487
"Justice, 14th Court of Appeals District, Place 7",0267,146,166,312,1327,23.51%,162,133,295
"Justice, 14th Court of Appeals District, Place 7",0268,435,717,1152,2493,46.21%,696,361,1057
"Justice, 14th Court of Appeals District, Place 7",0269,702,453,1155,2030,56.90%,941,163,1104
"Justice, 14th Court of Appeals District, Place 7",0270,817,672,1489,3605,41.30%,842,574,1416
"Justice, 14th Court of Appeals District, Place 7",0271,656,382,1038,2518,41.22%,23,1005,1028
"Justice, 14th Court of Appeals District, Place 7",0272,264,292,555,2162,25.72%,230,306,536
"Justice, 14th Court of Appeals District, Place 7",0273,548,689,1237,2470,50.08%,1018,169,1187
"Justice, 14th Court of Appeals District, Place 7",0274,588,346,934,2153,43.38%,664,222,886
"Justice, 14th Court of Appeals District, Place 7",0275,207,236,443,1850,23.95%,110,322,432
"Justice, 14th Court of Appeals District, Place 7",0276,572,231,803,2536,31.66%,6,781,787
"Justice, 14th Court of Appeals District, Place 7",0277,170,186,356,1492,23.86%,175,170,345
"Justice, 14th Court of Appeals District, Place 7",0278,421,320,741,2454,30.20%,418,296,714
"Justice, 14th Court of Appeals District, Place 7",0279,250,223,473,1941,24.37%,287,167,454
"Justice, 14th Court of Appeals District, Place 7",0280,130,188,318,1524,20.87%,133,166,299
"Justice, 14th Court of Appeals District, Place 7",0281,655,742,1397,2633,53.06%,716,568,1284
"Justice, 14th Court of Appeals District, Place 7",0282,314,455,769,2042,37.66%,517,222,739
"Justice, 14th Court of Appeals District, Place 7",0283,0,0,0,0,0.00%,0,0,0
"Justice, 14th Court of Appeals District, Place 7",0284,574,336,910,3172,28.69%,432,434,866
"Justice, 14th Court of Appeals District, Place 7",0285,448,378,826,2540,32.52%,78,726,804
"Justice, 14th Court of Appeals District, Place 7",0286,1255,821,2076,6170,33.65%,189,1833,2022
"Justice, 14th Court of Appeals District, Place 7",0287,370,477,847,1621,52.25%,428,369,797
"Justice, 14th Court of Appeals District, Place 7",0288,532,313,845,2210,38.24%,20,812,832
"Justice, 14th Court of Appeals District, Place 7",0289,186,212,398,1564,25.45%,201,174,375
"Justice, 14th Court of Appeals District, Place 7",0290,245,298,543,1642,33.07%,411,116,527
"Justice, 14th Court of Appeals District, Place 7",0291,325,235,560,1225,45.71%,297,233,530
"Justice, 14th Court of Appeals District, Place 7",0292,207,147,354,1356,26.11%,43,305,348
"Justice, 14th Court of Appeals District, Place 7",0293,357,447,804,1759,45.71%,382,372,754
"Justice, 14th Court of Appeals District, Place 7",0294,488,221,709,2097,33.81%,11,685,696
"Justice, 14th Court of Appeals District, Place 7",0295,148,103,251,885,28.36%,7,240,247
"Justice, 14th Court of Appeals District, Place 7",0296,327,340,667,1713,38.94%,394,229,623
"Justice, 14th Court of Appeals District, Place 7",0297,280,249,529,2012,26.29%,244,260,504
"Justice, 14th Court of Appeals District, Place 7",0298,415,358,773,2121,36.45%,467,266,733
"Justice, 14th Court of Appeals District, Place 7",0299,178,117,295,1353,21.80%,117,156,273
"Justice, 14th Court of Appeals District, Place 7",0300,1389,1016,2405,5406,44.49%,1926,395,2321
"Justice, 14th Court of Appeals District, Place 7",0301,210,255,465,2352,19.77%,187,253,440
"Justice, 14th Court of Appeals District, Place 7",0302,353,343,696,2720,25.59%,405,267,672
"Justice, 14th Court of Appeals District, Place 7",0303,922,784,1706,3245,52.57%,1409,240,1649
"Justice, 14th Court of Appeals District, Place 7",0304,606,505,1111,2298,48.35%,638,403,1041
"Justice, 14th Court of Appeals District, Place 7",0305,524,432,956,4191,22.81%,410,522,932
"Justice, 14th Court of Appeals District, Place 7",0306,649,342,991,1879,52.74%,734,208,942
"Justice, 14th Court of Appeals District, Place 7",0307,733,670,1403,3099,45.27%,978,348,1326
"Justice, 14th Court of Appeals District, Place 7",0308,199,130,329,1296,25.39%,112,200,312
"Justice, 14th Court of Appeals District, Place 7",0309,708,593,1301,2524,51.55%,1060,180,1240
"Justice, 14th Court of Appeals District, Place 7",0310,386,279,665,1435,46.34%,464,159,623
"Justice, 14th Court of Appeals District, Place 7",0311,486,421,907,2986,30.38%,498,351,849
"Justice, 14th Court of Appeals District, Place 7",0312,742,457,1199,3636,32.98%,803,350,1153
"Justice, 14th Court of Appeals District, Place 7",0313,9,0,9,62,14.52%,7,2,9
"Justice, 14th Court of Appeals District, Place 7",0314,1121,913,2034,5647,36.02%,1287,693,1980
"Justice, 14th Court of Appeals District, Place 7",0315,478,388,866,1608,53.86%,518,301,819
"Justice, 14th Court of Appeals District, Place 7",0316,412,341,753,1537,48.99%,427,271,698
"Justice, 14th Court of Appeals District, Place 7",0317,249,209,458,1588,28.84%,152,290,442
"Justice, 14th Court of Appeals District, Place 7",0318,834,568,1402,3660,38.31%,78,1287,1365
"Justice, 14th Court of Appeals District, Place 7",0319,512,230,742,2158,34.38%,50,672,722
"Justice, 14th Court of Appeals District, Place 7",0320,234,168,402,1537,26.15%,202,186,388
"Justice, 14th Court of Appeals District, Place 7",0321,262,191,453,2346,19.31%,172,254,426
"Justice, 14th Court of Appeals District, Place 7",0322,181,129,310,1226,25.29%,105,194,299
"Justice, 14th Court of Appeals District, Place 7",0323,278,211,489,1722,28.40%,236,222,458
"Justice, 14th Court of Appeals District, Place 7",0324,532,646,1178,2336,50.43%,745,353,1098
"Justice, 14th Court of Appeals District, Place 7",0325,289,193,482,2112,22.82%,109,356,465
"Justice, 14th Court of Appeals District, Place 7",0326,87,74,161,698,23.07%,77,76,153
"Justice, 14th Court of Appeals District, Place 7",0327,380,129,509,1729,29.44%,10,487,497
"Justice, 14th Court of Appeals District, Place 7",0328,151,140,291,1434,20.29%,131,150,281
"Justice, 14th Court of Appeals District, Place 7",0329,189,184,373,1397,26.70%,142,210,352
"Justice, 14th Court of Appeals District, Place 7",0330,334,253,587,1936,30.32%,330,228,558
"Justice, 14th Court of Appeals District, Place 7",0331,0,0,0,0,0.00%,0,0,0
"Justice, 14th Court of Appeals District, Place 7",0332,18,7,25,138,18.12%,13,9,22
"Justice, 14th Court of Appeals District, Place 7",0333,524,714,1238,3021,40.98%,882,299,1181
"Justice, 14th Court of Appeals District, Place 7",0334,83,42,125,742,16.85%,21,100,121
"Justice, 14th Court of Appeals District, Place 7",0335,121,98,219,1300,16.85%,83,119,202
"Justice, 14th Court of Appeals District, Place 7",0336,866,624,1490,4051,36.78%,131,1327,1458
"Justice, 14th Court of Appeals District, Place 7",0337,124,103,227,1029,22.06%,42,171,213
"Justice, 14th Court of Appeals District, Place 7",0338,730,391,1121,4934,22.72%,389,655,1044
"Justice, 14th Court of Appeals District, Place 7",0339,202,222,424,1757,24.13%,96,302,398
"Justice, 14th Court of Appeals District, Place 7",0340,1038,594,1632,3765,43.35%,1242,331,1573
"Justice, 14th Court of Appeals District, Place 7",0341,91,167,258,1290,20.00%,87,162,249
"Justice, 14th Court of Appeals District, Place 7",0342,675,605,1280,6526,19.61%,215,1035,1250
"Justice, 14th Court of Appeals District, Place 7",0343,189,271,460,1964,23.42%,137,299,436
"Justice, 14th Court of Appeals District, Place 7",0344,154,172,326,1160,28.10%,14,298,312
"Justice, 14th Court of Appeals District, Place 7",0345,156,165,321,1804,17.79%,96,209,305
"Justice, 14th Court of Appeals District, Place 7",0346,0,1,1,3,33.33%,1,0,1
"Justice, 14th Court of Appeals District, Place 7",0347,592,436,1028,3387,30.35%,689,301,990
"Justice, 14th Court of Appeals District, Place 7",0348,438,208,646,1708,37.82%,506,116,622
"Justice, 14th Court of Appeals District, Place 7",0349,188,267,455,1349,33.73%,284,151,435
"Justice, 14th Court of Appeals District, Place 7",0350,524,526,1050,2909,36.09%,442,534,976
"Justice, 14th Court of Appeals District, Place 7",0351,1491,710,2201,4712,46.71%,1763,367,2130
"Justice, 14th Court of Appeals District, Place 7",0352,520,339,859,3205,26.80%,629,202,831
"Justice, 14th Court of Appeals District, Place 7",0353,665,451,1116,3862,28.90%,203,882,1085
"Justice, 14th Court of Appeals District, Place 7",0354,715,338,1053,3388,31.08%,268,758,1026
"Justice, 14th Court of Appeals District, Place 7",0355,301,264,565,1560,36.22%,54,500,554
"Justice, 14th Court of Appeals District, Place 7",0356,594,538,1132,2972,38.09%,758,328,1086
"Justice, 14th Court of Appeals District, Place 7",0357,837,575,1412,3517,40.15%,1045,319,1364
"Justice, 14th Court of Appeals District, Place 7",0358,212,254,466,2492,18.70%,54,399,453
"Justice, 14th Court of Appeals District, Place 7",0359,234,224,458,3061,14.96%,64,385,449
"Justice, 14th Court of Appeals District, Place 7",0360,522,380,902,2146,42.03%,497,330,827
"Justice, 14th Court of Appeals District, Place 7",0361,41,295,336,1673,20.08%,52,250,302
"Justice, 14th Court of Appeals District, Place 7",0362,1138,887,2025,5086,39.82%,1515,423,1938
"Justice, 14th Court of Appeals District, Place 7",0363,620,412,1032,3677,28.07%,476,533,1009
"Justice, 14th Court of Appeals District, Place 7",0364,488,405,893,2658,33.60%,51,7,336,853
"Justice, 14th Court of Appeals District, Place 7",0365,478,231,709,1305,54.33%,59,630,689
"Justice, 14th Court of Appeals District, Place 7",0366,252,270,522,2454,21.27%,134,365,499
"Justice, 14th Court of Appeals District, Place 7",0367,170,138,308,1130,27.26%,70,231,301
"Justice, 14th Court of Appeals District, Place 7",0368,178,88,266,958,27.77%,70,186,256
"Justice, 14th Court of Appeals District, Place 7",0369,32,29,61,559,10.91%,18,42,60
"Justice, 14th Court of Appeals District, Place 7",0370,1532,1105,2637,6593,40.00%,2020,535,2555
"Justice, 14th Court of Appeals District, Place 7",0371,122,52,174,502,34.66%,5,166,171
"Justice, 14th Court of Appeals District, Place 7",0372,221,170,391,1224,31.94%,52,328,380
"Justice, 14th Court of Appeals District, Place 7",0373,21,12,33,157,21.02%,1,30,31
"Justice, 14th Court of Appeals District, Place 7",0374,85,93,158,738,21.41%,55,99,154
"Justice, 14th Court of Appeals District, Place 7",0375,254,220,474,2645,17.92%,237,203,440
"Justice, 14th Court of Appeals District, Place 7",0376,278,205,483,1910,25.29%,216,244,460
"Justice, 14th Court of Appeals District, Place 7",0377,525,583,1109,2920,37.98%,825,234,1059
"Justice, 14th Court of Appeals District, Place 7",0378,232,354,586,1829,32.04%,373,192,565
"Justice, 14th Court of Appeals District, Place 7",0379,431,289,720,2027,35.52%,68,633,701
"Justice, 14th Court of Appeals District, Place 7",0380,1299,995,2294,5666,40.49%,1269,957,2226
"Justice, 14th Court of Appeals District, Place 7",0381,412,248,660,2855,23.12%,314,325,639
"Justice, 14th Court of Appeals District, Place 7",0382,132,157,289,922,31.34%,213,67,280
"Justice, 14th Court of Appeals District, Place 7",0383,289,263,552,2173,25.40%,226,306,532
"Justice, 14th Court of Appeals District, Place 7",0384,573,373,946,2657,35.60%,199,709,908
"Justice, 14th Court of Appeals District, Place 7",0385,583,670,1253,2207,56.77%,989,203,1192
"Justice, 14th Court of Appeals District, Place 7",0386,662,469,1131,2922,38.71%,836,254,1090
"Justice, 14th Court of Appeals District, Place 7",0387,555,672,1227,3935,31.18%,900,293,1193
"Justice, 14th Court of Appeals District, Place 7",0388,1430,1010,2440,6888,35.42%,1427,953,2380
"Justice, 14th Court of Appeals District, Place 7",0389,91,208,299,1026,29.14%,43,234,277
"Justice, 14th Court of Appeals District, Place 7",0390,356,263,619,1480,41.82%,80,518,598
"Justice, 14th Court of Appeals District, Place 7",0391,508,260,768,1883,40.79%,493,240,733
"Justice, 14th Court of Appeals District, Place 7",0392,387,155,542,1446,37.48%,10,525,535
"Justice, 14th Court of Appeals District, Place 7",0393,165,185,350,1292,27.09%,168,173,341
"Justice, 14th Court of Appeals District, Place 7",0394,69,73,142,834,17.03%,69,67,136
"Justice, 14th Court of Appeals District, Place 7",0395,470,404,874,1846,47.35%,646,186,832
"Justice, 14th Court of Appeals District, Place 7",0396,622,216,838,2082,40.25%,17,805,822
"Justice, 14th Court of Appeals District, Place 7",0397,86,78,164,760,21.58%,78,83,161
"Justice, 14th Court of Appeals District, Place 7",0398,615,521,1136,4022,28.24%,619,493,1112
"Justice, 14th Court of Appeals District, Place 7",0399,402,366,768,2791,27.52%,432,312,744
"Justice, 14th Court of Appeals District, Place 7",0400,620,359,979,2411,40.61%,727,216,943
"Justice, 14th Court of Appeals District, Place 7",0401,330,205,535,1913,27.97%,20,503,523
"Justice, 14th Court of Appeals District, Place 7",0402,466,266,732,1794,40.80%,37,677,714
"Justice, 14th Court of Appeals District, Place 7",0403,475,498,973,1715,56.73%,559,345,904
"Justice, 14th Court of Appeals District, Place 7",0404,419,330,749,2585,28.97%,439,282,721
"Justice, 14th Court of Appeals District, Place 7",0405,0,0,0,0,0.00%,0,0,0
"Justice, 14th Court of Appeals District, Place 7",0406,137,67,204,628,32.48%,3,199,202
"Justice, 14th Court of Appeals District, Place 7",0407,691,793,1484,3769,39.37%,1005,400,1405
"Justice, 14th Court of Appeals District, Place 7",0408,146,153,299,1691,17.68%,143,142,285
"Justice, 14th Court of Appeals District, Place 7",0409,122,149,271,1459,18.57%,112,151,263
"Justice, 14th Court of Appeals District, Place 7",0410,132,80,212,899,23.58%,45,156,201
"Justice, 14th Court of Appeals District, Place 7",0411,235,200,435,2339,18.60%,166,252,418
"Justice, 14th Court of Appeals District, Place 7",0412,74,44,118,468,25.21%,8,105,113
"Justice, 14th Court of Appeals District, Place 7",0413,767,386,1153,2992,38.54%,476,637,1113
"Justice, 14th Court of Appeals District, Place 7",0414,654,480,1134,3453,32.84%,889,207,1096
"Justice, 14th Court of Appeals District, Place 7",0415,539,598,1137,2203,51.61%,777,316,1093
"Justice, 14th Court of Appeals District, Place 7",0416,538,558,1096,3791,28.91%,620,437,1057
"Justice, 14th Court of Appeals District, Place 7",0417,353,385,738,2448,30.15%,377,330,707
"Justice, 14th Court of Appeals District, Place 7",0418,403,469,872,3584,24.33%,369,465,834
"Justice, 14th Court of Appeals District, Place 7",0419,571,324,895,2658,33.67%,608,252,860
"Justice, 14th Court of Appeals District, Place 7",0420,1036,874,1910,4762,40.11%,1576,265,1841
"Justice, 14th Court of Appeals District, Place 7",0421,36,37,73,410,17.80%,24,43,67
"Justice, 14th Court of Appeals District, Place 7",0422,731,402,1133,3345,33.87%,31,1083,1114
"Justice, 14th Court of Appeals District, Place 7",0423,108,120,228,1376,16.57%,76,145,221
"Justice, 14th Court of Appeals District, Place 7",0424,240,111,351,967,36.30%,215,119,334
"Justice, 14th Court of Appeals District, Place 7",0425,107,123,230,883,26.05%,88,132,220
"Justice, 14th Court of Appeals District, Place 7",0426,260,183,443,1218,36.37%,268,152,420
"Justice, 14th Court of Appeals District, Place 7",0427,179,134,313,1092,28.66%,140,153,293
"Justice, 14th Court of Appeals District, Place 7",0428,619,421,1040,4538,22.92%,331,635,966
"Justice, 14th Court of Appeals District, Place 7",0429,445,314,759,3197,23.74%,214,506,720
"Justice, 14th Court of Appeals District, Place 7",0430,161,133,294,1657,17.74%,87,192,279
"Justice, 14th Court of Appeals District, Place 7",0431,327,84,411,3417,12.03%,153,242,395
"Justice, 14th Court of Appeals District, Place 7",0432,123,157,280,1455,19.24%,112,157,269
"Justice, 14th Court of Appeals District, Place 7",0433,50,63,113,581,19.45%,27,83,110
"Justice, 14th Court of Appeals District, Place 7",0434,370,289,659,1503,43.85%,436,196,632
"Justice, 14th Court of Appeals District, Place 7",0435,855,636,1491,3252,45.85%,1006,414,1420
"Justice, 14th Court of Appeals District, Place 7",0436,629,531,1160,2933,39.55%,741,359,1100
"Justice, 14th Court of Appeals District, Place 7",0437,521,512,1033,2033,50.81%,746,229,975
"Justice, 14th Court of Appeals District, Place 7",0438,617,389,1006,1861,54.06%,777,174,951
"Justice, 14th Court of Appeals District, Place 7",0439,710,884,1594,3554,44.85%,1176,340,1516
"Justice, 14th Court of Appeals District, Place 7",0440,664,858,1522,2930,51.95%,1229,209,1438
"Justice, 14th Court of Appeals District, Place 7",0441,345,420,765,1669,45.84%,597,132,729
"Justice, 14th Court of Appeals District, Place 7",0442,612,574,1186,2575,46.06%,985,161,1146
"Justice, 14th Court of Appeals District, Place 7",0443,226,138,364,646,56.35%,269,79,348
"Justice, 14th Court of Appeals District, Place 7",0444,687,583,1270,3262,38.93%,824,375,1199
"Justice, 14th Court of Appeals District, Place 7",0445,499,348,847,2026,41.81%,595,226,821
"Justice, 14th Court of Appeals District, Place 7",0446,31,22,53,291,18.21%,26,24,50
"Justice, 14th Court of Appeals District, Place 7",0447,93,86,179,637,28.10%,58,114,172
"Justice, 14th Court of Appeals District, Place 7",0448,590,778,1368,3138,43.59%,777,514,1291
"Justice, 14th Court of Appeals District, Place 7",0449,12,23,35,198,17.68%,4,31,35
"Justice, 14th Court of Appeals District, Place 7",0450,435,328,763,2635,28.96%,248,487,735
"Justice, 14th Court of Appeals District, Place 7",0451,1002,510,1512,2687,56.27%,1261,188,1449
"Justice, 14th Court of Appeals District, Place 7",0452,554,444,998,3048,32.74%,739,227,966
"Justice, 14th Court of Appeals District, Place 7",0453,231,262,493,1937,25.45%,199,273,472
"Justice, 14th Court of Appeals District, Place 7",0454,594,248,842,2561,32.88%,14,811,825
"Justice, 14th Court of Appeals District, Place 7",0455,367,165,532,1689,31.50%,22,505,527
"Justice, 14th Court of Appeals District, Place 7",0456,482,362,844,3513,24.03%,495,327,822
"Justice, 14th Court of Appeals District, Place 7",0457,0,0,0,0,0.00%,0,0,0
"Justice, 14th Court of Appeals District, Place 7",0458,471,237,708,1924,36.80%,30,658,688
"Justice, 14th Court of Appeals District, Place 7",0459,951,474,1425,3021,47.17%,1141,243,1384
"Justice, 14th Court of Appeals District, Place 7",0460,554,331,885,2837,31.19%,238,627,865
"Justice, 14th Court of Appeals District, Place 7",0461,1165,735,1900,3871,49.08%,1346,442,1788
"Justice, 14th Court of Appeals District, Place 7",0462,675,619,1294,3384,38.24%,494,743,1237
"Justice, 14th Court of Appeals District, Place 7",0463,480,404,884,3326,26.58%,413,447,860
"Justice, 14th Court of Appeals District, Place 7",0464,356,430,786,2257,34.82%,571,191,762
"Justice, 14th Court of Appeals District, Place 7",0465,687,520,1207,3564,33.87%,700,472,1172
"Justice, 14th Court of Appeals District, Place 7",0466,1058,614,1672,4184,39.96%,991,633,1624
"Justice, 14th Court of Appeals District, Place 7",0467,213,189,402,1270,31.65%,96,296,392
"Justice, 14th Court of Appeals District, Place 7",0468,352,443,795,3598,22.10%,254,512,766
"Justice, 14th Court of Appeals District, Place 7",0469,1294,547,1841,3985,46.20%,1476,287,1763
"Justice, 14th Court of Appeals District, Place 7",0470,185,176,361,1326,27.22%,269,73,342
"Justice, 14th Court of Appeals District, Place 7",0471,375,380,755,2387,31.63%,608,130,738
"Justice, 14th Court of Appeals District, Place 7",0472,198,278,476,1081,44.03%,215,228,443
"Justice, 14th Court of Appeals District, Place 7",0473,599,391,990,1806,54.82%,713,234,947
"Justice, 14th Court of Appeals District, Place 7",0474,559,588,1147,3037,37.77%,816,295,1111
"Justice, 14th Court of Appeals District, Place 7",0475,189,267,456,1809,25.21%,224,213,437
"Justice, 14th Court of Appeals District, Place 7",0476,404,473,877,2430,36.09%,501,346,847
"Justice, 14th Court of Appeals District, Place 7",0477,737,567,1304,3505,37.20%,995,265,1260
"Justice, 14th Court of Appeals District, Place 7",0478,958,657,1615,4461,36.20%,1116,439,1555
"Justice, 14th Court of Appeals District, Place 7",0479,638,612,1250,2714,46.06%,946,258,1204
"Justice, 14th Court of Appeals District, Place 7",0480,493,450,943,2415,39.05%,689,220,909
"Justice, 14th Court of Appeals District, Place 7",0481,770,623,1393,3482,40.01%,1072,265,1337
"Justice, 14th Court of Appeals District, Place 7",0482,878,630,1508,4373,34.48%,1093,372,1465
"Justice, 14th Court of Appeals District, Place 7",0483,1042,478,1520,4308,35.28%,905,559,1464
"Justice, 14th Court of Appeals District, Place 7",0484,1107,930,2037,4979,40.91%,1494,487,1981
"Justice, 14th Court of Appeals District, Place 7",0485,1095,911,2006,5388,37.23%,1582,381,1963
"Justice, 14th Court of Appeals District, Place 7",0486,873,855,1728,3866,44.70%,1368,298,1666
"Justice, 14th Court of Appeals District, Place 7",0487,570,294,864,3860,22.38%,316,478,794
"Justice, 14th Court of Appeals District, Place 7",0488,268,254,522,1719,30.37%,195,291,486
"Justice, 14th Court of Appeals District, Place 7",0489,350,290,640,1893,33.81%,216,394,610
"Justice, 14th Court of Appeals District, Place 7",0490,444,368,812,1975,41.11%,300,483,783
"Justice, 14th Court of Appeals District, Place 7",0491,315,372,687,1888,36.39%,423,240,663
"Justice, 14th Court of Appeals District, Place 7",0492,556,410,966,2335,41.37%,610,318,928
"Justice, 14th Court of Appeals District, Place 7",0493,480,322,802,1853,43.28%,557,202,759
"Justice, 14th Court of Appeals District, Place 7",0494,381,247,628,2467,25.46%,85,529,614
"Justice, 14th Court of Appeals District, Place 7",0495,522,523,1045,2375,44.00%,769,224,993
"Justice, 14th Court of Appeals District, Place 7",0496,190,315,505,2160,23.38%,203,286,489
"Justice, 14th Court of Appeals District, Place 7",0497,526,243,769,2257,34.07%,28,725,753
"Justice, 14th Court of Appeals District, Place 7",0498,363,323,686,2297,29.87%,319,352,671
"Justice, 14th Court of Appeals District, Place 7",0499,750,518,1268,2326,54.51%,961,244,1205
"Justice, 14th Court of Appeals District, Place 7",0500,729,715,1444,3507,41.17%,1011,383,1394
"Justice, 14th Court of Appeals District, Place 7",0501,341,417,758,1801,42.09%,293,424,717
"Justice, 14th Court of Appeals District, Place 7",0502,477,350,827,2501,33.07%,673,126,799
"Justice, 14th Court of Appeals District, Place 7",0503,174,116,290,1374,21.11%,113,157,270
"Justice, 14th Court of Appeals District, Place 7",0504,524,527,1151,2288,50.31%,767,325,1092
"Justice, 14th Court of Appeals District, Place 7",0505,531,562,1193,3773,31.62%,567,566,1133
"Justice, 14th Court of Appeals District, Place 7",0506,665,670,1335,3502,38.12%,247,1043,1290
"Justice, 14th Court of Appeals District, Place 7",0507,221,149,370,2452,15.09%,71,235,306
"Justice, 14th Court of Appeals District, Place 7",0508,492,412,904,3287,27.50%,349,497,846
"Justice, 14th Court of Appeals District, Place 7",0509,754,596,1350,3732,36.17%,962,331,1293
"Justice, 14th Court of Appeals District, Place 7",0510,687,514,1201,3590,33.45%,613,544,1157
"Justice, 14th Court of Appeals District, Place 7",0511,0,0,0,0,0.00%,0,0,0
"Justice, 14th Court of Appeals District, Place 7",0512,602,660,1262,5057,24.96%,610,619,1229
"Justice, 14th Court of Appeals District, Place 7",0513,1019,487,1506,2894,52.04%,1173,272,1445
"Justice, 14th Court of Appeals District, Place 7",0514,954,720,1674,4275,39.16%,1296,324,1620
"Justice, 14th Court of Appeals District, Place 7",0515,942,683,1625,3455,47.03%,1322,236,1558
"Justice, 14th Court of Appeals District, Place 7",0516,1000,800,1800,5356,33.61%,978,747,1725
"Justice, 14th Court of Appeals District, Place 7",0517,481,256,737,2954,24.95%,434,280,714
"Justice, 14th Court of Appeals District, Place 7",0518,635,693,1328,3943,33.68%,885,393,1278
"Justice, 14th Court of Appeals District, Place 7",0519,623,493,1116,2966,37.63%,838,238,1076
"Justice, 14th Court of Appeals District, Place 7",0520,473,457,930,4580,20.31%,178,735,913
"Justice, 14th Court of Appeals District, Place 7",0521,471,464,935,2866,32.62%,506,396,902
"Justice, 14th Court of Appeals District, Place 7",0522,715,572,1255,2689,47.90%,1016,233,1249
"Justice, 14th Court of Appeals District, Place 7",0523,751,415,1166,3052,38.20%,804,318,1122
"Justice, 14th Court of Appeals District, Place 7",0524,567,459,1026,3410,30.09%,362,629,991
"Justice, 14th Court of Appeals District, Place 7",0525,707,482,1189,3091,38.47%,283,862,1145
"Justice, 14th Court of Appeals District, Place 7",0526,68,84,152,780,19.49%,46,94,140
"Justice, 14th Court of Appeals District, Place 7",0527,37,40,77,574,13.41%,41,34,75
"Justice, 14th Court of Appeals District, Place 7",0528,14,12,26,90,28.89%,3,22,25
"Justice, 14th Court of Appeals District, Place 7",0529,1043,491,1534,3710,41.35%,1330,154,1484
"Justice, 14th Court of Appeals District, Place 7",0530,114,107,221,1196,18.48%,54,154,208
"Justice, 14th Court of Appeals District, Place 7",0531,363,174,537,1145,46.90%,416,98,514
"Justice, 14th Court of Appeals District, Place 7",0532,205,146,351,1048,33.49%,256,85,341
"Justice, 14th Court of Appeals District, Place 7",0533,124,108,232,1119,20.73%,135,85,220
"Justice, 14th Court of Appeals District, Place 7",0534,783,524,1,307,3837,34.06%,1009,250,1259
"Justice, 14th Court of Appeals District, Place 7",0535,33,29,62,416,14.90%,32,28,60
"Justice, 14th Court of Appeals District, Place 7",0536,554,780,1334,5139,25.96%,532,756,1288
"Justice, 14th Court of Appeals District, Place 7",0537,857,778,1635,3050,53.61%,1225,347,1572
"Justice, 14th Court of Appeals District, Place 7",0538,204,160,364,1303,27.94%,8,347,355
"Justice, 14th Court of Appeals District, Place 7",0539,15,241,256,64,400.00%,74,162,236
"Justice, 14th Court of Appeals District, Place 7",0540,378,316,694,1567,44.29%,297,353,650
"Justice, 14th Court of Appeals District, Place 7",0541,785,505,1290,4599,28.05%,200,1044,1244
"Justice, 14th Court of Appeals District, Place 7",0542,360,382,742,2557,29.02%,48,668,716
"Justice, 14th Court of Appeals District, Place 7",0543,141,213,354,1565,22.62%,120,212,332
"Justice, 14th Court of Appeals District, Place 7",0544,35,41,77,310,24.84%,14,62,76
"Justice, 14th Court of Appeals District, Place 7",0545,596,620,1216,3629,33.51%,633,544,1177
"Justice, 14th Court of Appeals District, Place 7",0546,2,2,4,37,10.81%,2,1,3
"Justice, 14th Court of Appeals District, Place 7",0547,501,466,967,2406,40.19%,690,239,929
"Justice, 14th Court of Appeals District, Place 7",0548,286,293,579,2215,26.14%,310,256,566
"Justice, 14th Court of Appeals District, Place 7",0549,343,418,761,2663,28.58%,108,636,744
"Justice, 14th Court of Appeals District, Place 7",0550,501,431,932,3031,30.75%,541,360,901
"Justice, 14th Court of Appeals District, Place 7",0551,1288,1394,2682,7034,38.13%,2051,558,2609
"Justice, 14th Court of Appeals District, Place 7",0552,847,883,1730,3415,50.66%,1456,221,1677
"Justice, 14th Court of Appeals District, Place 7",0553,579,529,1108,4686,23.64%,509,567,1076
"Justice, 14th Court of Appeals District, Place 7",0554,261,199,460,1757,26.18%,104,322,426
"Justice, 14th Court of Appeals District, Place 7",0555,225,277,502,2219,22.62%,111,372,483
"Justice, 14th Court of Appeals District, Place 7",0556,276,186,462,2319,19.92%,140,304,444
"Justice, 14th Court of Appeals District, Place 7",0557,455,183,638,2830,22.54%,265,297,562
"Justice, 14th Court of Appeals District, Place 7",0558,693,463,1156,4380,26.39%,415,696,1111
"Justice, 14th Court of Appeals District, Place 7",0559,541,494,1135,4969,22.84%,350,740,1090
"Justice, 14th Court of Appeals District, Place 7",0560,72,131,203,1120,18.13%,55,136,191
"Justice, 14th Court of Appeals District, Place 7",0561,362,436,798,3064,26.04%,488,283,771
"Justice, 14th Court of Appeals District, Place 7",0562,113,68,181,694,26.08%,22,154,176
"Justice, 14th Court of Appeals District, Place 7",0563,1107,376,1483,3105,47.76%,1178,250,1428
"Justice, 14th Court of Appeals District, Place 7",0564,470,426,896,3155,28.40%,246,607,853
"Justice, 14th Court of Appeals District, Place 7",0565,108,78,186,1354,13.74%,43,131,174
"Justice, 14th Court of Appeals District, Place 7",0566,418,324,742,2882,25.75%,240,482,722
"Justice, 14th Court of Appeals District, Place 7",0567,301,193,494,2238,22.07%,170,282,452
"Justice, 14th Court of Appeals District, Place 7",0568,876,685,1561,3594,43.43%,1047,429,1476
"Justice, 14th Court of Appeals District, Place 7",0569,572,667,1239,3525,35.15%,699,483,1182
"Justice, 14th Court of Appeals District, Place 7",0570,238,210,448,1562,28.68%,160,256,416
"Justice, 14th Court of Appeals District, Place 7",0571,155,149,304,1827,16.64%,120,172,292
"Justice, 14th Court of Appeals District, Place 7",0572,555,375,930,3108,29.92%,497,397,894
"Justice, 14th Court of Appeals District, Place 7",0573,290,151,441,1619,27.24%,6,427,433
"Justice, 14th Court of Appeals District, Place 7",0574,31,42,73,402,18.16%,9,64,73
"Justice, 14th Court of Appeals District, Place 7",0575,13,11,24,74,32.43%,19,4,23
"Justice, 14th Court of Appeals District, Place 7",0576,485,318,803,2734,29.37%,23,765,788
"Justice, 14th Court of Appeals District, Place 7",0577,147,88,235,608,38.65%,149,81,230
"Justice, 14th Court of Appeals District, Place 7",0578,409,538,947,1799,52.64%,600,303,903
"Justice, 14th Court of Appeals District, Place 7",0579,75,101,176,1056,16.67%,34,134,168
"Justice, 14th Court of Appeals District, Place 7",0580,179,118,297,1031,28.81%,3,286,289
"Justice, 14th Court of Appeals District, Place 7",0581,212,174,386,1032,37.40%,7,371,378
"Justice, 14th Court of Appeals District, Place 7",0582,258,171,429,1588,27.02%,24,392,416
"Justice, 14th Court of Appeals District, Place 7",0583,225,131,356,1262,28.21%,13,333,346
"Justice, 14th Court of Appeals District, Place 7",0584,182,93,275,1014,27.12%,10,257,267
"Justice, 14th Court of Appeals District, Place 7",0585,417,172,589,2511,23.46%,17,564,581
"Justice, 14th Court of Appeals District, Place 7",0586,638,680,1318,4316,30.54%,807,463,1270
"Justice, 14th Court of Appeals District, Place 7",0587,436,284,720,2598,27.71%,287,412,699
"Justice, 14th Court of Appeals District, Place 7",0588,758,674,1432,3645,39.29%,1032,359,1391
"Justice, 14th Court of Appeals District, Place 7",0589,500,386,886,3420,25.91%,505,359,864
"Justice, 14th Court of Appeals District, Place 7",0590,772,399,1171,2162,54.16%,934,203,1137
"Justice, 14th Court of Appeals District, Place 7",0591,183,231,414,2121,19.52%,127,270,397
"Justice, 14th Court of Appeals District, Place 7",0592,133,157,290,1350,21.48%,80,201,281
"Justice, 14th Court of Appeals District, Place 7",0593,543,564,1107,4380,25.27%,552,505,1057
"Justice, 14th Court of Appeals District, Place 7",0594,561,326,887,2490,35.62%,262,600,862
"Justice, 14th Court of Appeals District, Place 7",0595,201,178,379,1693,22.39%,69,301,370
"Justice, 14th Court of Appeals District, Place 7",0596,441,348,789,3007,26.24%,445,320,765
"Justice, 14th Court of Appeals District, Place 7",0597,367,394,761,3653,20.83%,331,418,749
"Justice, 14th Court of Appeals District, Place 7",0598,195,57,252,728,34.62%,205,41,246
"Justice, 14th Court of Appeals District, Place 7",0599,850,578,1428,4950,28.85%,525,862,1387
"Justice, 14th Court of Appeals District, Place 7",0600,667,429,1096,3957,27.70%,448,600,1048
"Justice, 14th Court of Appeals District, Place 7",0601,1073,756,1829,4057,45.08%,1403,365,1768
"Justice, 14th Court of Appeals District, Place 7",0602,293,235,528,1326,39.82%,387,128,515
"Justice, 14th Court of Appeals District, Place 7",0603,884,794,1678,4843,34.65%,1086,559,1645
"Justice, 14th Court of Appeals District, Place 7",0604,702,518,1220,3005,40.60%,1026,161,1187
"Justice, 14th Court of Appeals District, Place 7",0605,907,556,1463,5582,26.21%,365,1061,1426
"Justice, 14th Court of Appeals District, Place 7",0606,176,70,246,937,26.25%,4,235,239
"Justice, 14th Court of Appeals District, Place 7",0607,62,51,113,728,15.52%,14,94,108
"Justice, 14th Court of Appeals District, Place 7",0608,31,47,78,537,14.53%,43,28,71
"Justice, 14th Court of Appeals District, Place 7",0609,667,680,1347,3384,39.80%,866,422,1288
"Justice, 14th Court of Appeals District, Place 7",0610,231,188,419,1927,21.74%,222,168,390
"Justice, 14th Court of Appeals District, Place 7",0611,495,242,737,2488,29.62%,22,700,722
"Justice, 14th Court of Appeals District, Place 7",0612,996,497,1493,3307,45.15%,1134,291,1425
"Justice, 14th Court of Appeals District, Place 7",0613,186,204,390,1554,25.10%,65,319,384
"Justice, 14th Court of Appeals District, Place 7",0614,737,566,1303,4207,30.97%,506,750,1256
"Justice, 14th Court of Appeals District, Place 7",0615,480,299,779,1967,39.60%,502,257,759
"Justice, 14th Court of Appeals District, Place 7",0616,739,663,1402,3436,40.80%,997,357,1354
"Justice, 14th Court of Appeals District, Place 7",0617,541,393,934,3809,24.52%,399,518,917
"Justice, 14th Court of Appeals District, Place 7",0618,946,567,1513,6003,25.20%,773,697,1470
"Justice, 14th Court of Appeals District, Place 7",0619,1219,803,2022,4297,47.06%,1529,417,1946
"Justice, 14th Court of Appeals District, Place 7",0620,689,264,953,2897,32.90%,623,297,920
"Justice, 14th Court of Appeals District, Place 7",0621,154,101,255,1133,22.51%,135,108,243
"Justice, 14th Court of Appeals District, Place 7",0622,881,524,1405,4403,31.91%,891,469,1360
"Justice, 14th Court of Appeals District, Place 7",0623,887,487,1374,3691,37.23%,948,378,1326
"Justice, 14th Court of Appeals District, Place 7",0624,1,1,2,3,66.67%,1,1,2
"Justice, 14th Court of Appeals District, Place 7",0625,477,362,839,1820,46.10%,495,307,802
"Justice, 14th Court of Appeals District, Place 7",0626,581,440,1021,2861,35.69%,590,383,973
"Justice, 14th Court of Appeals District, Place 7",0627,346,322,668,3049,21.91%,250,387,637
"Justice, 14th Court of Appeals District, Place 7",0628,152,219,371,1675,22.15%,201,161,362
"Justice, 14th Court of Appeals District, Place 7",0629,37,53,90,696,12.93%,17,73,90
"Justice, 14th Court of Appeals District, Place 7",0630,975,600,1575,3905,40.33%,120,1416,1536
"Justice, 14th Court of Appeals District, Place 7",0631,822,404,1226,2846,43.08%,914,271,1185
"Justice, 14th Court of Appeals District, Place 7",0632,7,4,11,343,3.21%,4,7,11
"Justice, 14th Court of Appeals District, Place 7",0633,943,731,1674,3559,47.04%,1210,409,1619
"Justice, 14th Court of Appeals District, Place 7",0634,458,442,900,3029,29.71%,607,265,872
"Justice, 14th Court of Appeals District, Place 7",0635,743,485,1228,3393,36.19%,942,253,1195
"Justice, 14th Court of Appeals District, Place 7",0636,835,874,1710,4140,41.30%,1493,171,1664
"Justice, 14th Court of Appeals District, Place 7",0637,409,362,771,2512,30.69%,195,532,727
"Justice, 14th Court of Appeals District, Place 7",0638,304,245,549,2204,24.91%,44,488,532
"Justice, 14th Court of Appeals District, Place 7",0639,549,547,1096,2526,43.39%,895,160,1055
"Justice, 14th Court of Appeals District, Place 7",0640,641,459,1100,3733,29.47%,693,380,1073
"Justice, 14th Court of Appeals District, Place 7",0641,649,596,1245,3650,34.11%,838,361,1199
"Justice, 14th Court of Appeals District, Place 7",0642,471,394,865,1764,49.04%,703,126,829
"Justice, 14th Court of Appeals District, Place 7",0643,934,653,1587,5945,26.69%,634,905,1539
"Justice, 14th Court of Appeals District, Place 7",0644,1020,823,1843,5523,33.37%,1238,540,1778
"Justice, 14th Court of Appeals District, Place 7",0645,655,594,1249,4185,29.84%,702,500,1202
"Justice, 14th Court of Appeals District, Place 7",0646,364,287,651,2220,29.32%,208,405,613
"Justice, 14th Court of Appeals District, Place 7",0647,904,470,1374,6084,22.58%,381,877,1258
"Justice, 14th Court of Appeals District, Place 7",0648,838,579,1417,3367,42.08%,1033,340,1373
"Justice, 14th Court of Appeals District, Place 7",0649,687,434,1121,4576,24.50%,379,675,1054
"Justice, 14th Court of Appeals District, Place 7",0650,906,766,1672,3888,43.00%,1243,366,1609
"Justice, 14th Court of Appeals District, Place 7",0651,963,766,1729,5128,33.72%,1125,534,1659
"Justice, 14th Court of Appeals District, Place 7",0652,467,515,982,2815,34.88%,173,773,946
"Justice, 14th Court of Appeals District, Place 7",0653,0,4,4,0,0.00%,0,4,4
"Justice, 14th Court of Appeals District, Place 7",0654,950,1005,1955,6208,31.49%,1116,780,1896
"Justice, 14th Court of Appeals District, Place 7",0655,1115,1079,2195,6855,32.02%,1401,728,2129
"Justice, 14th Court of Appeals District, Place 7",0656,579,393,972,2674,36.35%,34,916,950
"Justice, 14th Court of Appeals District, Place 7",0657,246,172,418,1292,32.35%,172,233,405
"Justice, 14th Court of Appeals District, Place 7",0658,540,426,966,2807,34.41%,637,309,946
"Justice, 14th Court of Appeals District, Place 7",0659,1149,788,1937,4856,39.89%,1404,479,1883
"Justice, 14th Court of Appeals District, Place 7",0660,950,825,1775,5372,33.04%,169,1564,1733
"Justice, 14th Court of Appeals District, Place 7",0661,675,765,1440,4567,31.53%,858,525,1383
"Justice, 14th Court of Appeals District, Place 7",0662,1148,890,2038,4874,41.81%,1659,326,1985
"Justice, 14th Court of Appeals District, Place 7",0663,718,797,1515,3346,45.28%,786,637,1423
"Justice, 14th Court of Appeals District, Place 7",0664,352,250,602,2869,20.98%,136,436,572
"Justice, 14th Court of Appeals District, Place 7",0665,482,348,830,2154,38.53%,708,101,809
"Justice, 14th Court of Appeals District, Place 7",0666,0,0,0,0,0.00%,0,0,0
"Justice, 14th Court of Appeals District, Place 7",0667,488,502,990,2149,46.07%,784,171,955
"Justice, 14th Court of Appeals District, Place 7",0668,399,509,908,2775,32.72%,599,282,881
"Justice, 14th Court of Appeals District, Place 7",0669,850,738,1588,3425,46.36%,1162,362,1524
"Justice, 14th Court of Appeals District, Place 7",0670,955,471,1427,2983,47.84%,1149,229,1378
"Justice, 14th Court of Appeals District, Place 7",0671,403,565,968,3037,31.87%,610,324,934
"Justice, 14th Court of Appeals District, Place 7",0672,959,862,1821,5706,31.91%,1254,525,1779
"Justice, 14th Court of Appeals District, Place 7",0673,729,516,1245,2995,41.57%,1000,194,1194
"Justice, 14th Court of Appeals District, Place 7",0674,1071,618,1689,4091,41.29%,1273,356,1629
"Justice, 14th Court of Appeals District, Place 7",0675,0,1,1,0,0.00%,1,0,1
"Justice, 14th Court of Appeals District, Place 7",0676,0,0,0,0,0.00%,0,0,0
"Justice, 14th Court of Appeals District, Place 7",0677,127,127,254,1266,20.06%,93,147,240
"Justice, 14th Court of Appeals District, Place 7",0678,166,108,274,735,37.28%,185,73,258
"Justice, 14th Court of Appeals District, Place 7",0679,635,520,1155,3381,34.16%,889,218,1107
"Justice, 14th Court of Appeals District, Place 7",0680,21,14,35,162,21.60%,13,21,34
"Justice, 14th Court of Appeals District, Place 7",0681,1,0,1,5,20.00%,1,0,1
"Justice, 14th Court of Appeals District, Place 7",0682,711,654,1365,4216,32.38%,1022,304,1326
"Justice, 14th Court of Appeals District, Place 7",0683,29,20,49,276,17.75%,10,35,45
"Justice, 14th Court of Appeals District, Place 7",0684,27,22,49,223,21.97%,26,21,47
"Justice, 14th Court of Appeals District, Place 7",0685,110,29,139,307,45.28%,63,68,131
"Justice, 14th Court of Appeals District, Place 7",0686,17,12,29,208,13.94%,12,16,28
"Justice, 14th Court of Appeals District, Place 7",0687,549,537,1085,2609,41.63%,756,275,1031
"Justice, 14th Court of Appeals District, Place 7",0688,999,617,1616,3504,46.12%,1304,260,1564
"Justice, 14th Court of Appeals District, Place 7",0689,211,387,598,2346,25.49%,310,266,576
"Justice, 14th Court of Appeals District, Place 7",0690,926,1104,2030,5102,39.79%,1672,304,1976
"Justice, 14th Court of Appeals District, Place 7",0691,2,5,7,25,28.00%,3,4,7
"Justice, 14th Court of Appeals District, Place 7",0692,444,548,992,2847,34.84%,755,202,957
"Justice, 14th Court of Appeals District, Place 7",0693,167,91,258,666,38.74%,77,174,251
"Justice, 14th Court of Appeals District, Place 7",0694,260,120,380,845,44.97%,265,92,357
"Justice, 14th Court of Appeals District, Place 7",0695,232,193,425,1724,24.65%,280,134,414
"Justice, 14th Court of Appeals District, Place 7",0696,261,207,468,1982,23.61%,307,146,453
"Justice, 14th Court of Appeals District, Place 7",0697,605,613,1218,4413,27.60%,315,867,1182
"Justice, 14th Court of Appeals District, Place 7",0698,448,489,937,3189,29.38%,105,807,912
"Justice, 14th Court of Appeals District, Place 7",0699,568,414,982,2343,41.91%,672,254,926
"Justice, 14th Court of Appeals District, Place 7",0700,255,251,506,1371,36.91%,429,60,489
"Justice, 14th Court of Appeals District, Place 7",0701,56,43,99,588,16.84%,61,33,94
"Justice, 14th Court of Appeals District, Place 7",0702,54,70,134,539,24.86%,18,114,132
"Justice, 14th Court of Appeals District, Place 7",0703,372,490,862,1882,45.80%,639,184,823
"Justice, 14th Court of Appeals District, Place 7",0704,569,599,1168,3064,38.12%,962,166,1128
"Justice, 14th Court of Appeals District, Place 7",0705,114,113,227,1523,14.90%,30,191,221
"Justice, 14th Court of Appeals District, Place 7",0706,115,71,186,610,30.49%,95,81,176
"Justice, 14th Court of Appeals District, Place 7",0707,153,86,239,707,33.80%,162,63,225
"Justice, 14th Court of Appeals District, Place 7",0708,54,52,106,563,18.83%,53,49,102
"Justice, 14th Court of Appeals District, Place 7",0709,1375,947,2322,6848,33.91%,1432,838,2270
"Justice, 14th Court of Appeals District, Place 7",0710,371,462,833,2082,40.01%,476,305,781
"Justice, 14th Court of Appeals District, Place 7",0711,703,506,1209,3484,34.70%,762,391,1153
"Justice, 14th Court of Appeals District, Place 7",0712,491,463,954,3670,25.99%,413,519,932
"Justice, 14th Court of Appeals District, Place 7",0713,228,262,490,1907,25.69%,250,221,471
"Justice, 14th Court of Appeals District, Place 7",0714,35,19,55,296,18.58%,35,18,53
"Justice, 14th Court of Appeals District, Place 7",0715,176,187,363,1408,25.78%,216,132,348
"Justice, 14th Court of Appeals District, Place 7",0716,449,407,856,2680,31.94%,608,229,837
"Justice, 14th Court of Appeals District, Place 7",0717,373,250,623,2002,31.12%,74,533,607
"Justice, 14th Court of Appeals District, Place 7",0718,1017,806,1823,4229,43.11%,1310,424,1734
"Justice, 14th Court of Appeals District, Place 7",0719,247,137,384,1589,24.17%,237,133,370
"Justice, 14th Court of Appeals District, Place 7",0720,994,780,1774,4282,41.43%,1354,366,1720
"Justice, 14th Court of Appeals District, Place 7",0721,754,532,1286,2870,44.81%,857,368,1225
"Justice, 14th Court of Appeals District, Place 7",0722,872,494,1366,4479,30.50%,100,1220,1320
"Justice, 14th Court of Appeals District, Place 7",0723,401,202,603,1858,32.45%,134,453,587
"Justice, 14th Court of Appeals District, Place 7",0724,151,128,279,766,36.42%,215,52,267
"Justice, 14th Court of Appeals District, Place 7",0725,423,237,660,2237,29.50%,314,326,640
"Justice, 14th Court of Appeals District, Place 7",0726,592,402,994,2087,47.63%,878,96,974
"Justice, 14th Court of Appeals District, Place 7",0727,338,290,628,2488,25.24%,215,380,595
"Justice, 14th Court of Appeals District, Place 7",0728,209,151,360,880,40.91%,223,120,343
"Justice, 14th Court of Appeals District, Place 7",0729,136,59,195,464,42.03%,124,68,192
"Justice, 14th Court of Appeals District, Place 7",0730,428,359,787,1747,45.05%,534,216,750
"Justice, 14th Court of Appeals District, Place 7",0731,58,27,85,352,24.15%,26,57,83
"Justice, 14th Court of Appeals District, Place 7",0732,441,324,765,1924,39.76%,487,240,727
"Justice, 14th Court of Appeals District, Place 7",0733,13,7,20,215,9.30%,7,11,18
"Justice, 14th Court of Appeals District, Place 7",0734,1558,962,2520,7005,35.97%,1761,693,2454
"Justice, 14th Court of Appeals District, Place 7",0735,8,0,6,18,33.33%,6,0,6
"Justice, 14th Court of Appeals District, Place 7",0736,3,1,4,22,18.18%,0,3,3
"Justice, 14th Court of Appeals District, Place 7",0737,11,7,18,51,35.29%,13,5,18
"Justice, 14th Court of Appeals District, Place 7",0738,139,100,239,1361,17.56%,48,185,233
"Justice, 14th Court of Appeals District, Place 7",0739,353,301,654,2955,22.13%,349,278,627
"Justice, 14th Court of Appeals District, Place 7",0740,96,98,194,939,20.66%,128,59,187
"Justice, 14th Court of Appeals District, Place 7",0741,0,1,1,0,0.00%,0,0,0
"Justice, 14th Court of Appeals District, Place 7",0742,0,11,11,0,0.00%,6,5,11
"Justice, 14th Court of Appeals District, Place 7",0743,15,18,33,210,15.71%,18,12,30
"Justice, 14th Court of Appeals District, Place 7",0744,456,392,848,2027,41.84%,563,241,804
"Justice, 14th Court of Appeals District, Place 7",0745,683,372,1055,2494,42.30%,663,348,1011
"Justice, 14th Court of Appeals District, Place 7",0746,114,77,191,691,27.64%,95,93,188
"Justice, 14th Court of Appeals District, Place 7",0747,550,467,1017,3743,27.17%,497,487,984
"Justice, 14th Court of Appeals District, Place 7",0748,170,140,310,1403,22.10%,165,136,301
"Justice, 14th Court of Appeals District, Place 7",0749,30,17,47,377,12.47%,9,37,46
"Justice, 14th Court of Appeals District, Place 7",0750,111,96,207,767,26.99%,128,75,203
"Justice, 14th Court of Appeals District, Place 7",0751,925,964,1889,5084,37.16%,1275,551,1826
"Justice, 14th Court of Appeals District, Place 7",0752,286,200,486,1483,32.77%,373,93,466
"Justice, 14th Court of Appeals District, Place 7",0753,55,73,128,259,49.42%,83,39,122
"Justice, 14th Court of Appeals District, Place 7",0754,0,0,0,0,0.00%,0,0,0
"Justice, 14th Court of Appeals District, Place 7",0755,442,584,1026,4294,23.89%,474,514,988
"Justice, 14th Court of Appeals District, Place 7",0756,251,177,428,1600,26.75%,172,240,412
"Justice, 14th Court of Appeals District, Place 7",0757,520,508,1028,4035,25.48%,183,819,1002
"Justice, 14th Court of Appeals District, Place 7",0758,1114,692,1806,4096,44.09%,1467,287,1754
"Justice, 14th Court of Appeals District, Place 7",0759,465,413,878,2730,32.16%,565,283,848
"Justice, 14th Court of Appeals District, Place 7",0760,1432,639,2071,4367,47.42%,1750,246,1996
"Justice, 14th Court of Appeals District, Place 7",0761,548,253,801,1550,51.68%,580,180,760
"Justice, 14th Court of Appeals District, Place 7",0762,0,0,0,0,0.00%,0,0,0
"Justice, 14th Court of Appeals District, Place 7",0763,108,146,254,1212,20.96%,106,137,243
"Justice, 14th Court of Appeals District, Place 7",0764,1133,774,1907,5217,36.55%,1224,630,1854
"Justice, 14th Court of Appeals District, Place 7",0765,647,426,1073,4055,26.46%,458,572,1030
"Justice, 14th Court of Appeals District, Place 7",0766,40,25,65,392,16.58%,18,42,60
"Justice, 14th Court of Appeals District, Place 7",0767,10,2,12,86,13.95%,6,6,12
"Justice, 14th Court of Appeals District, Place 7",0768,1359,1015,2374,5857,40.53%,1966,356,2322
"Justice, 14th Court of Appeals District, Place 7",0769,54,16,70,183,38.25%,3,66,69
"Justice, 14th Court of Appeals District, Place 7",0770,31,25,56,323,17.34%,25,30,55
"Justice, 14th Court of Appeals District, Place 7",0771,324,254,578,2426,23.83%,342,216,558
"Justice, 14th Court of Appeals District, Place 7",0772,1792,851,2643,5709,46.30%,2048,496,2544
"Justice, 14th Court of Appeals District, Place 7",0773,473,312,785,2918,26.90%,212,510,722
"Justice, 14th Court of Appeals District, Place 7",0774,30,41,71,378,18.78%,17,51,68
"Justice, 14th Court of Appeals District, Place 7",0775,18,3,21,92,22.83%,0,20,20
"Justice, 14th Court of Appeals District, Place 7",0776,551,496,1047,3053,34.29%,616,385,1001
"Justice, 14th Court of Appeals District, Place 7",0777,46,40,86,652,13.19%,31,55,86
"Justice, 14th Court of Appeals District, Place 7",0778,0,0,0,0,0.00%,0,0,0
"Justice, 14th Court of Appeals District, Place 7",0779,64,51,115,940,12.23%,44,67,111
"Justice, 14th Court of Appeals District, Place 7",0780,63,59,122,595,20.50%,71,49,120
"Justice, 14th Court of Appeals District, Place 7",0781,666,273,939,3603,26.06%,429,421,850
"Justice, 14th Court of Appeals District, Place 7",0782,368,370,738,2236,33.01%,468,249,717
"Justice, 14th Court of Appeals District, Place 7",0783,49,13,62,294,21.09%,45,14,59
"Justice, 14th Court of Appeals District, Place 7",0784,208,128,336,1079,31.14%,6,319,325
"Justice, 14th Court of Appeals District, Place 7",0785,28,25,53,296,17.91%,28,25,53
"Justice, 14th Court of Appeals District, Place 7",0786,100,98,198,1251,15.83%,80,113,193
"Justice, 14th Court of Appeals District, Place 7",0787,46,52,98,488,20.08%,33,60,93
"Justice, 14th Court of Appeals District, Place 7",0788,74,32,106,454,23.35%,50,55,105
"Justice, 14th Court of Appeals District, Place 7",0789,0,3,3,3,100.00%,1,2,3
"Justice, 14th Court of Appeals District, Place 7",0790,0,0,0,3,0.00%,0,0,0
"Justice, 14th Court of Appeals District, Place 7",0791,0,0,0,0,0.00%,0,0,0
"Justice, 14th Court of Appeals District, Place 7",0792,269,239,508,1865,27.24%,132,355,487
"Justice, 14th Court of Appeals District, Place 7",0793,448,247,695,2484,27.98%,429,242,671
"Justice, 14th Court of Appeals District, Place 7",0794,124,144,268,2710,9.89%,34,225,259
"Justice, 14th Court of Appeals District, Place 7",0795,90,125,215,1217,17.67%,80,123,203
"Justice, 14th Court of Appeals District, Place 7",0796,83,51,134,476,28.15%,76,54,130
"Justice, 14th Court of Appeals District, Place 7",0797,0,0,0,0,0.00%,0,0,0
"Justice, 14th Court of Appeals District, Place 7",0798,99,111,210,500,42.00%,82,119,201
"Justice, 14th Court of Appeals District, Place 7",0799,28,15,43,161,26.71%,9,34,43
"Justice, 14th Court of Appeals District, Place 7",0800,588,642,1230,2932,41.95%,846,331,1177
"Justice, 14th Court of Appeals District, Place 7",0801,32,14,46,258,17.83%,17,26,43
"Justice, 14th Court of Appeals District, Place 7",0802,51,27,78,312,25.00%,19,59,78
"Justice, 14th Court of Appeals District, Place 7",0803,725,511,1236,2893,42.72%,925,270,1195
"Justice, 14th Court of Appeals District, Place 7",0804,932,591,1523,4768,31.94%,977,501,1478
"Justice, 14th Court of Appeals District, Place 7",0805,765,533,1298,2866,45.29%,1054,203,1257
"Justice, 14th Court of Appeals District, Place 7",0806,0,0,0,0,0.00%,0,0,0
"Justice, 14th Court of Appeals District, Place 7",0807,211,204,415,2028,20.46%,94,305,399
"Justice, 14th Court of Appeals District, Place 7",0808,12,17,29,131,22.14%,10,19,29
"Justice, 14th Court of Appeals District, Place 7",0809,7,6,13,92,14.13%,5,6,11
"Justice, 14th Court of Appeals District, Place 7",0810,9,16,25,211,11.85%,8,16,24
"Justice, 14th Court of Appeals District, Place 7",0811,29,50,79,270,29.26%,29,48,77
"Justice, 14th Court of Appeals District, Place 7",0812,0,0,0,0,0.00%,0,0,0
"Justice, 14th Court of Appeals District, Place 7",0813,938,761,1699,5807,29.26%,858,793,1651
"Justice, 14th Court of Appeals District, Place 7",0814,673,533,1206,5102,23.64%,315,852,1167
"Justice, 14th Court of Appeals District, Place 7",0815,0,0,0,0,0.00%,0,0,0
"Justice, 14th Court of Appeals District, Place 7",0816,10,0,10,73,13.70%,3,7,10
"Justice, 14th Court of Appeals District, Place 7",0817,0,0,0,0,0.00%,0,0,0
"Justice, 14th Court of Appeals District, Place 7",0818,86,39,125,616,20.29%,27,93,120
"Justice, 14th Court of Appeals District, Place 7",0819,64,30,94,240,39.17%,58,30,88
"Justice, 14th Court of Appeals District, Place 7",0820,0,0,0,0,0.00%,0,0,0
"Justice, 14th Court of Appeals District, Place 7",0821,124,120,244,1242,19.65%,34,202,236
"Justice, 14th Court of Appeals District, Place 7",0822,332,167,499,1535,32.51%,16,474,490
"Justice, 14th Court of Appeals District, Place 7",0823,821,564,1385,5087,27.23%,815,528,1343
"Justice, 14th Court of Appeals District, Place 7",0824,428,282,710,2700,26.30%,158,533,691
"Justice, 14th Court of Appeals District, Place 7",0825,0,0,0,0,0.00%,0,0,0
"Justice, 14th Court of Appeals District, Place 7",0826,73,50,123,358,34.36%,67,49,116
"Justice, 14th Court of Appeals District, Place 7",0827,60,98,158,979,16.14%,71,81,152
"Justice, 14th Court of Appeals District, Place 7",0828,541,388,929,1916,48.49%,761,137,898
"Justice, 14th Court of Appeals District, Place 7",0829,54,22,76,264,28.79%,18,58,76
"Justice, 14th Court of Appeals District, Place 7",0830,0,0,0,2,0.00%,0,0,0
"Justice, 14th Court of Appeals District, Place 7",0831,0,0,0,0,0.00%,0,0,0
"Justice, 14th Court of Appeals District, Place 7",0832,34,28,62,352,17.61%,17,43,60
"Justice, 14th Court of Appeals District, Place 7",0833,0,1,1,20,5.00%,0,1,1
"Justice, 14th Court of Appeals District, Place 7",0834,0,0,0,0,0.00%,0,0,0
"Justice, 14th Court of Appeals District, Place 7",0835,38,19,57,290,19.66%,13,39,52
"Justice, 14th Court of Appeals District, Place 7",0836,3,0,3,19,15.79%,1,1,2
"Justice, 14th Court of Appeals District, Place 7",0837,0,0,0,0,0.00%,0,0,0
"Justice, 14th Court of Appeals District, Place 7",0838,0,0,0,0,0.00%,0,0,0
"Justice, 14th Court of Appeals District, Place 7",0839,136,118,254,1128,22.52%,52,192,244
"Justice, 14th Court of Appeals District, Place 7",0840,381,174,555,1705,32.55%,199,344,543
"Justice, 14th Court of Appeals District, Place 7",0841,0,0,0,0,0.00%,0,0,0
"Justice, 14th Court of Appeals District, Place 7",0842,421,434,855,3259,26.24%,398,427,825
"Justice, 14th Court of Appeals District, Place 7",0843,0,1,1,0,0.00%,0,1,1
"Justice, 14th Court of Appeals District, Place 7",0844,1,0,1,11,9.09%,0,1,1
"Justice, 14th Court of Appeals District, Place 7",0845,54,9,63,134,47.01%,38,22,60
"Justice, 14th Court of Appeals District, Place 7",0846,23,24,47,229,20.52%,2,43,45
"Justice, 14th Court of Appeals District, Place 7",0847,305,211,516,2015,25.61%,143,356,499
"Justice, 14th Court of Appeals District, Place 7",0848,489,266,755,1856,40.68%,235,493,728
"Justice, 14th Court of Appeals District, Place 7",0849,201,291,492,2124,23.16%,195,277,472
"Justice, 14th Court of Appeals District, Place 7",0850,45,41,87,210,41.43%,31,53,84
"Justice, 14th Court of Appeals District, Place 7",0851,1029,657,1686,4709,35.80%,1144,477,1621
"Justice, 14th Court of Appeals District, Place 7",0852,0,0,0,1,0.00%,0,0,0
"Justice, 14th Court of Appeals District, Place 7",0853,575,620,1296,2882,44.97%,1003,237,1240
"Justice, 14th Court of Appeals District, Place 7",0854,15,26,41,172,23.84%,6,33,39
"Justice, 14th Court of Appeals District, Place 7",0855,5,9,14,16,87.50%,5,8,13
"Justice, 14th Court of Appeals District, Place 7",0856,0,1,1,0,0.00%,0,1,1
"Justice, 14th Court of Appeals District, Place 7",0857,0,0,0,1,0.00%,0,0,0
"Justice, 14th Court of Appeals District, Place 7",0858,63,34,97,343,28.28%,3,91,94
"Justice, 14th Court of Appeals District, Place 7",0859,157,106,263,890,29.55%,72,185,257
"Justice, 14th Court of Appeals District, Place 7",0860,0,0,0,0,0.00%,0,0,0
"Justice, 14th Court of Appeals District, Place 7",0861,315,199,514,1842,27.90%,87,415,502
"Justice, 14th Court of Appeals District, Place 7",0862,0,0,0,0,0.00%,0,0,0
"Justice, 14th Court of Appeals District, Place 7",0863,101,54,155,584,26.54%,7,147,154
"Justice, 14th Court of Appeals District, Place 7",0864,193,299,492,2569,19.15%,143,327,470
"Justice, 14th Court of Appeals District, Place 7",0865,2,3,5,21,23.81%,0,5,5
"Justice, 14th Court of Appeals District, Place 7",0866,0,0,0,0,0.00%,0,0,0
"Justice, 14th Court of Appeals District, Place 7",0867,0,0,0,0,0.00%,0,0,0
"Justice, 14th Court of Appeals District, Place 7",0868,236,271,507,2326,21.80%,163,321,484
"Justice, 14th Court of Appeals District, Place 7",0869,53,39,92,470,19.57%,24,65,89
"Justice, 14th Court of Appeals District, Place 7",0870,0,0,0,0,0.00%,0,0,0
"Justice, 14th Court of Appeals District, Place 7",0871,1,0,1,3,33.33%,0,1,1
"Justice, 14th Court of Appeals District, Place 7",0872,5,3,8,59,13.56%,4,4,8
"Justice, 14th Court of Appeals District, Place 7",0873,98,75,173,737,23.47%,43,126,169
"Justice, 14th Court of Appeals District, Place 7",0874,763,707,1470,3223,45.61%,1122,299,1421
"Justice, 14th Court of Appeals District, Place 7",0875,905,527,1432,5147,27.82%,706,685,1391
"Justice, 14th Court of Appeals District, Place 7",0876,698,641,1339,3265,41.01%,1044,261,1305
"Justice, 14th Court of Appeals District, Place 7",0877,476,382,858,3032,28.30%,356,478,834
"Justice, 14th Court of Appeals District, Place 7",0878,427,354,781,1666,46.88%,666,97,763
"Justice, 14th Court of Appeals District, Place 7",0879,407,294,701,2667,26.28%,366,307,673
"Justice, 14th Court of Appeals District, Place 7",0880,543,447,990,2352,42.09%,807,151,958
"Justice, 14th Court of Appeals District, Place 7",0881,594,540,1134,4479,25.32%,402,709,1111
"Justice, 14th Court of Appeals District, Place 7",0882,426,291,717,2422,29.60%,438,258,696
"Justice, 14th Court of Appeals District, Place 7",0883,643,702,1345,5408,24.87%,248,1064,1312
"Justice, 14th Court of Appeals District, Place 7",0884,57,25,82,377,21.75%,9,70,79
"Justice, 14th Court of Appeals District, Place 7",0885,582,368,930,2619,35.51%,559,352,911
"Justice, 14th Court of Appeals District, Place 7",0886,128,108,236,675,34.96%,139,84,223
"Justice, 14th Court of Appeals District, Place 7",0887,50,67,117,418,27.99%,58,51,109
"Justice, 14th Court of Appeals District, Place 7",0888,0,3,3,0,0.00%,2,1,3
"Justice, 14th Court of Appeals District, Place 7",0889,14,0,14,57,24.56%,5,8,13
"Justice, 14th Court of Appeals District, Place 7",0890,164,103,267,1095,24.38%,94,153,247
"Justice, 14th Court of Appeals District, Place 7",0891,317,243,560,1331,42.07%,221,306,527
"Justice, 14th Court of Appeals District, Place 7",0892,115,86,201,808,24.88%,74,116,190
"Justice, 14th Court of Appeals District, Place 7",0893,0,2,2,6,33.33%,0,2,2
"Justice, 14th Court of Appeals District, Place 7",0894,0,3,3,0,0.00%,2,1,3
"Justice, 14th Court of Appeals District, Place 7",0895,155,286,442,793,55.74%,208,196,404
"Justice, 14th Court of Appeals District, Place 7",0896,370,297,667,1459,45.72%,261,357,618
"Justice, 14th Court of Appeals District, Place 7",0897,252,297,549,1701,32.28%,323,211,534
"Justice, 14th Court of Appeals District, Place 7",0898,0,0,0,3,0.00%,0,0,0
"Justice, 14th Court of Appeals District, Place 7",0899,2,0,2,8,25.00%,0,2,2
"Justice, 14th Court of Appeals District, Place 7",0900,0,2,2,10,20.00%,1,1,2
"Justice, 14th Court of Appeals District, Place 7",0901,0,0,0,0,0.00%,0,0,0
"Justice, 14th Court of Appeals District, Place 7",0902,394,486,880,2139,41.14%,498,334,832
"Justice, 14th Court of Appeals District, Place 7",0903,3,7,10,50,20.00%,3,6,9
"Justice, 14th Court of Appeals District, Place 7",0904,1,0,1,7,14.29%,1,0,1
"Justice, 14th Court of Appeals District, Place 7",0905,123,100,223,904,24.67%,104,110,214
"Justice, 14th Court of Appeals District, Place 7",0906,8,6,14,25,56.00%,9,4,13
"Justice, 14th Court of Appeals District, Place 7",0907,12,19,31,181,17.13%,6,25,31
"Justice, 14th Court of Appeals District, Place 7",0908,0,1,1,0,0.00%,0,1,1
"Justice, 14th Court of Appeals District, Place 7",0909,2,1,3,18,16.67%,0,3,3
"Justice, 14th Court of Appeals District, Place 7",0910,25,24,49,217,22.58%,20,24,44
"Justice, 14th Court of Appeals District, Place 7",0911,118,60,178,551,32.30%,120,52,172
"Justice, 14th Court of Appeals District, Place 7",0912,316,201,517,1273,40.61%,345,147,492
"Justice, 14th Court of Appeals District, Place 7",0913,0,0,0,0,0.00%,0,0,0
"Justice, 14th Court of Appeals District, Place 7",0914,169,179,348,701,49.64%,281,54,335
"Justice, 14th Court of Appeals District, Place 7",0915,0,0,0,0,0.00%,0,0,0
"Justice, 14th Court of Appeals District, Place 7",0916,417,240,657,1491,44.06%,526,112,638
"Justice, 14th Court of Appeals District, Place 7",0917,177,62,239,483,49.48%,160,66,226
"Justice, 14th Court of Appeals District, Place 7",0918,304,168,472,883,53.45%,368,79,447
"Justice, 14th Court of Appeals District, Place 7",0919,0,0,0,3,0.00%,0,0,0
"Justice, 14th Court of Appeals District, Place 7",0920,22,12,34,71,47.89%,23,10,33
"Justice, 14th Court of Appeals District, Place 7",0921,32,15,47,119,39.50%,35,12,47
"Justice, 14th Court of Appeals District, Place 7",0922,0,0,0,0,0.00%,0,0,0
"Justice, 14th Court of Appeals District, Place 7",0923,470,137,607,1511,40.17%,455,135,590
"Justice, 14th Court of Appeals District, Place 7",0924,0,0,0,0,0.00%,0,0,0
"Justice, 14th Court of Appeals District, Place 7",0925,0,0,0,0,0.00%,0,0,0
"Justice, 14th Court of Appeals District, Place 7",0926,171,128,299,796,37.56%,231,59,290
"Justice, 14th Court of Appeals District, Place 7",0927,44,30,74,270,27.41%,32,36,68
"Justice, 14th Court of Appeals District, Place 7",0928,3,0,3,8,37.50%,0,3,3
"Justice, 14th Court of Appeals District, Place 7",0929,0,0,0,0,0.00%,0,0,0
"Justice, 14th Court of Appeals District, Place 7",0930,109,54,163,584,27.91%,7,154,161
"Justice, 14th Court of Appeals District, Place 7",0931,30,40,70,130,53.85%,39,25,64
"Justice, 14th Court of Appeals District, Place 7",0932,0,0,0,0,0.00%,0,0,0
"Justice, 14th Court of Appeals District, Place 7",0933,115,85,200,627,31.90%,57,137,194
"Justice, 14th Court of Appeals District, Place 7",0934,2,0,2,63,3.17%,1,1,2
"Justice, 14th Court of Appeals District, Place 7",0935,3,2,5,54,9.26%,1,2,3
"Justice, 14th Court of Appeals District, Place 7",0936,s,2,10,81,12.35%,3,6,9
"Justice, 14th Court of Appeals District, Place 7",0937,0,0,0,0,0.00%,0,0,0
"Justice, 14th Court of Appeals District, Place 7",0938,30,14,44,231,19.05%,16,27,43
"Justice, 14th Court of Appeals District, Place 7",0939,0,0,0,2,0.00%,0,0,0
"Justice, 14th Court of Appeals District, Place 7",0940,0,0,0,10,0.00%,0,0,0
"Justice, 14th Court of Appeals District, Place 7",0941,9,10,19,25,76.00%,19,0,19
"Justice, 14th Court of Appeals District, Place 7",0942,53,27,80,156,51.28%,65,13,78
"Justice, 14th Court of Appeals District, Place 7",0943,164,80,244,547,44.61%,171,62,233
"Justice, 14th Court of Appeals District, Place 7",0944,20,4,24,45,53.33%,20,1,21
"Justice, 14th Court of Appeals District, Place 7",0945,1,2,3,17,17.65%,1,2,3
"Justice, 14th Court of Appeals District, Place 7",0946,0,1,1,13,7.69%,0,1,1
"Justice, 14th Court of Appeals District, Place 7",0947,177,246,423,799,52.94%,230,175,405
"Justice, 14th Court of Appeals District, Place 7",0948,0,14,14,1,1400.00%,9,3,12
"Justice, 14th Court of Appeals District, Place 7",0949,34,27,61,193,31.61%,30,31,61
"Justice, 14th Court of Appeals District, Place 7",0950,0,0,0,1,0.00%,0,0,0
"Justice, 14th Court of Appeals District, Place 7",0951,33,30,63,277,22.74%,16,45,61
"Justice, 14th Court of Appeals District, Place 7",0952,16,15,31,71,43.66%,16,12,28
"Justice, 14th Court of Appeals District, Place 7",0953,18,9,27,275,9.82%,5,22,27
"Justice, 14th Court of Appeals District, Place 7",0954,0,0,0,1,0.00%,0,0,0
"Justice, 14th Court of Appeals District, Place 7",0955,3,2,5,19,26.32%,4,1,5
"Justice, 14th Court of Appeals District, Place 7",0956,2,4,6,11,54.55%,2,4,6
"Justice, 14th Court of Appeals District, Place 7",0957,97,95,192,562,34.16%,22,168,190
"Justice, 14th Court of Appeals District, Place 7",0958,81,129,210,1081,19.43%,53,152,205
"Justice, 14th Court of Appeals District, Place 7",0959,0,0,0,0,0.00%,0,0,0
"Justice, 14th Court of Appeals District, Place 7",0960,196,157,353,976,36.17%,72,270,342
"Justice, 14th Court of Appeals District, Place 7",0961,15,0,16,56,28.57%,0,16,16
"Justice, 14th Court of Appeals District, Place 7",0962,10,17,27,88,30.68%,4,23,27
"Justice, 14th Court of Appeals District, Place 7",0963,54,41,105,426,24.65%,57,44,101
"Justice, 14th Court of Appeals District, Place 7",0964,568,437,1005,2372,42.37%,629,343,972
"Justice, 14th Court of Appeals District, Place 7",0965,31,21,52,343,15.16%,28,24,52
"Justice, 14th Court of Appeals District, Place 7",0966,129,83,212,1148,18.47%,80,126,206
"Justice, 14th Court of Appeals District, Place 7",0967,15,48,63,165,38.18%,18,44,62
"Justice, 14th Court of Appeals District, Place 7",0968,119,30,149,692,21.53%,30,117,147
"Justice, 14th Court of Appeals District, Place 7",0969,156,73,229,604,37.91%,2,225,227
"Justice, 14th Court of Appeals District, Place 7",0970,83,36,119,731,16.28%,17,100,117
"Justice, 14th Court of Appeals District, Place 7",0971,11,8,19,147,12.93%,1,16,17
"Justice, 14th Court of Appeals District, Place 7",09726,8,14,31,45.16%,14,0,14
"Justice, 14th Court of Appeals District, Place 7",0973,24,19,43,111,38.74%,21,18,39
"Justice, 14th Court of Appeals District, Place 7",0974,57,36,93,299,31.10%,59,33,92
"Justice, 14th Court of Appeals District, Place 7",0975,55,30,85,193,44.04%,42,38,80
"Justice, 14th Court of Appeals District, Place 7",0976,58,62,130,683,19.03%,85,44,129
"Justice, 14th Court of Appeals District, Place 7",0977,50,43,93,572,16.26%,43,50,93
"Justice, 14th Court of Appeals District, Place 7",0978,77,79,156,546,28.57%,28,125,153
"Justice, 14th Court of Appeals District, Place 7",0979,2,6,8,27,29.63%,4,3,7
"Justice, 14th Court of Appeals District, Place 7",0980,280,321,601,1389,43.27%,459,118,577
"Justice, 14th Court of Appeals District, Place 7",0981,0,0,0,0,0.00%,0,0,0
"Justice, 14th Court of Appeals District, Place 7",0982,312,312,624,1567,39.82%,516,86,602
"Justice, 14th Court of Appeals District, Place 7",0983,11,21,32,161,19.88%,20,12,32
"Justice, 14th Court of Appeals District, Place 7",0984,18,9,27,192,14.06%,4,22,26
"Justice, 14th Court of Appeals District, Place 7",0985,117,63,180,351,51.28%,93,74,167
"Justice, 14th Court of Appeals District, Place 7",0986,43,30,73,463,15.77%,13,59,72
"Justice, 14th Court of Appeals District, Place 7",0987,231,90,321,1155,27.79%,28,285,313
"Justice, 14th Court of Appeals District, Place 7",0988,24,12,36,123,29.27%,33,2,35
"Justice, 14th Court of Appeals District, Place 7",09896,6,12,43,27.91%,8,3,11
"Justice, 14th Court of Appeals District, Place 7",0990,16,1,17,140,12.14%,8,8,16
"Justice, 14th Court of Appeals District, Place 7",0991,0,0,0,1,0.00%,0,0,0
"Justice, 14th Court of Appeals District, Place 7",0992,157,107,264,1048,25.19%,147,106,253
"Justice, 14th Court of Appeals District, Place 7",0993,159,101,270,568,47.54%,223,40,263
"Justice, 14th Court of Appeals District, Place 7",0994,5,5,11,25,44.00%,2,9,11
"Justice, 14th Court of Appeals District, Place 7",0995,295,156,452,1393,32.45%,30,414,444
"Justice, 14th Court of Appeals District, Place 7",0996,135,140,275,694,39.53%,154,104,258
"Justice, 14th Court of Appeals District, Place 7",0997,101,163,264,1656,15.94%,60,199,259
"Justice, 14th Court of Appeals District, Place 7",0998,5,1,5,57,10.53%,3,3,6
"Justice, 14th Court of Appeals District, Place 7",0999,17,10,27,68,39.71%,23,3,26
"Justice, 14th Court of Appeals District, Place 7",1000,42,6,45,405,11.85%,12,35,47
"Justice, 14th Court of Appeals District, Place 7",1001,225,136,364,1565,23.26%,97,248,345
"Justice, 14th Court of Appeals District, Place 7",1002,170,139,309,1744,17.72%,55,235,290
"Justice, 14th Court of Appeals District, Place 7",1003,1,0,1,0,0.00%,1,0,1
"Justice, 14th Court of Appeals District, Place 7",1004,111,139,250,654,38.23%,126,106,232
"Justice, 14th Court of Appeals District, Place 7",1005,0,8,8,0,0.00%,3,3,6
"Justice, 14th Court of Appeals District, Place 7",1006,1,0,1,5,20.00%,1,0,1
"Justice, 14th Court of Appeals District, Place 7",1007,205,188,396,1547,25.60%,97,283,380
"Justice, 14th Court of Appeals District, Place 7",1008,32,12,44,151,29.14%,34,9,43
"Justice, 14th Court of Appeals District, Place 7",1009,0,0,0,9,0.00%,0,0,0
"Justice, 14th Court of Appeals District, Place 7",1010,59,35,94,459,20.48%,17,75,92
"Justice, 14th Court of Appeals District, Place 7",1011,5,1,9,26,34.62%,4,3,7
"Justice, 14th Court of Appeals District, Place 7",1012,134,201,335,1365,24.54%,102,224,326
"Justice, 14th Court of Appeals District, Place 7",1013,0,6,5,58,10.34%,3,3,6
"Justice, 14th Court of Appeals District, Place 7",1014,4,6,10,31,32.26%,1,9,10
"Justice, 14th Court of Appeals District, Place 7",1015,5,4,9,25,36.00%,2,6,8
"Justice, 14th Court of Appeals District, Place 7",1016,252,212,464,1691,27.44%,231,218,449
"Justice, 14th Court of Appeals District, Place 7",1017,51,44,105,330,31.82%,31,72,103
"Justice, 14th Court of Appeals District, Place 7",1018,93,64,157,494,31.78%,72,82,154
"Justice, 14th Court of Appeals District, Place 7",1019,130,107,237,1456,16.28%,12,221,233
"Justice, 14th Court of Appeals District, Place 7",1020,0,0,0,1,0.00%,0,0,0
"Justice, 14th Court of Appeals District, Place 7",1021,0,0,0,2,0.00%,0,0,0
"Justice, 14th Court of Appeals District, Place 7",1022,97,79,176,441,39.91%,131,36,167
"Justice, 14th Court of Appeals District, Place 7",1023,430,315,745,2026,36.77%,539,182,721
"Justice, 14th Court of Appeals District, Place 7",1024,55,61,116,249,46.59%,70,41,111
"Justice, 14th Court of Appeals District, Place 7",1025,0,1,1,14,7.14%,1,0,1
"Justice, 14th Court of Appeals District, Place 7",1026,0,0,0,0,0.00%,0,0,0
"Justice, 14th Court of Appeals District, Place 7",1027,1,0,1,8,12.50%,1,0,1
"Justice, 14th Court of Appeals District, Place 7",1028,0,0,0,0,0.00%,0,0,0
"Justice, 14th Court of Appeals District, Place 7",1029,537,719,1256,2927,42.91%,1003,212,1215
"Justice, 14th Court of Appeals District, Place 7",1030,231,151,382,785,48.66%,336,38,374
"Justice, 14th Court of Appeals District, Place 7",1031,59,71,130,792,16.41%,34,86,120
"Justice, 14th Court of Appeals District, Place 7",1032,31,25,56,244,22.95%,35,18,53
"Justice, 14th Court of Appeals District, Place 7",1033,0,0,0,0,0.00%,0,0,0
"Justice, 14th Court of Appeals District, Place 7",1034,0,0,0,0,0.00%,0,0,0
"Justice, 14th Court of Appeals District, Place 7",1035,2,4,6,138,4.35%,1,5,6
"Justice, 14th Court of Appeals District, Place 7",1036,65,24,89,449,19.82%,73,15,88
"Justice, 14th Court of Appeals District, Place 7",1037,19,11,30,76,39.47%,17,10,27
"Justice, 14th Court of Appeals District, Place 7",1038,62,6,68,327,20.80%,9,56,65
"Justice, 14th Court of Appeals District, Place 7",1039,2,0,2,25,8.00%,0,2,2
"Justice, 14th Court of Appeals District, Place 7",1040,91,66,157,771,20.36%,75,76,151
"Justice, 14th Court of Appeals District, Place 7",1041,0,2,2,0,0.00%,1,1,2
"Justice, 14th Court of Appeals District, Place 7",1042,105,67,172,521,33.01%,54,113,167
"Justice, 14th Court of Appeals District, Place 7",1043,5,6,12,33,36.36%,4,8,12
"Justice, 14th Court of Appeals District, Place 7",1044,16,6,22,55,40.00%,7,14,21
"Justice, 14th Court of Appeals District, Place 7",1045,197,173,370,1788,20.69%,51,305,356
"Justice, 14th Court of Appeals District, Place 7",1046,11,5,16,62,25.81%,1,15,16
"Justice, 14th Court of Appeals District, Place 7",1047,255,186,441,1568,28.13%,162,268,430
"Justice, 14th Court of Appeals District, Place 7",1048,1,0,1,17,5.88%,1,0,1
"Justice, 14th Court of Appeals District, Place 7",1049,14,45,59,290,20.34%,20,36,56
"Justice, 14th Court of Appeals District, Place 7",1050,60,63,123,537,22.91%,36,83,119
"Justice, 14th Court of Appeals District, Place 7",1051,0,31,31,0,0.00%,18,11,29
"Justice, 14th Court of Appeals District, Place 7",1052,0,0,0,0,0.00%,0,0,0
"Justice, 14th Court of Appeals District, Place 7",1053,0,0,0,0,0.00%,0,0,0
"Justice, 14th Court of Appeals District, Place 7",1054,0,0,0,1,0.00%,0,0,0
"Justice, 14th Court of Appeals District, Place 7",1055,0,0,0,0,0.00%,0,0,0
"Justice, 14th Court of Appeals District, Place 7",1056,4,2,6,8,75.00%,0,5,5
"Justice, 14th Court of Appeals District, Place 7",1057,7,9,16,118,13.56%,2,13,15
"Justice, 14th Court of Appeals District, Place 7",1058,241,285,526,1243,42.32%,104,410,514
"Justice, 14th Court of Appeals District, Place 7",1059,3,3,6,28,21.43%,1,5,6
"Justice, 14th Court of Appeals District, Place 7",1060,5,2,7,42,16.67%,5,2,7
"Justice, 14th Court of Appeals District, Place 7",1061,332,184,516,1716,30.07%,275,225,500
"Justice, 14th Court of Appeals District, Place 7",1062,17,6,23,201,11.44%,4,16,20
"Justice, 14th Court of Appeals District, Place 7",1063,66,59,125,857,14.59%,19,103,122
"Justice, 14th Court of Appeals District, Place 7",1064,25,11,36,119,30.25%,29,7,36
"Justice, 14th Court of Appeals District, Place 7",1065,1,0,1,28,3.57%,0,1,1
"Justice, 14th Court of Appeals District, Place 7",1066,72,0,72,229,31.44%,3,66,69
"Justice, 14th Court of Appeals District, Place 7",1067,0,0,0,0,0.00%,0,0,0
"Justice, 14th Court of Appeals District, Place 7",1068,22,8,30,121,24.79%,12,17,29
"Justice, 14th Court of Appeals District, Place 7",1069,434,256,690,2580,26.74%,319,335,654
"Justice, 14th Court of Appeals District, Place 7",Totals:,378888,308736,687624,2044361,,364169,296289,660458
