Office,Precinct,Early Ballots Cast,Election Ballots Cast,Total Ballots Cast,Registered Voters,Percent Turnout,REP Bruce Bain,DEM Mike Miller,Totals
"District Judge, 11th Judicial District",0001,806,516,1322,2155,61.35%,429,801,1230
"District Judge, 11th Judicial District",0002,753,407,1160,1890,61.38%,537,544,1081
"District Judge, 11th Judicial District",0003,660,474,1134,1519,74.65%,410,616,1026
"District Judge, 11th Judicial District",0004,676,534,1210,1652,73.24%,421,702,1123
"District Judge, 11th Judicial District",0005,472,518,990,1376,71.95%,362,540,902
"District Judge, 11th Judicial District",0006,1251,929,2180,3616,60.29%,1167,907,2074
"District Judge, 11th Judicial District",0007,495,124,619,1058,58.51%,14,590,604
"District Judge, 11th Judicial District",0008,661,430,1091,1706,63.95%,513,506,1019
"District Judge, 11th Judicial District",0009,472,382,854,1736,49.19%,174,623,797
"District Judge, 11th Judicial District",0010,499,245,744,1722,43.21%,167,503,670
"District Judge, 11th Judicial District",0011,418,335,753,1830,41.15%,125,574,699
"District Judge, 11th Judicial District",0012,227,133,360,716,50.28%,185,161,346
"District Judge, 11th Judicial District",0013,1140,443,1583,2823,56.08%,1026,463,1489
"District Judge, 11th Judicial District",0014,758,606,1364,1848,73.81%,692,564,1256
"District Judge, 11th Judicial District",0015,1144,1016,2160,2806,76.98%,1160,800,1960
"District Judge, 11th Judicial District",0016,457,175,632,947,66.74%,289,293,582
"District Judge, 11th Judicial District",0017,346,326,672,1105,60.81%,251,364,615
"District Judge, 11th Judicial District",0018,550,483,1033,1396,74.00%,474,477,951
"District Judge, 11th Judicial District",0019,423,261,684,995,68.74%,238,394,632
"District Judge, 11th Judicial District",0020,678,470,1148,3074,37.35%,322,735,1057
"District Judge, 11th Judicial District",0021,419,230,649,1013,64.07%,141,469,610
"District Judge, 11th Judicial District",0022,888,554,1442,2524,57.13%,191,1187,1378
"District Judge, 11th Judicial District",0023,99,65,164,512,32.03%,35,120,155
"District Judge, 11th Judicial District",0024,225,121,346,611,56.63%,35,288,323
"District Judge, 11th Judicial District",0025,244,304,548,1062,51.60%,17,509,526
"District Judge, 11th Judicial District",0026,463,486,949,1843,51.49%,239,630,869
"District Judge, 11th Judicial District",0027,821,695,1516,3005,50.45%,347,1054,1401
"District Judge, 11th Judicial District",0028,1446,465,1911,2782,68.69%,1088,715,1803
"District Judge, 11th Judicial District",0029,418,577,995,2659,37.42%,299,637,936
"District Judge, 11th Judicial District",0030,798,588,1386,2034,68.14%,343,958,1301
"District Judge, 11th Judicial District",0031,911,526,1437,2518,57.07%,25,1374,1399
"District Judge, 11th Judicial District",0032,796,556,1352,2171,62.28%,629,597,1226
"District Judge, 11th Judicial District",0033,1479,843,2322,3540,65.59%,894,1216,2110
"District Judge, 11th Judicial District",0034,1012,749,1761,2676,65.81%,464,1188,1652
"District Judge, 11th Judicial District",0035,4,0,4,12,33.33%,1,3,4
"District Judge, 11th Judicial District",0036,993,479,1472,2868,51.32%,365,1022,1387
"District Judge, 11th Judicial District",0037,801,479,1280,1885,67.90%,409,772,1181
"District Judge, 11th Judicial District",0038,1241,673,1914,2703,70.81%,656,1090,1746
"District Judge, 11th Judicial District",0039,1063,723,1786,2726,65.52%,494,1168,1662
"District Judge, 11th Judicial District",0040,239,135,374,524,71.37%,171,169,340
"District Judge, 11th Judicial District",0041,560,284,844,1197,70.51%,364,449,813
"District Judge, 11th Judicial District",0042,505,139,644,1121,57.45%,11,605,616
"District Judge, 11th Judicial District",0043,520,372,892,1644,54.26%,404,424,828
"District Judge, 11th Judicial District",0044,492,314,806,1976,40.79%,153,591,744
"District Judge, 11th Judicial District",0045,2434,1138,3572,6031,59.23%,579,2851,3430
"District Judge, 11th Judicial District",0046,538,433,971,2468,39.34%,145,773,918
"District Judge, 11th Judicial District",0047,535,345,880,1624,54.19%,22,841,863
"District Judge, 11th Judicial District",0048,371,193,564,992,56.85%,46,495,541
"District Judge, 11th Judicial District",0049,1228,669,1897,3144,60.34%,1287,523,1810
"District Judge, 11th Judicial District",0050,1901,1110,3011,4762,63.23%,1521,1362,2883
"District Judge, 11th Judicial District",0051,657,349,1006,1568,64.16%,705,248,953
"District Judge, 11th Judicial District",0052,970,620,1590,2299,69.16%,777,677,1454
"District Judge, 11th Judicial District",0053,1102,884,1986,2808,70.73%,827,983,1810
"District Judge, 11th Judicial District",0054,606,402,1008,1408,71.59%,498,427,925
"District Judge, 11th Judicial District",0055,441,394,835,1305,63.98%,336,428,764
"District Judge, 11th Judicial District",0056,548,307,855,1285,66.54%,534,256,790
"District Judge, 11th Judicial District",0057,1273,956,2229,3062,72.80%,886,1164,2050
"District Judge, 11th Judicial District",0058,881,747,1628,2521,64.58%,665,840,1505
"District Judge, 11th Judicial District",0059,914,751,1665,2283,72.93%,649,865,1514
"District Judge, 11th Judicial District",0060,839,664,1503,2263,66.42%,407,975,1382
"District Judge, 11th Judicial District",0061,435,528,963,2250,42.80%,241,670,911
"District Judge, 11th Judicial District",0062,419,528,947,2190,43.24%,184,667,851
"District Judge, 11th Judicial District",0063,674,400,1074,1784,60.20%,832,175,1007
"District Judge, 11th Judicial District",0064,410,420,830,2090,39.71%,149,628,777
"District Judge, 11th Judicial District",0065,404,532,936,2178,42.98%,168,716,884
"District Judge, 11th Judicial District",0066,172,279,451,1090,41.38%,61,353,414
"District Judge, 11th Judicial District",0067,664,574,1238,2742,45.15%,243,889,1132
"District Judge, 11th Judicial District",0068,1198,486,1684,2782,60.53%,27,1600,1627
"District Judge, 11th Judicial District",0069,218,284,502,1303,38.53%,76,368,444
"District Judge, 11th Judicial District",0070,1633,726,2359,3142,75.08%,1342,838,2180
"District Judge, 11th Judicial District",0071,1419,948,2367,3662,64.64%,1169,1028,2197
"District Judge, 11th Judicial District",0072,441,562,1003,1882,53.29%,255,657,912
"District Judge, 11th Judicial District",0073,499,496,995,1494,66.60%,524,387,911
"District Judge, 11th Judicial District",0074,2212,530,2742,3632,75.50%,2037,524,2561
"District Judge, 11th Judicial District",0075,481,370,851,1329,64.03%,318,467,785
"District Judge, 11th Judicial District",0076,814,569,1383,2328,59.41%,711,569,1280
"District Judge, 11th Judicial District",0077,168,81,249,565,44.07%,49,185,234
"District Judge, 11th Judicial District",0078,359,344,703,1479,47.53%,191,437,628
"District Judge, 11th Judicial District",0079,511,717,1228,2959,41.50%,217,910,1127
"District Judge, 11th Judicial District",0080,1159,481,1640,2712,60.47%,328,1218,1546
"District Judge, 11th Judicial District",0081,540,309,849,1839,46.17%,247,538,785
"District Judge, 11th Judicial District",0082,1353,816,2169,3284,66.05%,1577,493,2070
"District Judge, 11th Judicial District",0083,2625,1181,3806,5598,67.99%,1749,1899,3648
"District Judge, 11th Judicial District",0084,444,346,790,1389,56.88%,548,207,755
"District Judge, 11th Judicial District",0085,730,548,1278,2079,61.47%,22,1197,1219
"District Judge, 11th Judicial District",0086,1054,689,1743,2637,66.10%,768,835,1603
"District Judge, 11th Judicial District",0087,1222,861,2083,2749,75.77%,1202,696,1898
"District Judge, 11th Judicial District",0088,235,162,397,678,58.55%,243,138,381
"District Judge, 11th Judicial District",0089,342,454,796,1104,72.10%,397,322,719
"District Judge, 11th Judicial District",0090,1498,958,2456,3571,68.78%,1738,575,2313
"District Judge, 11th Judicial District",0091,466,333,799,1248,64.02%,478,288,766
"District Judge, 11th Judicial District",0092,1105,534,1639,2228,73.56%,1072,449,1521
"District Judge, 11th Judicial District",0093,782,643,1425,3295,43.25%,485,841,1326
"District Judge, 11th Judicial District",0094,148,104,252,537,46.93%,51,186,237
"District Judge, 11th Judicial District",0095,1684,671,2355,3179,74.08%,1537,666,2203
"District Judge, 11th Judicial District",0096,364,237,601,1241,48.43%,51,530,581
"District Judge, 11th Judicial District",0097,2393,764,3157,4566,69.14%,2254,738,2992
"District Judge, 11th Judicial District",0098,874,607,1481,2403,61.63%,1182,238,1420
"District Judge, 11th Judicial District",0099,568,311,879,2040,43.09%,379,461,840
"District Judge, 11th Judicial District",0100,427,324,751,1754,42.82%,318,396,714
"District Judge, 11th Judicial District",0101,203,186,389,941,41.34%,88,289,377
"District Judge, 11th Judicial District",0102,493,268,761,1910,39.84%,188,543,731
"District Judge, 11th Judicial District",0103,1915,1065,2980,4751,62.72%,1521,1326,2847
"District Judge, 11th Judicial District",0104,992,238,1230,1847,66.59%,19,1176,1195
"District Judge, 11th Judicial District",0105,462,453,915,2153,42.50%,215,633,848
"District Judge, 11th Judicial District",0106,49,37,86,284,30.28%,42,40,82
"District Judge, 11th Judicial District",0107,412,441,853,1905,44.78%,129,687,816
"District Judge, 11th Judicial District",0108,1193,514,1707,3229,52.86%,865,754,1619
"District Judge, 11th Judicial District",0109,1160,430,1590,2884,55.13%,23,1522,1545
"District Judge, 11th Judicial District",0110,1465,589,2054,2853,71.99%,1207,734,1941
"District Judge, 11th Judicial District",0111,1868,848,2716,3638,74.66%,1952,607,2559
"District Judge, 11th Judicial District",0112,1262,668,1930,2894,66.69%,1320,519,1839
"District Judge, 11th Judicial District",0113,1125,590,1715,2537,67.60%,940,681,1621
"District Judge, 11th Judicial District",0114,1454,546,2000,2650,75.47%,1532,387,1919
"District Judge, 11th Judicial District",0115,598,305,903,1764,51.19%,93,781,874
"District Judge, 11th Judicial District",0116,1626,747,2373,3014,78.73%,1740,502,2242
"District Judge, 11th Judicial District",0117,398,462,860,1878,45.79%,340,467,807
"District Judge, 11th Judicial District",0118,460,148,608,743,81.83%,462,114,576
"District Judge, 11th Judicial District",0119,1924,1265,3189,4892,65.19%,2452,622,3074
"District Judge, 11th Judicial District",0120,1197,632,1829,2986,61.25%,1061,646,1707
"District Judge, 11th Judicial District",0121,193,244,437,679,64.36%,276,139,415
"District Judge, 11th Judicial District",0122,895,349,1244,2199,56.57%,36,1156,1192
"District Judge, 11th Judicial District",0123,440,350,790,1356,58.26%,207,524,731
"District Judge, 11th Judicial District",0124,3522,1281,4803,5952,80.70%,3722,851,4573
"District Judge, 11th Judicial District",0125,896,534,1430,2281,62.69%,804,562,1366
"District Judge, 11th Judicial District",0126,1630,407,2037,2799,72.78%,1709,229,1938
"District Judge, 11th Judicial District",0127,854,182,1036,1703,60.83%,707,283,990
"District Judge, 11th Judicial District",0128,936,736,1672,2257,74.08%,968,536,1504
"District Judge, 11th Judicial District",0129,2294,1449,3743,5495,68.12%,2196,1320,3516
"District Judge, 11th Judicial District",0130,1201,523,1724,2240,76.96%,1216,398,1614
"District Judge, 11th Judicial District",0131,604,374,978,1721,56.83%,218,716,934
"District Judge, 11th Judicial District",0132,1119,397,1516,2449,61.90%,24,1441,1465
"District Judge, 11th Judicial District",0133,1083,940,2023,2605,77.66%,1129,715,1844
"District Judge, 11th Judicial District",0134,419,392,811,1444,56.16%,340,419,759
"District Judge, 11th Judicial District",0135,1424,634,2058,2750,74.84%,1194,699,1893
"District Judge, 11th Judicial District",0136,981,451,1432,2111,67.84%,47,1330,1377
"District Judge, 11th Judicial District",0137,305,193,498,740,67.30%,229,224,453
"District Judge, 11th Judicial District",0138,661,259,920,1749,52.60%,19,863,882
"District Judge, 11th Judicial District",0139,1290,747,2037,2746,74.18%,920,934,1854
"District Judge, 11th Judicial District",0140,1311,683,1994,3104,64.24%,279,1587,1866
"District Judge, 11th Judicial District",0141,181,143,324,872,37.16%,190,112,302
"District Judge, 11th Judicial District",0142,212,171,383,870,44.02%,90,268,358
"District Judge, 11th Judicial District",0143,2993,660,3653,4598,79.45%,2508,992,3500
"District Judge, 11th Judicial District",0144,476,204,680,1143,59.49%,8,652,660
"District Judge, 11th Judicial District",0145,663,245,908,1580,57.47%,14,876,890
"District Judge, 11th Judicial District",0146,759,614,1373,1953,70.30%,568,701,1269
"District Judge, 11th Judicial District",0147,1255,485,1740,2813,61.86%,194,1501,1695
"District Judge, 11th Judicial District",0148,908,924,1832,2467,74.26%,694,974,1668
"District Judge, 11th Judicial District",0149,2859,1322,4181,6103,68.51%,1816,2185,4001
"District Judge, 11th Judicial District",0150,539,207,746,1212,61.55%,17,711,728
"District Judge, 11th Judicial District",0151,316,148,464,846,54.85%,19,421,440
"District Judge, 11th Judicial District",0152,483,602,1085,2701,40.17%,222,803,1025
"District Judge, 11th Judicial District",0153,328,437,765,1755,43.59%,183,527,710
"District Judge, 11th Judicial District",0154,593,360,953,2133,44.68%,197,656,853
"District Judge, 11th Judicial District",0155,1957,834,2791,4087,68.29%,1840,802,2642
"District Judge, 11th Judicial District",0156,1427,457,1884,3134,60.11%,42,1764,1806
"District Judge, 11th Judicial District",0157,881,382,1263,2311,54.65%,37,1192,1229
"District Judge, 11th Judicial District",0158,1304,435,1739,3016,57.66%,23,1675,1698
"District Judge, 11th Judicial District",0159,313,187,500,976,51.23%,61,416,477
"District Judge, 11th Judicial District",0160,246,140,386,688,56.10%,11,360,371
"District Judge, 11th Judicial District",0161,395,190,585,1030,56.80%,7,559,566
"District Judge, 11th Judicial District",0162,232,262,494,1249,39.55%,129,316,445
"District Judge, 11th Judicial District",0163,778,635,1413,3054,46.27%,371,878,1249
"District Judge, 11th Judicial District",0164,505,304,809,1434,56.42%,8,780,788
"District Judge, 11th Judicial District",0165,918,557,1475,2284,64.58%,898,489,1387
"District Judge, 11th Judicial District",0166,281,311,592,1016,58.27%,179,370,549
"District Judge, 11th Judicial District",0167,5,2,7,23,30.43%,0,7,7
"District Judge, 11th Judicial District",0168,188,126,314,519,60.50%,5,295,300
"District Judge, 11th Judicial District",0169,1059,433,1492,2531,58.95%,19,1438,1457
"District Judge, 11th Judicial District",0170,481,353,834,1887,44.20%,394,377,771
"District Judge, 11th Judicial District",0171,514,294,808,1613,50.09%,28,749,777
"District Judge, 11th Judicial District",0172,161,147,308,600,51.33%,95,185,280
"District Judge, 11th Judicial District",0173,1798,619,2417,3105,77.84%,1826,477,2303
"District Judge, 11th Judicial District",0174,1554,767,2321,3159,73.47%,1508,642,2150
"District Judge, 11th Judicial District",0175,1064,867,1931,2506,77.06%,929,834,1763
"District Judge, 11th Judicial District",0176,626,530,1156,1581,73.12%,561,488,1049
"District Judge, 11th Judicial District",0177,672,385,1057,1478,71.52%,600,388,988
"District Judge, 11th Judicial District",0178,913,368,1281,1718,74.56%,775,397,1172
"District Judge, 11th Judicial District",0179,449,321,770,1508,51.06%,337,384,721
"District Judge, 11th Judicial District",0180,966,552,1518,2795,54.31%,31,1416,1447
"District Judge, 11th Judicial District",0181,416,514,930,1968,47.26%,259,609,868
"District Judge, 11th Judicial District",0182,1321,1081,2402,3289,73.03%,1348,813,2161
"District Judge, 11th Judicial District",0183,970,943,1913,2451,78.05%,1160,592,1752
"District Judge, 11th Judicial District",0184,214,256,470,969,48.50%,127,304,431
"District Judge, 11th Judicial District",0185,592,494,1086,1910,56.86%,333,680,1013
"District Judge, 11th Judicial District",0186,204,1,70,374,795,47.04%,44,303,347
"District Judge, 11th Judicial District",0187,48,65,113,309,36.57%,26,82,108
"District Judge, 11th Judicial District",0188,307,378,685,1616,42.39%,234,416,650
"District Judge, 11th Judicial District",0189,492,473,965,1453,66.41%,492,381,873
"District Judge, 11th Judicial District",0190,275,401,676,1720,39.30%,226,405,631
"District Judge, 11th Judicial District",0191,196,313,509,1391,36.59%,158,325,483
"District Judge, 11th Judicial District",0192,746,332,1078,2045,52.71%,33,1007,1040
"District Judge, 11th Judicial District",0193,341,269,610,1050,58.10%,10,580,590
"District Judge, 11th Judicial District",0194,704,504,1208,1735,69.63%,337,782,1119
"District Judge, 11th Judicial District",0195,539,419,958,1721,55.67%,24,899,923
"District Judge, 11th Judicial District",0196,121,55,176,323,54.49%,7,162,169
"District Judge, 11th Judicial District",0197,1109,497,1606,2895,55.47%,29,1526,1555
"District Judge, 11th Judicial District",0198,143,158,301,657,45.81%,6,284,290
"District Judge, 11th Judicial District",0199,1407,773,2180,3159,69.01%,1582,486,2068
"District Judge, 11th Judicial District",0200,1638,585,2223,3222,68.99%,966,1068,2034
"District Judge, 11th Judicial District",0201,229,125,354,728,48.63%,12,333,345
"District Judge, 11th Judicial District",0202,488,332,820,1479,55.44%,13,771,784
"District Judge, 11th Judicial District",0203,266,156,422,900,46.89%,81,317,398
"District Judge, 11th Judicial District",0204,1489,914,2403,3462,69.41%,1310,919,2229
"District Judge, 11th Judicial District",0205,856,201,1057,1667,63.41%,22,1006,1028
"District Judge, 11th Judicial District",0206,651,659,1310,2662,49.21%,381,838,1219
"District Judge, 11th Judicial District",0207,409,310,719,1144,62.85%,230,421,651
"District Judge, 11th Judicial District",0208,806,364,1170,2201,53.16%,277,815,1092
"District Judge, 11th Judicial District",0209,0,4,4,0,0.00%,4,0,4
"District Judge, 11th Judicial District",0210,1013,542,1555,2300,67.61%,164,1310,1474
"District Judge, 11th Judicial District",0211,710,686,1396,2797,49.91%,449,838,1287
"District Judge, 11th Judicial District",0212,218,314,532,1266,42.02%,89,413,502
"District Judge, 11th Judicial District",0213,1603,939,2542,3308,76.84%,1835,540,2375
"District Judge, 11th Judicial District",0214,798,544,1342,1795,74.76%,787,439,1226
"District Judge, 11th Judicial District",0215,844,786,1630,2168,75.18%,917,585,1502
"District Judge, 11th Judicial District",0216,784,320,1104,1917,57.59%,72,989,1061
"District Judge, 11th Judicial District",0217,1396,651,2047,2637,77.63%,1192,700,1892
"District Judge, 11th Judicial District",0218,690,608,1298,2274,57.08%,356,835,1191
"District Judge, 11th Judicial District",0219,1117,587,1704,2654,64.20%,125,1485,1610
"District Judge, 11th Judicial District",0220,711,353,1064,2360,45.08%,704,300,1004
"District Judge, 11th Judicial District",0221,699,611,1310,2489,52.63%,506,695,1201
"District Judge, 11th Judicial District",0222,1000,792,1792,2384,75.17%,737,861,1598
"District Judge, 11th Judicial District",0223,1350,760,2110,3528,59.81%,564,1372,1936
"District Judge, 11th Judicial District",0224,894,649,1543,2259,68.30%,679,732,1411
"District Judge, 11th Judicial District",0225,1109,720,1829,3155,57.97%,763,980,1743
"District Judge, 11th Judicial District",0226,529,545,1074,2393,44.88%,206,774,980
"District Judge, 11th Judicial District",0227,947,451,1398,1767,79.12%,931,363,1294
"District Judge, 11th Judicial District",0228,583,165,748,1073,69.71%,26,698,724
"District Judge, 11th Judicial District",0229,152,207,359,811,44.27%,98,241,339
"District Judge, 11th Judicial District",0230,421,153,574,1096,52.37%,10,540,550
"District Judge, 11th Judicial District",0231,562,471,1033,2219,46.55%,235,739,974
"District Judge, 11th Judicial District",0232,685,546,1231,1696,72.58%,644,483,1127
"District Judge, 11th Judicial District",0233,1826,1063,2889,4132,69.92%,1411,1252,2663
"District Judge, 11th Judicial District",0234,2088,885,2973,3854,77.14%,2098,668,2766
"District Judge, 11th Judicial District",0235,466,242,708,1305,54.25%,19,668,687
"District Judge, 11th Judicial District",0236,779,342,1121,2144,52.29%,24,1048,1072
"District Judge, 11th Judicial District",0237,793,441,1234,2181,56.58%,16,1189,1205
"District Judge, 11th Judicial District",0238,640,422,1062,1901,55.87%,19,1004,1023
"District Judge, 11th Judicial District",0239,765,357,1122,1997,56.18%,26,1063,1089
"District Judge, 11th Judicial District",0240,1157,402,1559,2688,58.00%,18,1492,1510
"District Judge, 11th Judicial District",0241,494,479,973,2296,42.38%,360,557,917
"District Judge, 11th Judicial District",0242,363,323,686,1570,43.69%,345,308,653
"District Judge, 11th Judicial District",0243,254,50,304,452,67.26%,2,293,295
"District Judge, 11th Judicial District",0244,1100,656,1756,2912,60.30%,889,786,1675
"District Judge, 11th Judicial District",0245,2340,1115,3455,5240,65.94%,2255,1061,3316
"District Judge, 11th Judicial District",0246,1584,624,2208,2999,73.62%,1449,650,2099
"District Judge, 11th Judicial District",0247,421,403,824,1607,51.28%,13,789,802
"District Judge, 11th Judicial District",0248,408,405,813,2122,38.31%,178,589,767
"District Judge, 11th Judicial District",0249,1028,481,1509,2676,56.39%,959,474,1433
"District Judge, 11th Judicial District",0250,306,247,553,951,58.15%,10,535,545
"District Judge, 11th Judicial District",0251,809,529,1338,2072,64.58%,53,1234,1287
"District Judge, 11th Judicial District",0252,1111,356,1467,2350,62.43%,17,1408,1425
"District Judge, 11th Judicial District",0253,923,325,1248,2252,55.42%,13,1213,1226
"District Judge, 11th Judicial District",0254,220,282,502,1476,34.01%,118,350,468
"District Judge, 11th Judicial District",0255,995,797,1792,2411,74.33%,769,891,1660
"District Judge, 11th Judicial District",0256,1059,766,1825,3226,56.57%,671,1013,1684
"District Judge, 11th Judicial District",0257,553,571,1124,2403,46.77%,258,814,1072
"District Judge, 11th Judicial District",0258,1577,888,2465,3286,75.02%,1693,570,2263
"District Judge, 11th Judicial District",0259,1210,460,1670,2408,69.35%,25,1606,1631
"District Judge, 11th Judicial District",0260,420,290,710,1187,59.81%,367,304,671
"District Judge, 11th Judicial District",0261,176,133,309,749,41.26%,85,207,292
"District Judge, 11th Judicial District",0262,1470,906,2376,4232,56.14%,1309,893,2202
"District Judge, 11th Judicial District",0263,1785,719,2504,3319,75.44%,1810,577,2387
"District Judge, 11th Judicial District",0264,936,639,1575,2939,53.59%,809,641,1450
"District Judge, 11th Judicial District",0265,1936,674,2610,3617,72.16%,1828,615,2443
"District Judge, 11th Judicial District",0266,552,542,1094,2119,51.63%,473,558,1031
"District Judge, 11th Judicial District",0267,294,305,599,1346,44.50%,254,297,551
"District Judge, 11th Judicial District",0268,931,810,1741,2387,72.94%,988,587,1575
"District Judge, 11th Judicial District",0269,1143,444,1587,1981,80.11%,1145,337,1482
"District Judge, 11th Judicial District",0270,1401,870,2271,3517,64.57%,1207,888,2095
"District Judge, 11th Judicial District",0271,1303,371,1674,2469,67.80%,11,1618,1629
"District Judge, 11th Judicial District",0272,610,484,1094,2112,51.80%,393,641,1034
"District Judge, 11th Judicial District",0273,1139,634,1773,2426,73.08%,1355,319,1674
"District Judge, 11th Judicial District",0274,1049,364,1413,2063,68.49%,878,453,1331
"District Judge, 11th Judicial District",0275,567,410,977,1730,56.47%,155,780,935
"District Judge, 11th Judicial District",0276,1139,404,1543,2532,60.94%,13,1493,1506
"District Judge, 11th Judicial District",0277,342,305,647,1473,43.92%,266,360,626
"District Judge, 11th Judicial District",0278,756,607,1363,2405,56.67%,675,609,1284
"District Judge, 11th Judicial District",0279,548,383,931,1899,49.03%,544,334,878
"District Judge, 11th Judicial District",0280,303,360,663,1515,43.76%,215,402,617
"District Judge, 11th Judicial District",0281,1087,903,1990,2610,76.25%,879,883,1762
"District Judge, 11th Judicial District",0282,690,591,1281,1988,64.44%,710,498,1208
"District Judge, 11th Judicial District",0283,0,0,0,0,0.00%,0,0,0
"District Judge, 11th Judicial District",0284,1135,595,1730,3262,53.03%,622,1023,1645
"District Judge, 11th Judicial District",0285,988,509,1497,2505,59.76%,100,1340,1440
"District Judge, 11th Judicial District",0286,2657,1053,3710,5719,64.87%,303,3240,3543
"District Judge, 11th Judicial District",0287,647,542,1189,1616,73.58%,589,518,1107
"District Judge, 11th Judicial District",0288,1036,380,1416,2259,62.68%,16,1351,1367
"District Judge, 11th Judicial District",0289,374,397,771,1510,51.06%,290,422,712
"District Judge, 11th Judicial District",0290,577,429,1006,1567,64.20%,753,215,968
"District Judge, 11th Judicial District",0291,541,298,839,1203,69.74%,372,412,784
"District Judge, 11th Judicial District",0292,477,236,713,1272,56.05%,86,598,684
"District Judge, 11th Judicial District",0293,620,557,1177,1733,67.92%,505,582,1087
"District Judge, 11th Judicial District",0294,989,298,1287,2107,61.08%,8,1239,1247
"District Judge, 11th Judicial District",0295,314,189,503,862,58.35%,4,486,490
"District Judge, 11th Judicial District",0296,602,432,1034,1693,61.08%,558,380,938
"District Judge, 11th Judicial District",0297,576,445,1021,1978,51.62%,358,587,945
"District Judge, 11th Judicial District",0298,847,475,1322,2083,63.47%,694,537,1231
"District Judge, 11th Judicial District",0299,328,213,541,1231,43.95%,163,341,504
"District Judge, 11th Judicial District",0300,3013,922,3935,5040,78.08%,2942,759,3701
"District Judge, 11th Judicial District",0301,450,655,1105,2397,46.10%,387,656,1043
"District Judge, 11th Judicial District",0302,713,635,1348,2724,49.49%,688,573,1261
"District Judge, 11th Judicial District",0303,1772,755,2527,3172,79.67%,1890,470,2360
"District Judge, 11th Judicial District",0304,970,648,1618,2266,71.40%,839,634,1473
"District Judge, 11th Judicial District",0305,1319,858,2177,3621,60.12%,789,1294,2083
"District Judge, 11th Judicial District",0306,1013,323,1336,1847,72.33%,920,327,1247
"District Judge, 11th Judicial District",0307,1242,876,2118,2931,72.26%,1408,585,1993
"District Judge, 11th Judicial District",0308,444,238,682,1266,53.87%,174,468,642
"District Judge, 11th Judicial District",0309,1385,612,1997,2529,78.96%,1512,364,1876
"District Judge, 11th Judicial District",0310,517,348,965,1437,67.15%,609,291,900
"District Judge, 11th Judicial District",0311,862,699,1561,2997,52.09%,640,756,1396
"District Judge, 11th Judicial District",0312,1600,718,2318,3669,63.18%,1208,964,2172
"District Judge, 11th Judicial District",0313,22,1,23,60,38.33%,12,8,20
"District Judge, 11th Judicial District",0314,2494,1221,3715,5225,71.10%,2204,1354,3558
"District Judge, 11th Judicial District",0315,711,479,1190,1618,73.55%,662,434,1096
"District Judge, 11th Judicial District",0316,682,411,1093,1522,71.81%,545,451,996
"District Judge, 11th Judicial District",0317,551,336,887,1469,60.38%,258,586,844
"District Judge, 11th Judicial District",0318,1708,611,2319,3531,65.68%,91,2138,2229
"District Judge, 11th Judicial District",0319,965,290,1255,2081,60.31%,66,1136,1202
"District Judge, 11th Judicial District",0320,464,300,764,1505,50.76%,316,399,715
"District Judge, 11th Judicial District",0321,442,305,748,2029,36.87%,241,466,707
"District Judge, 11th Judicial District",0322,397,237,634,1322,47.96%,155,453,608
"District Judge, 11th Judicial District",0323,482,332,814,1719,47.35%,316,431,747
"District Judge, 11th Judicial District",0324,967,718,1685,2339,72.04%,1032,516,1548
"District Judge, 11th Judicial District",0325,656,397,1053,2251,46.78%,220,781,1001
"District Judge, 11th Judicial District",0326,202,128,330,678,48.67%,128,171,299
"District Judge, 11th Judicial District",0327,725,244,970,1751,55.40%,15,921,936
"District Judge, 11th Judicial District",0328,344,270,614,1361,45.11%,219,365,584
"District Judge, 11th Judicial District",0329,405,307,712,1367,52.08%,200,459,659
"District Judge, 11th Judicial District",0330,590,376,966,1849,52.24%,429,470,899
"District Judge, 11th Judicial District",0331,0,1,1,0,0.00%,1,0,1
"District Judge, 11th Judicial District",0332,23,4,27,128,21.09%,10,15,25
"District Judge, 11th Judicial District",0333,1018,939,1957,2901,67.46%,1339,506,1845
"District Judge, 11th Judicial District",0334,255,114,369,755,48.87%,73,281,354
"District Judge, 11th Judicial District",0335,285,246,531,1227,43.28%,156,320,476
"District Judge, 11th Judicial District",0336,1818,588,2406,3161,76.12%,194,2130,2324
"District Judge, 11th Judicial District",0337,309,207,516,951,54.26%,82,420,502
"District Judge, 11th Judicial District",0338,1540,824,2364,4673,50.59%,621,1587,2208
"District Judge, 11th Judicial District",0339,369,373,742,1716,43.24%,147,526,673
"District Judge, 11th Judicial District",0340,1778,833,2611,3717,70.24%,1858,592,2450
"District Judge, 11th Judicial District",0341,246,316,562,1248,45.03%,131,403,534
"District Judge, 11th Judicial District",0342,2029,1113,3142,5718,54.95%,429,2611,3040
"District Judge, 11th Judicial District",0343,436,483,919,1904,48.27%,215,613,828
"District Judge, 11th Judicial District",0344,395,245,640,1207,53.02%,20,592,612
"District Judge, 11th Judicial District",0345,428,357,785,1708,45.96%,160,581,741
"District Judge, 11th Judicial District",0346,1,2,3,1,300.00%,3,0,3
"District Judge, 11th Judicial District",0347,1250,614,1864,3299,56.50%,1110,669,1779
"District Judge, 11th Judicial District",0348,751,280,1031,1740,59.25%,707,269,976
"District Judge, 11th Judicial District",0349,405,407,812,1315,61.75%,459,304,763
"District Judge, 11th Judicial District",0350,1112,780,1892,2906,65.11%,726,1008,1734
"District Judge, 11th Judicial District",0351,2495,793,3288,4537,72.47%,2527,631,3158
"District Judge, 11th Judicial District",0352,1151,583,1734,3193,54.31%,1158,496,1654
"District Judge, 11th Judicial District",0353,1544,703,2247,3697,60.78%,363,1798,2161
"District Judge, 11th Judicial District",0354,1476,517,1993,3193,62.42%,441,1465,1906
"District Judge, 11th Judicial District",0355,700,286,986,1384,71.24%,87,867,954
"District Judge, 11th Judicial District",0356,1382,618,2000,2836,70.52%,1114,746,1860
"District Judge, 11th Judicial District",0357,1633,709,2342,3371,69.47%,1678,542,2220
"District Judge, 11th Judicial District",0358,740,464,1204,2297,52.42%,85,1075,1160
"District Judge, 11th Judicial District",0359,706,482,1188,3008,39.49%,96,1051,1147
"District Judge, 11th Judicial District",0360,969,515,1484,2190,67.76%,744,592,1336
"District Judge, 11th Judicial District",0361,135,691,826,1585,52.11%,149,547,696
"District Judge, 11th Judicial District",0362,2131,1200,3331,4952,67.27%,2340,807,3147
"District Judge, 11th Judicial District",0363,1346,687,2033,3291,61.77%,883,1076,1959
"District Judge, 11th Judicial District",0364,912,602,1514,2539,59.63%,735,699,1434
"District Judge, 11th Judicial District",0365,734,245,979,1302,75.19%,84,867,951
"District Judge, 11th Judicial District",0366,638,466,1104,2089,52.85%,229,836,1065
"District Judge, 11th Judicial District",0367,328,212,540,1019,52.99%,87,434,521
"District Judge, 11th Judicial District",0368,418,143,561,929,60.39%,141,401,542
"District Judge, 11th Judicial District",0369,107,53,160,490,32.65%,60,94,154
"District Judge, 11th Judicial District",0370,3143,1178,4321,5781,74.74%,3184,932,4116
"District Judge, 11th Judicial District",0371,226,69,295,475,62.11%,6,281,287
"District Judge, 11th Judicial District",0372,498,231,729,1215,60.00%,76,620,696
"District Judge, 11th Judicial District",0373,61,16,77,159,48.43%,1,75,76
"District Judge, 11th Judicial District",0374,139,187,326,748,43.58%,94,212,306
"District Judge, 11th Judicial District",0375,577,524,1101,2607,42.23%,428,608,1036
"District Judge, 11th Judicial District",0376,629,334,963,1916,50.26%,386,519,905
"District Judge, 11th Judicial District",0377,1055,707,1762,2871,61.37%,1263,379,1642
"District Judge, 11th Judicial District",0378,559,521,1080,1777,60.78%,647,384,1031
"District Judge, 11th Judicial District",0379,800,338,1138,2017,56.42%,71,1018,1089
"District Judge, 11th Judicial District",0380,2500,1183,3683,4753,77.49%,2036,1464,3500
"District Judge, 11th Judicial District",0381,957,424,1381,2715,50.87%,546,761,1307
"District Judge, 11th Judicial District",0382,276,231,507,841,60.29%,345,141,486
"District Judge, 11th Judicial District",0383,599,493,1092,2076,52.60%,322,714,1036
"District Judge, 11th Judicial District",0384,1172,505,1677,2596,64.60%,308,1297,1605
"District Judge, 11th Judicial District",0385,1099,621,1720,2175,79.08%,1220,377,1597
"District Judge, 11th Judicial District",0386,1464,460,1924,2872,66.99%,1339,496,1835
"District Judge, 11th Judicial District",0387,1369,802,2171,3727,58.25%,1435,617,2052
"District Judge, 11th Judicial District",0388,2780,1222,4002,5329,75.10%,2205,1628,3833
"District Judge, 11th Judicial District",0389,283,261,544,975,55.79%,86,418,504
"District Judge, 11th Judicial District",0390,644,368,1012,1565,64.66%,114,848,962
"District Judge, 11th Judicial District",0391,856,355,1211,1805,67.09%,747,395,1142
"District Judge, 11th Judicial District",0392,737,197,934,1441,64.82%,9,904,913
"District Judge, 11th Judicial District",0393,346,318,664,1206,55.06%,271,352,623
"District Judge, 11th Judicial District",0394,166,176,342,860,39.77%,127,193,320
"District Judge, 11th Judicial District",0395,830,491,1321,1820,72.58%,879,353,1232
"District Judge, 11th Judicial District",0396,1157,219,1376,2073,66.38%,12,1320,1332
"District Judge, 11th Judicial District",0397,163,148,311,750,41.47%,120,166,286
"District Judge, 11th Judicial District",0398,1438,840,2278,3816,59.70%,1083,1095,2178
"District Judge, 11th Judicial District",0399,896,593,1489,2542,58.58%,700,727,1427
"District Judge, 11th Judicial District",0400,1048,506,1554,2238,69.44%,1080,387,1467
"District Judge, 11th Judicial District",0401,723,284,1007,1876,53.68%,38,941,979
"District Judge, 11th Judicial District",0402,891,245,1136,1737,65.40%,48,1055,1103
"District Judge, 11th Judicial District",0403,791,527,1318,1703,77.39%,664,517,1181
"District Judge, 11th Judicial District",0404,778,552,1330,2589,51.37%,651,610,1261
"District Judge, 11th Judicial District",0405,0,1,1,0,0.00%,0,1,1
"District Judge, 11th Judicial District",0406,281,72,353,610,57.87%,6,332,338
"District Judge, 11th Judicial District",0407,1317,1000,2317,3652,63.44%,1394,758,2152
"District Judge, 11th Judicial District",0408,154,179,333,933,35.69%,133,180,313
"District Judge, 11th Judicial District",0409,277,289,566,1371,41.28%,160,368,528
"District Judge, 11th Judicial District",0410,337,102,439,849,51.71%,76,350,426
"District Judge, 11th Judicial District",0411,542,462,1004,2302,43.61%,282,653,935
"District Judge, 11th Judicial District",0412,193,74,267,433,61.66%,10,249,259
"District Judge, 11th Judicial District",0413,1493,525,2018,3023,66.75%,720,1176,1896
"District Judge, 11th Judicial District",0414,1452,593,2045,3457,59.16%,1405,503,1908
"District Judge, 11th Judicial District",0415,950,633,1583,2124,74.53%,1051,430,1481
"District Judge, 11th Judicial District",0416,1174,916,2090,3582,58.35%,1042,920,1962
"District Judge, 11th Judicial District",0417,777,619,1396,2465,56.63%,586,727,1313
"District Judge, 11th Judicial District",0418,1057,758,1815,3420,53.07%,635,1081,1716
"District Judge, 11th Judicial District",0419,1006,578,1584,2697,58.73%,970,531,1501
"District Judge, 11th Judicial District",0420,2174,1089,3263,4639,70.34%,2572,513,3085
"District Judge, 11th Judicial District",0421,124,92,216,467,46.25%,45,163,208
"District Judge, 11th Judicial District",0422,1456,585,2041,3345,61.02%,37,1947,1984
"District Judge, 11th Judicial District",0423,190,309,499,894,55.82%,196,267,463
"District Judge, 11th Judicial District",0424,435,1,57,592,888,66.67%,324,247,571
"District Judge, 11th Judicial District",0425,227,234,461,875,52.69%,140,292,432
"District Judge, 11th Judicial District",0426,415,283,698,1224,57.03%,360,275,635
"District Judge, 11th Judicial District",0427,325,249,574,1115,51.48%,202,332,534
"District Judge, 11th Judicial District",0428,1284,907,2191,4316,50.76%,620,1419,2039
"District Judge, 11th Judicial District",0429,1091,777,1868,3929,47.54%,332,1392,1724
"District Judge, 11th Judicial District",0430,403,335,738,1654,44.62%,142,534,676
"District Judge, 11th Judicial District",0431,819,403,1222,3188,38.33%,306,840,1146
"District Judge, 11th Judicial District",0432,311,271,582,1344,43.30%,159,395,554
"District Judge, 11th Judicial District",0433,139,106,245,573,42.76%,40,190,230
"District Judge, 11th Judicial District",0434,628,371,999,1386,72.08%,589,336,925
"District Judge, 11th Judicial District",0435,1534,768,2302,3097,74.33%,1446,697,2143
"District Judge, 11th Judicial District",0436,1334,709,2043,3012,67.83%,1143,747,1890
"District Judge, 11th Judicial District",0437,951,542,1493,2007,74.39%,996,397,1393
"District Judge, 11th Judicial District",0438,1046,387,1433,1802,79.52%,997,314,1311
"District Judge, 11th Judicial District",0439,1526,905,2431,3416,71.17%,1642,637,2279
"District Judge, 11th Judicial District",0440,1326,876,2202,2867,76.81%,1618,415,2033
"District Judge, 11th Judicial District",0441,698,513,1211,1616,74.94%,852,282,1134
"District Judge, 11th Judicial District",0442,1366,513,1879,2504,75.04%,1496,286,1782
"District Judge, 11th Judicial District",0443,335,148,483,605,79.83%,332,116,448
"District Judge, 11th Judicial District",0444,1258,731,1989,3172,62.70%,1151,700,1851
"District Judge, 11th Judicial District",0445,860,443,1303,1938,67.23%,763,456,1219
"District Judge, 11th Judicial District",0446,70,52,122,268,45.52%,45,69,114
"District Judge, 11th Judicial District",0447,271,108,379,583,65.01%,119,231,350
"District Judge, 11th Judicial District",0448,1239,869,2108,3081,68.42%,1175,758,1933
"District Judge, 11th Judicial District",0449,62,37,99,164,60.37%,12,81,93
"District Judge, 11th Judicial District",0450,856,537,1393,2622,53.13%,336,988,1324
"District Judge, 11th Judicial District",0451,1575,515,2090,2674,78.16%,1636,351,1987
"District Judge, 11th Judicial District",0452,1109,639,1748,2810,62.21%,1268,405,1673
"District Judge, 11th Judicial District",0453,559,475,1034,1885,54.85%,327,645,972
"District Judge, 11th Judicial District",0454,1226,311,1537,2571,59.78%,9,1484,1493
"District Judge, 11th Judicial District",0455,748,216,964,1679,57.42%,25,899,924
"District Judge, 11th Judicial District",0456,1266,593,1859,3350,55.49%,955,802,1757
"District Judge, 11th Judicial District",0457,0,0,0,0,0.00%,0,0,0
"District Judge, 11th Judicial District",0458,908,271,1179,1893,62.28%,45,1090,1135
"District Judge, 11th Judicial District",0459,1637,476,2113,2950,71.63%,1604,396,2000
"District Judge, 11th Judicial District",0460,1250,402,1652,2346,70.42%,408,1172,1580
"District Judge, 11th Judicial District",0461,1958,828,2786,3733,74.63%,1723,841,2564
"District Judge, 11th Judicial District",0462,1318,865,2183,3367,64.84%,741,1300,2041
"District Judge, 11th Judicial District",0463,1124,656,1780,2962,60.09%,686,1009,1695
"District Judge, 11th Judicial District",0464,786,612,1398,2126,65.76%,925,397,1322
"District Judge, 11th Judicial District",0465,1465,702,2167,3343,64.82%,1094,1002,2096
"District Judge, 11th Judicial District",0466,2052,729,2781,4072,68.30%,1495,1165,2660
"District Judge, 11th Judicial District",0467,478,229,707,1230,57.48%,161,509,670
"District Judge, 11th Judicial District",0468,984,793,1777,3354,52.98%,479,1198,1677
"District Judge, 11th Judicial District",0469,2039,638,2677,3779,70.84%,1989,541,2530
"District Judge, 11th Judicial District",0470,443,323,766,1349,56.78%,524,197,721
"District Judge, 11th Judicial District",0471,792,597,1389,2349,59.13%,1022,303,1325
"District Judge, 11th Judicial District",0472,370,337,707,1027,68.84%,282,358,640
"District Judge, 11th Judicial District",0473,914,442,1356,1827,74.22%,876,385,1261
"District Judge, 11th Judicial District",0474,1146,766,1912,3006,63.61%,1281,519,1800
"District Judge, 11th Judicial District",0475,485,473,958,1651,58.03%,394,498,892
"District Judge, 11th Judicial District",0476,809,658,1467,2412,60.82%,811,584,1395
"District Judge, 11th Judicial District",0477,1441,742,2183,3195,68.33%,1588,498,2086
"District Judge, 11th Judicial District",0478,1959,898,2857,4150,68.84%,1807,892,2699
"District Judge, 11th Judicial District",0479,1298,588,1886,2648,71.22%,1344,454,1798
"District Judge, 11th Judicial District",0480,936,555,1491,2267,65.77%,1003,400,1403
"District Judge, 11th Judicial District",0481,1463,852,2315,3298,70.19%,1664,528,2192
"District Judge, 11th Judicial District",0482,1963,836,2799,4129,67.79%,1882,796,2678
"District Judge, 11th Judicial District",0483,1868,759,2627,4141,63.44%,1344,1145,2489
"District Judge, 11th Judicial District",0484,2236,1008,3244,4594,70.61%,2241,846,3087
"District Judge, 11th Judicial District",0485,2421,990,3411,4838,70.50%,2473,795,3268
"District Judge, 11th Judicial District",0486,1843,805,2648,3572,74.13%,1991,532,2523
"District Judge, 11th Judicial District",0487,1005,612,1617,3318,48.73%,445,1037,1482
"District Judge, 11th Judicial District",0488,580,440,1020,1713,59.54%,324,613,937
"District Judge, 11th Judicial District",0489,783,378,1161,1823,63.69%,313,776,1089
"District Judge, 11th Judicial District",0490,876,439,1315,1944,67.64%,453,778,1231
"District Judge, 11th Judicial District",0491,667,489,1156,1782,64.87%,615,460,1075
"District Judge, 11th Judicial District",0492,1069,504,1573,2351,66.91%,773,683,1456
"District Judge, 11th Judicial District",0493,858,400,1258,1804,69.73%,781,385,1166
"District Judge, 11th Judicial District",0494,760,431,1191,2176,54.73%,138,1011,1149
"District Judge, 11th Judicial District",0495,1120,494,1614,2284,70.67%,1091,424,1515
"District Judge, 11th Judicial District",0496,496,571,1067,2086,51.15%,376,620,996
"District Judge, 11th Judicial District",0497,1123,303,1426,2226,64.06%,49,1329,1378
"District Judge, 11th Judicial District",0498,759,499,1258,2123,59.26%,508,691,1199
"District Judge, 11th Judicial District",0499,1301,517,1818,2304,78.91%,1262,440,1702
"District Judge, 11th Judicial District",0500,1507,746,2253,3175,70.96%,1480,655,2135
"District Judge, 11th Judicial District",0501,653,487,1140,1647,69.22%,411,628,1039
"District Judge, 11th Judicial District",0502,1150,332,1482,2364,62.69%,1089,304,1393
"District Judge, 11th Judicial District",0503,359,273,632,1363,46.37%,181,399,580
"District Judge, 11th Judicial District",0504,1129,538,1667,2197,75.88%,1029,529,1558
"District Judge, 11th Judicial District",0505,1209,829,2038,3654,55.77%,858,1042,1900
"District Judge, 11th Judicial District",0506,1470,801,2271,3380,67.19%,352,1830,2182
"District Judge, 11th Judicial District",0507,582,385,967,2435,39.71%,142,690,832
"District Judge, 11th Judicial District",0508,946,760,1706,3248,52.52%,516,1045,1561
"District Judge, 11th Judicial District",0509,1340,864,2204,3536,62.33%,1500,594,2094
"District Judge, 11th Judicial District",0510,1492,682,2174,3511,61.92%,940,1108,2048
"District Judge, 11th Judicial District",0511,0,8,8,0,0.00%,1,5,8
"District Judge, 11th Judicial District",0512,1558,1127,2885,4582,58.80%,1170,1391,2581
"District Judge, 11th Judicial District",0513,1805,507,2112,2752,78.74%,1537,458,1995
"District Judge, 11th Judicial District",0514,1988,880,2828,3941,71.71%,2018,883,2899
"District Judge, 11th Judicial District",0515,1892,708,2400,3173,75.84%,1888,411,2277
"District Judge, 11th Judicial District",0518,2179,1088,3245,4934,85.77%,1519,1539,3058
"District Judge, 11th Judicial District",0517,1208,853,1881,3320,58.05%,944,813,1757
"District Judge, 11th Judicial District",0518,1478,919,2397,3755,83.83%,1447,812,2259
"District Judge, 11th Judicial District",0519,1234,845,1879,2951,83.87%,1308,482,1790
"District Judge, 11th Judicial District",0520,1542,857,2399,4084,59.03%,388,1945,2311
"District Judge, 11th Judicial District",0521,1011,894,1705,2725,82.57%,828,793,1819
"District Judge, 11th Judicial District",0522,1171,858,1829,2882,88.20%,1317,415,1732
"District Judge, 11th Judicial District",0523,1338,889,2027,3080,88.24%,1290,594,1884
"District Judge, 11th Judicial District",0524,1237,875,1912,3292,58.08%,548,1278,1824
"District Judge, 11th Judicial District",0525,1380,810,1990,2947,87.53%,388,1522,1890
"District Judge, 11th Judicial District",0528,187,171,338,731,48.24%,82,238,320
"District Judge, 11th Judicial District",0527,80,24,104,589,18.28%,44,54,98
"District Judge, 11th Judicial District",0528,38,12,48,92,52.17%,3,44,47
"District Judge, 11th Judicial District",0529,1987,441,2428,3818,87.15%,1973,344,2317
"District Judge, 11th Judicial District",0530,259,235,494,1198,41.30%,102,357,459
"District Judge, 11th Judicial District",0531,872,113,785,1094,71.78%,588,148,734
"District Judge, 11th Judicial District",0532,452,184,838,1039,81.21%,417,189,808
"District Judge, 11th Judicial District",0533,317,207,524,1089,49.02%,252,243,495
"District Judge, 11th Judicial District",0534,1858,875,2333,3795,81.48%,1818,595,2213
"District Judge, 11th Judicial District",0535,80,94,174,421,41.33%,58,105,183
"District Judge, 11th Judicial District",0538,1332,1195,2527,4578,55.22%,888,1509,2395
"District Judge, 11th Judicial District",0537,1454,823,2277,2971,78.84%,1805,545,2150
"District Judge, 11th Judicial District",0538,433,237,870,1282,52.28%,19,828,845
"District Judge, 11th Judicial District",0539,28,209,235,71,330.99%,42,171,213
"District Judge, 11th Judicial District",0540,888,380,1048,1491,70.15%,415,527,942
"District Judge, 11th Judicial District",0541,1824,779,2803,4183,82.23%,338,2148,2488
"District Judge, 11th Judicial District",0542,997,501,1498,2525,59.33%,75,1374,1449
"District Judge, 11th Judicial District",0543,287,378,885,1528,43.52%,195,431,828
"District Judge, 11th Judicial District",0544,92,53,145,318,45.80%,15,124,139
"District Judge, 11th Judicial District",0545,1314,857,2171,3339,65.02%,1001,1059,2060
"District Judge, 11th Judicial District",0546,4,4,8,30,26.67%,2,6,8
"District Judge, 11th Judicial District",0547,877,647,1524,2408,63.29%,1016,430,1446
"District Judge, 11th Judicial District",0548,720,476,1196,2129,56.18%,516,628,1144
"District Judge, 11th Judicial District",0549,944,586,1530,2530,60.47%,202,1269,1471
"District Judge, 11th Judicial District",0550,1134,629,1763,2847,61.92%,845,855,1700
"District Judge, 11th Judicial District",0551,3088,1527,4615,6135,75.22%,3232,1150,4382
"District Judge, 11th Judicial District",0552,1621,844,2465,3241,76.06%,1975,381,2356
"District Judge, 11th Judicial District",0553,1465,951,2416,4355,55.48%,1000,1306,2306
"District Judge, 11th Judicial District",0554,562,340,902,1731,52.11%,131,710,841
"District Judge, 11th Judicial District",0555,597,447,1044,2119,49.27%,171,823,994
"District Judge, 11th Judicial District",0556,584,421,1005,2249,44.69%,205,747,952
"District Judge, 11th Judicial District",0557,822,556,1378,2726,50.55%,427,842,1269
"District Judge, 11th Judicial District",0558,1588,824,2412,4084,59.06%,731,1563,2294
"District Judge, 11th Judicial District",0559,1787,899,2686,4633,57.98%,611,1930,2541
"District Judge, 11th Judicial District",0560,172,289,461,1176,39.20%,84,341,425
"District Judge, 11th Judicial District",0561,837,759,1596,3033,52.62%,843,673,1516
"District Judge, 11th Judicial District",0562,201,146,347,645,53.80%,21,310,331
"District Judge, 11th Judicial District",0563,1699,415,2114,2969,71.20%,1564,424,1988
"District Judge, 11th Judicial District",0564,1150,713,1863,3096,60.17%,476,1246,1722
"District Judge, 11th Judicial District",0565,315,194,509,1373,37.07%,87,390,477
"District Judge, 11th Judicial District",0566,1122,478,1600,2950,54.24%,408,1122,1530
"District Judge, 11th Judicial District",0567,672,394,1066,2198,48.50%,259,711,970
"District Judge, 11th Judicial District",0568,1628,837,2465,3487,70.69%,1523,762,2285
"District Judge, 11th Judicial District",0569,1294,865,2159,3249,66.45%,1103,889,1992
"District Judge, 11th Judicial District",0570,525,409,934,1473,63.41%,396,453,849
"District Judge, 11th Judicial District",0571,333,312,645,1758,36.69%,193,407,600
"District Judge, 11th Judicial District",0572,1283,574,1857,2998,61.94%,816,938,1754
"District Judge, 11th Judicial District",0573,577,368,945,1618,58.41%,10,914,924
"District Judge, 11th Judicial District",0574,98,79,177,391,45.27%,16,149,165
"District Judge, 11th Judicial District",0575,27,9,36,79,45.57%,31,4,35
"District Judge, 11th Judicial District",0576,1050,552,1602,2671,59.98%,44,1507,1551
"District Judge, 11th Judicial District",0577,231,113,344,573,60.03%,184,139,323
"District Judge, 11th Judicial District",0578,745,553,1298,1689,76.85%,758,420,1178
"District Judge, 11th Judicial District",0579,487,351,838,1806,46.40%,180,603,783
"District Judge, 11th Judicial District",0580,429,146,575,1027,55.99%,13,548,561
"District Judge, 11th Judicial District",0581,510,162,672,1041,64.55%,19,629,648
"District Judge, 11th Judicial District",0582,614,256,870,1613,53.94%,47,792,839
"District Judge, 11th Judicial District",0583,544,127,671,1248,53.77%,12,643,655
"District Judge, 11th Judicial District",0584,392,139,531,971,54.69%,31,494,525
"District Judge, 11th Judicial District",0585,934,304,1238,2403,51.52%,28,1173,1201
"District Judge, 11th Judicial District",0585,1306,1189,2495,4230,58.98%,1459,930,2389
"District Judge, 11th Judicial District",0587,933,465,1398,2174,64.31%,474,873,1347
"District Judge, 11th Judicial District",0588,1536,871,2407,3468,69.41%,1649,651,2300
"District Judge, 11th Judicial District",0589,1033,738,1771,3130,56.58%,899,794,1693
"District Judge, 11th Judicial District",0590,1158,463,1621,2136,75.89%,1171,364,1535
"District Judge, 11th Judicial District",0591,420,449,869,2114,41.11%,222,592,814
"District Judge, 11th Judicial District",0592,370,288,658,1258,52.31%,146,480,626
"District Judge, 11th Judicial District",0593,1148,999,2147,4059,52.89%,929,1104,2033
"District Judge, 11th Judicial District",0594,1031,535,1566,2361,66.33%,437,1069,1506
"District Judge, 11th Judicial District",0595,497,380,877,1647,53.25%,130,718,848
"District Judge, 11th Judicial District",0596,945,690,1635,2848,57.41%,821,746,1567
"District Judge, 11th Judicial District",0597,1067,719,1786,3267,54.67%,586,1130,1716
"District Judge, 11th Judicial District",0598,335,103,438,724,60.50%,322,86,408
"District Judge, 11th Judicial District",0599,1895,866,2761,4135,66.77%,899,1753,2652
"District Judge, 11th Judicial District",0600,1383,869,2252,3820,58.95%,755,1386,2141
"District Judge, 11th Judicial District",0601,2028,858,2886,3990,72.33%,2107,659,2766
"District Judge, 11th Judicial District",0602,562,296,858,1237,69.36%,577,249,826
"District Judge, 11th Judicial District",0603,1437,1163,2600,3917,66.38%,1521,977,2498
"District Judge, 11th Judicial District",0604,1444,528,1972,2910,67.77%,1575,304,1879
"District Judge, 11th Judicial District",0605,2227,889,3116,5251,59.34%,702,2286,2988
"District Judge, 11th Judicial District",0606,420,122,542,1053,51.47%,4,518,522
"District Judge, 11th Judicial District",0607,194,118,312,731,42.68%,19,279,298
"District Judge, 11th Judicial District",0608,245,290,535,1256,42.60%,193,301,494
"District Judge, 11th Judicial District",0609,1364,844,2208,3261,67.71%,1314,758,2072
"District Judge, 11th Judicial District",0610,403,398,801,1825,43.89%,324,430,754
"District Judge, 11th Judicial District",0611,1120,301,1421,2450,58.00%,39,1347,1386
"District Judge, 11th Judicial District",0612,1700,579,2279,3272,69.65%,1655,483,2138
"District Judge, 11th Judicial District",0613,495,309,804,1450,55.45%,121,654,775
"District Judge, 11th Judicial District",0614,1631,812,2443,3932,62.13%,775,1558,2333
"District Judge, 11th Judicial District",0615,931,404,1335,1926,69.31%,761,508,1269
"District Judge, 11th Judicial District",0616,1352,970,2322,3378,68.74%,1541,655,2196
"District Judge, 11th Judicial District",0617,1318,849,2167,3546,61.11%,731,1343,2074
"District Judge, 11th Judicial District",0618,1920,1021,2941,5344,55.03%,1243,1570,2813
"District Judge, 11th Judicial District",0619,2133,857,2990,4266,70.09%,2144,708,2852
"District Judge, 11th Judicial District",0620,2382,856,3238,5271,61.43%,1490,1544,3034
"District Judge, 11th Judicial District",0621,397,203,600,1173,51.15%,280,288,568
"District Judge, 11th Judicial District",0622,1722,829,2551,4305,59.26%,1446,978,2424
"District Judge, 11th Judicial District",0623,1708,626,2334,3481,67.05%,1439,754,2193
"District Judge, 11th Judicial District",0624,9,0,9,16,56.25%,4,5,9
"District Judge, 11th Judicial District",0625,862,454,1316,1796,73.27%,703,509,1212
"District Judge, 11th Judicial District",0626,1148,655,1803,2838,63.53%,856,845,1701
"District Judge, 11th Judicial District",0627,795,547,1442,2964,48.65%,393,957,1350
"District Judge, 11th Judicial District",0628,292,456,748,1600,46.75%,295,408,703
"District Judge, 11th Judicial District",0629,175,127,302,629,48.01%,18,278,296
"District Judge, 11th Judicial District",0630,2018,535,2553,3190,80.03%,211,2251,2462
"District Judge, 11th Judicial District",0631,1489,392,1881,2733,68.83%,1294,491,1785
"District Judge, 11th Judicial District",0632,12,9,21,231,9.09%,3,15,18
"District Judge, 11th Judicial District",0633,1782,678,2460,3257,75.53%,1725,616,2341
"District Judge, 11th Judicial District",0634,1020,734,1754,2922,60.03%,1057,615,1672
"District Judge, 11th Judicial District",0635,1326,706,2032,3280,61.95%,1515,431,1946
"District Judge, 11th Judicial District",0636,1791,974,2765,3881,71.24%,2311,339,2650
"District Judge, 11th Judicial District",0637,739,509,1248,2471,50.51%,284,863,1147
"District Judge, 11th Judicial District",0638,740,684,1424,2078,68.53%,92,1270,1362
"District Judge, 11th Judicial District",0639,828,711,1539,2501,61.54%,1167,308,1475
"District Judge, 11th Judicial District",0640,1382,723,2105,3548,59.33%,1161,839,2000
"District Judge, 11th Judicial District",0641,1265,878,2143,3375,63.50%,1274,770,2044
"District Judge, 11th Judicial District",0642,871,447,1318,1779,74.09%,1049,208,1257
"District Judge, 11th Judicial District",0643,2157,994,3151,5310,59.34%,1173,1824,2997
"District Judge, 11th Judicial District",0644,2123,1204,3327,5261,63.24%,2042,1111,3153
"District Judge, 11th Judicial District",0645,1639,895,2534,4035,62.80%,1130,1264,2394
"District Judge, 11th Judicial District",0646,708,456,1164,2163,53.81%,330,772,1102
"District Judge, 11th Judicial District",0647,1770,1020,2790,5593,49.88%,668,1898,2566
"District Judge, 11th Judicial District",0648,1590,668,2258,3197,70.63%,1534,620,2154
"District Judge, 11th Judicial District",0649,1389,854,2243,4426,50.68%,594,1521,2115
"District Judge, 11th Judicial District",0650,1328,939,2267,3151,71.95%,1604,548,2152
"District Judge, 11th Judicial District",0651,2085,1070,3155,4931,63.98%,1911,1086,2997
"District Judge, 11th Judicial District",0652,1049,653,1702,2633,64.64%,254,1390,1644
"District Judge, 11th Judicial District",0653,0,8,8,0,0.00%,2,6,8
"District Judge, 11th Judicial District",0654,2103,1344,3447,5765,59.79%,1682,1555,3237
"District Judge, 11th Judicial District",0655,2612,1451,4063,6304,64.45%,2441,1396,3837
"District Judge, 11th Judicial District",0656,1198,421,1619,2622,61.75%,47,1525,1572
"District Judge, 11th Judicial District",0657,490,268,758,1200,63.17%,283,427,710
"District Judge, 11th Judicial District",0658,985,708,1693,2824,59.95%,1006,618,1624
"District Judge, 11th Judicial District",0659,2141,1091,3232,4588,70.44%,2228,858,3086
"District Judge, 11th Judicial District",0660,2460,932,3392,5048,67.19%,309,2966,3275
"District Judge, 11th Judicial District",0661,1614,1012,2626,4179,62.84%,1348,1133,2481
"District Judge, 11th Judicial District",0662,2477,999,3476,4807,72.31%,2713,616,3329
"District Judge, 11th Judicial District",0663,1302,913,2215,3232,68.53%,1158,888,2046
"District Judge, 11th Judicial District",0664,681,607,1288,2801,45.98%,270,951,1221
"District Judge, 11th Judicial District",0665,951,394,1345,2007,67.02%,1054,217,1271
"District Judge, 11th Judicial District",0666,0,1,1,0,0.00%,0,1,1
"District Judge, 11th Judicial District",0657,989,547,1536,2181,70.43%,1121,328,1449
"District Judge, 11th Judicial District",0668,927,655,1582,2458,64.36%,952,551,1503
"District Judge, 11th Judicial District",0669,1606,823,2429,3243,74.90%,1642,652,2294
"District Judge, 11th Judicial District",0670,1566,518,2084,2952,70.60%,1565,388,1953
"District Judge, 11th Judicial District",0671,1090,773,1863,2942,63.32%,1047,694,1741
"District Judge, 11th Judicial District",0672,2301,1078,3379,4710,71.74%,2173,1072,3245
"District Judge, 11th Judicial District",0673,1376,643,2019,2988,67.57%,1504,396,1900
"District Judge, 11th Judicial District",0674,2092,813,2905,4055,71.64%,2114,677,2791
"District Judge, 11th Judicial District",0675,0,0,0,0,0.00%,0,0,0
"District Judge, 11th Judicial District",0676,0,0,0,0,0.00%,0,0,0
"District Judge, 11th Judicial District",0677,220,239,459,954,48.11%,119,313,432
"District Judge, 11th Judicial District",0678,297,164,461,756,60.98%,287,139,426
"District Judge, 11th Judicial District",0679,1466,661,2127,3331,63.85%,1525,475,2000
"District Judge, 11th Judicial District",0680,56,22,78,181,43.09%,32,39,71
"District Judge, 11th Judicial District",0681,1,0,1,5,20.00%,0,1,1
"District Judge, 11th Judicial District",0682,1673,912,2585,4134,62.53%,1790,665,2455
"District Judge, 11th Judicial District",0683,48,50,98,261,37.55%,23,68,91
"District Judge, 11th Judicial District",0684,72,24,96,187,51.34%,57,32,89
"District Judge, 11th Judicial District",0685,167,29,196,326,60.12%,85,97,182
"District Judge, 11th Judicial District",0686,46,34,80,196,40.82%,17,58,75
"District Judge, 11th Judicial District",0687,1084,641,1725,2497,69.08%,1116,491,1607
"District Judge, 11th Judicial District",0688,1815,673,2488,3266,76.18%,1930,431,2361
"District Judge, 11th Judicial District",0689,505,651,1156,2276,50.79%,513,546,1059
"District Judge, 11th Judicial District",0690,1965,1116,3081,4184,73.64%,2355,587,2942
"District Judge, 11th Judicial District",0691,10,2,12,34,35.29%,5,7,12
"District Judge, 11th Judicial District",0692,999,717,1716,2626,65.35%,1213,417,1630
"District Judge, 11th Judicial District",0693,303,116,419,651,64.36%,99,283,382
"District Judge, 11th Judicial District",0694,420,137,557,817,68.18%,349,179,528
"District Judge, 11th Judicial District",0695,454,320,774,1646,47.02%,467,267,734
"District Judge, 11th Judicial District",0696,600,373,973,2098,46.38%,566,361,927
"District Judge, 11th Judicial District",0697,1516,941,2457,4307,57.05%,536,1824,2360
"District Judge, 11th Judicial District",0698,1137,659,1796,2948,60.92%,165,1562,1727
"District Judge, 11th Judicial District",0699,1031,566,1597,2288,69.80%,984,471,1455
"District Judge, 11th Judicial District",0700,531,287,818,1313,62.30%,631,142,773
"District Judge, 11th Judicial District",0701,142,115,257,554,46.39%,124,119,243
"District Judge, 11th Judicial District",0702,150,123,273,549,49.73%,28,231,259
"District Judge, 11th Judicial District",0703,742,616,1358,1845,73.60%,930,326,1256
"District Judge, 11th Judicial District",0704,1334,701,2035,2882,70.61%,1591,337,1928
"District Judge, 11th Judicial District",0705,358,238,596,1520,39.21%,56,518,574
"District Judge, 11th Judicial District",0706,222,135,357,529,67.49%,167,181,348
"District Judge, 11th Judicial District",0707,284,1,36,420,707,59.41%,234,1,60,394
"District Judge, 11th Judicial District",0708,109,95,204,568,35.92%,97,96,193
"District Judge, 11th Judicial District",0709,2996,1297,4293,6239,68.81%,2487,1623,4110
"District Judge, 11th Judicial District",0710,877,602,1479,2023,73.11%,807,553,1360
"District Judge, 11th Judicial District",0711,1492,701,2193,3351,65.44%,1244,806,2050
"District Judge, 11th Judicial District",0712,1200,858,2058,3348,61.47%,810,1182,1992
"District Judge, 11th Judicial District",0713,665,436,1101,1827,60.26%,558,489,1047
"District Judge, 11th Judicial District",0714,77,3,80,304,26.32%,51,23,74
"District Judge, 11th Judicial District",0715,405,326,731,1380,52.97%,350,340,690
"District Judge, 11th Judicial District",0716,977,522,1599,2670,59.89%,1085,443,1528
"District Judge, 11th Judicial District",0717,826,362,1188,1927,61.65%,147,989,1136
"District Judge, 11th Judicial District",0718,1844,1019,2863,4050,70.69%,1822,824,2646
"District Judge, 11th Judicial District",0719,508,260,768,1617,47.50%,406,311,717
"District Judge, 11th Judicial District",0720,1575,1044,2619,3903,67.10%,1832,680,2512
"District Judge, 11th Judicial District",0721,1334,637,1971,2842,69.35%,1264,571,1835
"District Judge, 11th Judicial District",0722,1892,542,2534,4357,58.16%,142,2287,2429
"District Judge, 11th Judicial District",0723,747,329,1076,1760,61.14%,219,806,1025
"District Judge, 11th Judicial District",0724,325,170,495,716,69.13%,325,144,469
"District Judge, 11th Judicial District",0725,953,329,1282,2124,60.36%,501,707,1208
"District Judge, 11th Judicial District",0726,1141,304,1445,1987,72.72%,1228,155,1383
"District Judge, 11th Judicial District",0727,931,466,1397,2488,56.15%,333,1006,1339
"District Judge, 11th Judicial District",0728,343,208,551,881,62.54%,292,219,511
"District Judge, 11th Judicial District",0729,208,93,301,446,67.49%,171,114,285
"District Judge, 11th Judicial District",0730,800,437,1237,1630,75.89%,786,360,1146
"District Judge, 11th Judicial District",0731,121,36,157,373,42.09%,27,117,144
"District Judge, 11th Judicial District",0732,701,543,1244,1895,65.65%,719,441,1160
"District Judge, 11th Judicial District",0733,25,62,87,172,50.58%,27,52,79
"District Judge, 11th Judicial District",0734,3209,1114,4323,5952,72.63%,2837,1329,4166
"District Judge, 11th Judicial District",0735,9,0,9,23,39.13%,9,0,9
"District Judge, 11th Judicial District",0736,6,1,7,21,33.33%,0,6,6
"District Judge, 11th Judicial District",0737,25,5,30,53,56.60%,24,6,30
"District Judge, 11th Judicial District",0738,470,219,689,1294,53.25%,76,595,671
"District Judge, 11th Judicial District",0739,1005,490,1495,2872,52.05%,641,797,1438
"District Judge, 11th Judicial District",0740,233,205,438,935,46.84%,225,195,420
"District Judge, 11th Judicial District",0741,0,0,0,0,0.00%,0,0,0
"District Judge, 11th Judicial District",0742,0,0,0,0,0.00%,0,0,0
"District Judge, 11th Judicial District",0743,27,4,31,199,15.58%,14,15,29
"District Judge, 11th Judicial District",0744,848,509,1357,2024,67.05%,847,428,1275
"District Judge, 11th Judicial District",0745,1066,542,1608,2396,67.11%,988,521,1509
"District Judge, 11th Judicial District",0746,230,151,381,707,53.89%,174,173,347
"District Judge, 11th Judicial District",0747,1200,873,2073,3490,59.40%,939,1045,1984
"District Judge, 11th Judicial District",0748,420,307,727,1319,55.12%,312,373,685
"District Judge, 11th Judicial District",0749,99,57,156,359,43.45%,28,115,143
"District Judge, 11th Judicial District",0750,264,147,411,720,57.08%,226,163,389
"District Judge, 11th Judicial District",0751,1664,1254,2918,4451,65.56%,1892,885,2777
"District Judge, 11th Judicial District",0752,571,277,848,1511,56.12%,574,224,798
"District Judge, 11th Judicial District",0753,106,61,167,260,64.23%,108,55,163
"District Judge, 11th Judicial District",0754,0,0,0,0,0.00%,0,0,0
"District Judge, 11th Judicial District",0755,1048,896,1944,3569,54.47%,700,1138,1838
"District Judge, 11th Judicial District",0756,582,300,882,1539,57.31%,290,548,838
"District Judge, 11th Judicial District",0757,1416,690,2106,3498,60.21%,319,1714,2033
"District Judge, 11th Judicial District",0758,1996,783,2779,3781,73.50%,2153,454,2607
"District Judge, 11th Judicial District",0759,1109,590,1699,2625,64.72%,988,605,1593
"District Judge, 11th Judicial District",0760,2346,647,2993,4154,72.05%,2407,422,2829
"District Judge, 11th Judicial District",0761,917,219,1136,1464,77.60%,778,277,1055
"District Judge, 11th Judicial District",0762,0,0,0,0,0.00%,0,0,0
"District Judge, 11th Judicial District",0763,255,308,563,1184,47.55%,185,345,530
"District Judge, 11th Judicial District",0764,2270,1050,3320,4931,67.33%,2031,1138,3169
"District Judge, 11th Judicial District",0765,1390,815,2205,3967,55.58%,735,1366,2101
"District Judge, 11th Judicial District",0766,71,92,163,383,42.56%,36,110,146
"District Judge, 11th Judicial District",0767,20,15,35,90,38.89%,22,10,32
"District Judge, 11th Judicial District",0768,2854,1159,4013,5364,74.81%,3090,750,3840
"District Judge, 11th Judicial District",0769,117,5,122,161,75.78%,4,114,118
"District Judge, 11th Judicial District",0770,58,48,106,262,40.46%,43,58,101
"District Judge, 11th Judicial District",0771,701,537,1238,2378,52.06%,595,573,1168
"District Judge, 11th Judicial District",0772,2927,1002,3929,5617,69.95%,2854,896,3750
"District Judge, 11th Judicial District",0773,892,550,1442,2648,54.46%,338,1019,1357
"District Judge, 11th Judicial District",0774,116,74,190,301,63.12%,41,143,184
"District Judge, 11th Judicial District",0775,33,1,34,83,40.96%,0,33,33
"District Judge, 11th Judicial District",0776,1113,741,1854,2855,64.94%,1040,727,1767
"District Judge, 11th Judicial District",0777,83,123,206,642,32.09%,54,144,198
"District Judge, 11th Judicial District",0778,0,0,0,0,0.00%,0,0,0
"District Judge, 11th Judicial District",0779,295,221,516,1146,45.03%,153,324,477
"District Judge, 11th Judicial District",0780,136,114,250,579,43.18%,105,127,232
"District Judge, 11th Judicial District",0781,1152,655,1807,3716,48.63%,636,992,1628
"District Judge, 11th Judicial District",0782,851,532,1383,2188,63.21%,807,489,1296
"District Judge, 11th Judicial District",0783,103,43,146,265,55.09%,76,59,135
"District Judge, 11th Judicial District",0784,428,156,584,1071,54.53%,6,560,566
"District Judge, 11th Judicial District",0785,66,55,121,310,39.03%,61,58,119
"District Judge, 11th Judicial District",0786,193,277,470,1297,36.24%,135,311,446
"District Judge, 11th Judicial District",0787,154,76,230,487,47.23%,71,141,212
"District Judge, 11th Judicial District",0788,156,58,214,481,44.49%,67,136,203
"District Judge, 11th Judicial District",0789,3,1,4,4,100.00%,0,3,3
"District Judge, 11th Judicial District",0790,1,0,1,4,25.00%,0,1,1
"District Judge, 11th Judicial District",0791,0,0,0,0,0.00%,0,0,0
"District Judge, 11th Judicial District",0792,549,409,958,1834,52.24%,206,698,904
"District Judge, 11th Judicial District",0793,889,338,1227,2437,50.35%,668,503,1171
"District Judge, 11th Judicial District",0794,575,484,1059,2602,40.70%,71,951,1022
"District Judge, 11th Judicial District",0795,265,255,520,1207,43.08%,151,320,471
"District Judge, 11th Judicial District",0796,145,92,237,485,48.87%,113,110,223
"District Judge, 11th Judicial District",0797,0,0,0,0,0.00%,0,0,0
"District Judge, 11th Judicial District",0798,176,263,439,496,88.51%,124,272,396
"District Judge, 11th Judicial District",0799,65,12,77,146,52.74%,16,58,74
"District Judge, 11th Judicial District",0800,1188,795,1983,2817,70.39%,1291,587,1878
"District Judge, 11th Judicial District",0801,68,55,123,253,48.62%,39,75,114
"District Judge, 11th Judicial District",0802,98,58,156,299,52.17%,30,113,143
"District Judge, 11th Judicial District",0803,1305,530,1935,2718,71.19%,1391,450,1841
"District Judge, 11th Judicial District",0804,1806,960,2766,4348,63.62%,1614,1009,2623
"District Judge, 11th Judicial District",0805,1509,529,2038,2812,72.48%,1583,347,1930
"District Judge, 11th Judicial District",0806,0,0,0,0,0.00%,0,0,0
"District Judge, 11th Judicial District",0807,652,402,1054,2001,52.67%,157,851,1008
"District Judge, 11th Judicial District",0808,41,26,67,84,79.76%,28,30,58
"District Judge, 11th Judicial District",0809,216,27,86,31.40%,8,16,24
"District Judge, 11th Judicial District",0810,30,48,78,215,36.28%,17,53,70
"District Judge, 11th Judicial District",0811,39,106,145,271,53.51%,31,106,137
"District Judge, 11th Judicial District",0812,0,0,0,0,0.00%,0,0,0
"District Judge, 11th Judicial District",0813,1967,1258,3225,5423,59.47%,1511,1591,3102
"District Judge, 11th Judicial District",0814,1772,955,2727,4503,60.56%,589,2018,2607
"District Judge, 11th Judicial District",0815,0,0,0,0,0.00%,0,0,0
"District Judge, 11th Judicial District",0816,20,13,33,76,43.42%,6,26,32
"District Judge, 11th Judicial District",0817,0,0,0,0,0.00%,0,0,0
"District Judge, 11th Judicial District",0818,134,101,235,527,44.59%,44,185,229
"District Judge, 11th Judicial District",0819,97,45,142,238,59.66%,79,45,124
"District Judge, 11th Judicial District",0820,0,0,0,0,0.00%,0,0,0
"District Judge, 11th Judicial District",0821,354,203,557,1206,46.19%,46,487,533
"District Judge, 11th Judicial District",0822,584,282,866,1544,56.09%,22,821,843
"District Judge, 11th Judicial District",0823,1849,1015,2864,4710,60.81%,1446,1275,2721
"District Judge, 11th Judicial District",0824,984,471,1455,2729,53.32%,308,1091,1399
"District Judge, 11th Judicial District",0825,0,0,0,0,0.00%,0,0,0
"District Judge, 11th Judicial District",0826,153,89,242,342,70.76%,129,98,227
"District Judge, 11th Judicial District",0827,169,186,355,997,35.61%,120,217,337
"District Judge, 11th Judicial District",0828,1074,343,1417,1875,75.57%,1105,228,1333
"District Judge, 11th Judicial District",0829,107,56,163,266,61.28%,34,126,160
"District Judge, 11th Judicial District",0830,0,0,0,1,0.00%,0,0,0
"District Judge, 11th Judicial District",0831,0,0,0,0,0.00%,0,0,0
"District Judge, 11th Judicial District",0832,109,46,155,351,44.16%,42,104,146
"District Judge, 11th Judicial District",0833,8,1,9,20,45.00%,0,9,9
"District Judge, 11th Judicial District",0834,0,0,0,0,0.00%,0,0,0
"District Judge, 11th Judicial District",0835,87,53,140,292,47.95%,37,97,134
"District Judge, 11th Judicial District",0836,8,3,11,19,57.89%,1,8,9
"District Judge, 11th Judicial District",0837,0,0,0,0,0.00%,0,0,0
"District Judge, 11th Judicial District",0838,0,0,0,0,0.00%,0,0,0
"District Judge, 11th Judicial District",0839,353,240,593,1122,52.85%,108,448,556
"District Judge, 11th Judicial District",0840,712,251,963,1621,59.41%,303,621,924
"District Judge, 11th Judicial District",0841,0,2,2,0,0.00%,0,2,2
"District Judge, 11th Judicial District",0842,987,715,1702,3091,55.06%,721,900,1621
"District Judge, 11th Judicial District",0843,0,2,2,0,0.00%,0,2,2
"District Judge, 11th Judicial District",0844,2,4,6,1,3,46.1,5%,1,4,5
"District Judge, 11th Judicial District",0845,85,10,95,100,95.00%,53,35,88
"District Judge, 11th Judicial District",0846,70,29,99,210,47.14%,6,91,97
"District Judge, 11th Judicial District",0847,795,321,1116,1804,61.86%,286,780,1066
"District Judge, 11th Judicial District",0848,782,431,1213,1873,64.76%,367,789,1156
"District Judge, 11th Judicial District",0849,553,514,1067,2073,51.47%,332,664,996
"District Judge, 11th Judicial District",0850,87,38,125,205,60.98%,49,71,120
"District Judge, 11th Judicial District",0851,2192,816,3008,4317,69.68%,1898,962,2860
"District Judge, 11th Judicial District",0852,0,4,4,2,200.00%,0,4,4
"District Judge, 11th Judicial District",0853,1412,605,2017,2773,72.74%,1499,411,1910
"District Judge, 11th Judicial District",0854,41,30,71,175,40.57%,4,65,69
"District Judge, 11th Judicial District",0855,4,13,17,18,94.44%,9,8,17
"District Judge, 11th Judicial District",0856,0,4,4,0,0.00%,1,2,3
"District Judge, 11th Judicial District",0857,0,0,0,1,0.00%,0,0,0
"District Judge, 11th Judicial District",0858,132,18,150,372,40.32%,4,141,145
"District Judge, 11th Judicial District",0859,309,201,510,860,59.30%,99,398,497
"District Judge, 11th Judicial District",0860,0,1,1,0,0.00%,1,0,1
"District Judge, 11th Judicial District",0861,705,319,1024,1786,57.33%,176,819,995
"District Judge, 11th Judicial District",0862,0,0,0,0,0.00%,0,0,0
"District Judge, 11th Judicial District",0863,210,69,279,620,45.00%,9,262,271
"District Judge, 11th Judicial District",0864,497,609,1106,2464,44.89%,255,784,1039
"District Judge, 11th Judicial District",0865,9,2,11,23,47.83%,0,11,11
"District Judge, 11th Judicial District",0866,0,0,0,0,0.00%,0,0,0
"District Judge, 11th Judicial District",0867,0,0,0,0,0.00%,0,0,0
"District Judge, 11th Judicial District",0868,573,586,1159,2292,50.57%,334,764,1098
"District Judge, 11th Judicial District",0869,153,76,229,473,48.41%,30,188,218
"District Judge, 11th Judicial District",0870,0,0,0,0,0.00%,0,0,0
"District Judge, 11th Judicial District",0871,3,0,3,4,75.00%,0,3,3
"District Judge, 11th Judicial District",0872,13,5,18,66,27.27%,8,8,16
"District Judge, 11th Judicial District",0873,253,125,378,701,53.92%,88,284,372
"District Judge, 11th Judicial District",0874,1534,748,2282,3107,73.45%,1690,480,2170
"District Judge, 11th Judicial District",0875,1719,927,2646,4031,65.64%,1233,1300,2533
"District Judge, 11th Judicial District",0876,1629,639,2268,3013,75.27%,1611,560,2171
"District Judge, 11th Judicial District",0877,1030,642,1672,2480,67.42%,682,940,1622
"District Judge, 11th Judicial District",0878,853,350,1203,1641,73.31%,979,166,1145
"District Judge, 11th Judicial District",0879,890,527,1417,2334,60.71%,640,718,1358
"District Judge, 11th Judicial District",0880,1068,472,1540,2007,76.73%,1141,318,1459
"District Judge, 11th Judicial District",0881,1510,877,2387,3619,65.96%,748,1554,2302
"District Judge, 11th Judicial District",0882,940,457,1397,2328,60.01%,751,583,1334
"District Judge, 11th Judicial District",0883,1918,1042,2960,4651,63.64%,501,2370,2871
"District Judge, 11th Judicial District",0884,118,37,155,330,46.97%,21,128,149
"District Judge, 11th Judicial District",0885,1222,541,1763,2466,71.49%,1011,664,1675
"District Judge, 11th Judicial District",0886,301,154,455,713,63.81%,223,188,411
"District Judge, 11th Judicial District",0887,138,83,221,313,70.61%,122,73,195
"District Judge, 11th Judicial District",0888,0,0,0,0,0.00%,0,0,0
"District Judge, 11th Judicial District",0889,22,0,22,61,36.07%,12,9,21
"District Judge, 11th Judicial District",0890,319,118,437,994,43.96%,153,257,410
"District Judge, 11th Judicial District",0891,539,392,931,1413,65.89%,346,516,862
"District Judge, 11th Judicial District",0892,193,130,323,696,46.41%,89,211,300
"District Judge, 11th Judicial District",0893,1,0,1,5,20.00%,0,1,1
"District Judge, 11th Judicial District",0894,0,31,31,0,0.00%,8,20,28
"District Judge, 11th Judicial District",0895,335,325,660,784,84.1,8%,256,340,596
"District Judge, 11th Judicial District",0896,670,303,973,1437,67.71%,365,527,892
"District Judge, 11th Judicial District",0897,742,375,1117,1624,68.78%,601,465,1066
"District Judge, 11th Judicial District",0898,0,0,0,2,0.00%,0,0,0
"District Judge, 11th Judicial District",0899,4,0,4,8,50.00%,1,3,4
"District Judge, 11th Judicial District",0900,5,0,5,12,41.67%,1,3,4
"District Judge, 11th Judicial District",0901,0,0,0,0,0.00%,0,0,0
"District Judge, 11th Judicial District",0902,865,621,1486,2065,71.96%,821,547,1368
"District Judge, 11th Judicial District",0903,10,1,11,41,26.83%,6,4,10
"District Judge, 11th Judicial District",0904,0,1,1,1,100.00%,0,1,1
"District Judge, 11th Judicial District",0905,290,158,458,908,50.44%,162,257,419
"District Judge, 11th Judicial District",0906,12,6,18,26,69.23%,9,8,17
"District Judge, 11th Judicial District",0907,60,43,103,134,76.87%,21,80,101
"District Judge, 11th Judicial District",0908,0,0,0,0,0.00%,0,0,0
"District Judge, 11th Judicial District",0909,5,7,12,19,63.16%,5,6,11
"District Judge, 11th Judicial District",0910,55,34,89,226,39.38%,32,51,83
"District Judge, 11th Judicial District",0911,227,79,306,570,53.68%,192,92,284
"District Judge, 11th Judicial District",0912,675,221,896,1235,72.55%,533,301,834
"District Judge, 11th Judicial District",0913,0,0,0,0,0.00%,0,0,0
"District Judge, 11th Judicial District",0914,169,67,236,221,106.79%,178,44,222
"District Judge, 11th Judicial District",0915,0,0,0,0,0.00%,0,0,0
"District Judge, 11th Judicial District",0916,504,182,786,1045,75.22%,631,120,751
"District Judge, 11th Judicial District",0917,280,137,417,481,86.69%,281,103,384
"District Judge, 11th Judicial District",0918,489,135,624,883,70.67%,462,122,584
"District Judge, 11th Judicial District",0919,0,3,3,3,100.00%,1,2,3
"District Judge, 11th Judicial District",0920,6,0,6,13,46.15%,6,0,6
"District Judge, 11th Judicial District",0921,71,9,80,87,91.95%,61,18,79
"District Judge, 11th Judicial District",0922,0,2,2,0,0.00%,1,1,2
"District Judge, 11th Judicial District",0923,663,87,750,826,90.80%,559,162,721
"District Judge, 11th Judicial District",0924,0,0,0,0,0.00%,0,0,0
"District Judge, 11th Judicial District",0925,0,0,0,0,0.00%,0,0,0
"District Judge, 11th Judicial District",0926,351,1,20,481,621,77.46%,355,100,455
"District Judge, 11th Judicial District",0927,84,74,158,262,60.31%,79,70,149
"District Judge, 11th Judicial District",0928,4,2,6,9,66.67%,0,6,6
"District Judge, 11th Judicial District",0929,0,0,0,0,0.00%,0,0,0
"District Judge, 11th Judicial District",0930,200,77,277,567,48.85%,4,265,269
"District Judge, 11th Judicial District",0931,48,53,101,122,82.79%,46,39,85
"District Judge, 11th Judicial District",0932,0,5,5,0,0.00%,1,4,5
"District Judge, 11th Judicial District",0933,233,1,21,354,566,62.54%,90,248,338
"District Judge, 11th Judicial District",0934,12,1,13,41,31.71%,5,8,13
"District Judge, 11th Judicial District",0935,8,17,25,65,38.46%,11,13,24
"District Judge, 11th Judicial District",0936,12,10,22,70,31.43%,6,13,19
"District Judge, 11th Judicial District",0937,0,0,0,0,0.00%,0,0,0
"District Judge, 11th Judicial District",0938,73,14,87,256,33.98%,24,59,83
"District Judge, 11th Judicial District",0939,1,0,1,1,100.00%,0,1,1
"District Judge, 11th Judicial District",0940,1,0,1,13,7.69%,0,1,1
"District Judge, 11th Judicial District",0941,13,9,22,25,88.00%,20,2,22
"District Judge, 11th Judicial District",0942,68,24,92,159,57.86%,71,15,86
"District Judge, 11th Judicial District",0943,296,63,359,536,66.98%,239,90,329
"District Judge, 11th Judicial District",0944,30,6,36,39,92.31%,28,6,34
"District Judge, 11th Judicial District",0945,4,7,11,16,68.75%,0,9,9
"District Judge, 11th Judicial District",0946,3,3,6,14,42.86%,0,4,4
"District Judge, 11th Judicial District",0947,320,292,612,822,74.45%,300,247,547
"District Judge, 11th Judicial District",0948,0,0,0,0,0.00%,0,0,0
"District Judge, 11th Judicial District",0949,59,37,96,201,47.76%,44,47,91
"District Judge, 11th Judicial District",0950,0,0,0,0,0.00%,0,0,0
"District Judge, 11th Judicial District",0951,79,44,123,218,56.42%,23,95,118
"District Judge, 11th Judicial District",0952,24,16,40,70,57.14%,18,17,35
"District Judge, 11th Judicial District",0953,59,52,111,420,26.43%,8,102,110
"District Judge, 11th Judicial District",0954,0,0,0,0,0.00%,0,0,0
"District Judge, 11th Judicial District",0955,5,20,25,18,138.89%,14,10,24
"District Judge, 11th Judicial District",0956,5,2,7,12,58.33%,4,3,7
"District Judge, 11th Judicial District",0957,261,115,376,551,68.24%,55,308,363
"District Judge, 11th Judicial District",0958,289,266,555,989,56.12%,116,408,524
"District Judge, 11th Judicial District",0959,0,4,4,0,0.00%,0,4,4
"District Judge, 11th Judicial District",0960,362,143,505,586,86.18%,133,356,489
"District Judge, 11th Judicial District",0961,23,11,34,53,64.15%,8,26,34
"District Judge, 11th Judicial District",0962,24,13,37,73,50.68%,7,27,34
"District Judge, 11th Judicial District",0963,129,69,198,353,56.09%,101,83,184
"District Judge, 11th Judicial District",0964,945,447,1392,1571,88.61%,825,511,1336
"District Judge, 11th Judicial District",0965,93,27,120,355,33.80%,76,37,113
"District Judge, 11th Judicial District",0966,305,160,465,1073,43.34%,126,314,440
"District Judge, 11th Judicial District",0967,48,15,63,98,64.29%,26,36,62
"District Judge, 11th Judicial District",0968,243,83,326,517,63.06%,62,254,316
"District Judge, 11th Judicial District",0969,335,82,417,584,71.40%,1,402,403
"District Judge, 11th Judicial District",0970,212,76,288,704,40.91%,29,239,268
"District Judge, 11th Judicial District",0971,27,21,48,129,37.21%,1,47,48
"District Judge, 11th Judicial District",0972,10,7,17,29,58.62%,11,5,16
"District Judge, 11th Judicial District",0973,49,24,73,107,68.22%,39,30,69
"District Judge, 11th Judicial District",0974,100,71,171,299,57.19%,108,55,163
"District Judge, 11th Judicial District",0975,72,41,113,170,66.47%,51,53,104
"District Judge, 11th Judicial District",0976,159,131,290,684,42.40%,161,107,268
"District Judge, 11th Judicial District",0977,104,83,187,535,34.95%,67,109,176
"District Judge, 11th Judicial District",0978,201,102,303,506,59.88%,55,238,293
"District Judge, 11th Judicial District",0979,56,11,26,42.31%,9,2,11
"District Judge, 11th Judicial District",0980,595,356,951,1323,71.88%,672,221,893
"District Judge, 11th Judicial District",0981,0,0,0,0,0.00%,0,0,0
"District Judge, 11th Judicial District",0982,534,218,752,1021,73.65%,576,135,711
"District Judge, 11th Judicial District",0983,41,28,69,165,41.82%,38,27,65
"District Judge, 11th Judicial District",0984,43,49,92,198,46.46%,6,84,90
"District Judge, 11th Judicial District",0985,172,67,239,336,71.13%,110,115,225
"District Judge, 11th Judicial District",0986,129,86,215,404,53.22%,20,181,201
"District Judge, 11th Judicial District",0987,465,191,656,1138,57.64%,45,588,633
"District Judge, 11th Judicial District",0988,44,21,65,111,58.56%,53,9,62
"District Judge, 11th Judicial District",0989,18,8,26,36,72.22%,12,13,25
"District Judge, 11th Judicial District",0990,37,15,52,154,33.77%,14,30,44
"District Judge, 11th Judicial District",0991,0,0,0,1,0.00%,0,0,0
"District Judge, 11th Judicial District",0992,309,202,511,1015,50.34%,278,210,488
"District Judge, 11th Judicial District",0993,272,91,363,551,65.88%,283,57,340
"District Judge, 11th Judicial District",0994,6,5,11,8,137.50%,2,8,10
"District Judge, 11th Judicial District",0995,596,190,786,1269,61.94%,32,724,756
"District Judge, 11th Judicial District",0996,297,125,422,699,60.37%,228,164,392
"District Judge, 11th Judicial District",0997,429,328,757,1439,52.61%,120,614,734
"District Judge, 11th Judicial District",0998,15,9,24,35,68.57%,16,7,23
"District Judge, 11th Judicial District",0999,30,16,46,65,70.77%,36,7,43
"District Judge, 11th Judicial District",1000,105,0,105,458,22.93%,17,81,98
"District Judge, 11th Judicial District",1001,496,294,790,1566,50.45%,149,596,745
"District Judge, 11th Judicial District",1002,464,314,778,1738,44.76%,86,659,745
"District Judge, 11th Judicial District",1003,0,0,0,1,0.00%,0,0,0
"District Judge, 11th Judicial District",1004,224,153,377,656,57.47%,187,143,330
"District Judge, 11th Judicial District",1005,0,0,0,0,0.00%,0,0,0
"District Judge, 11th Judicial District",1006,3,0,3,5,60.00%,3,0,3
"District Judge, 11th Judicial District",1007,555,295,850,1371,62.00%,199,623,822
"District Judge, 11th Judicial District",1008,86,21,107,150,71.33%,81,20,101
"District Judge, 11th Judicial District",1009,3,1,4,8,50.00%,4,0,4
"District Judge, 11th Judicial District",1010,124,74,198,317,62.46%,28,162,190
"District Judge, 11th Judicial District",1011,12,3,15,29,51.72%,3,9,12
"District Judge, 11th Judicial District",1012,395,318,713,1235,57.73%,188,498,686
"District Judge, 11th Judicial District",1013,8,14,22,60,36.67%,15,7,22
"District Judge, 11th Judicial District",1014,9,7,16,36,44.44%,3,13,16
"District Judge, 11th Judicial District",1015,11,7,18,29,62.07%,4,13,17
"District Judge, 11th Judicial District",1016,591,364,955,1626,58.73%,409,502,911
"District Judge, 11th Judicial District",1017,127,50,177,232,76.29%,44,124,168
"District Judge, 11th Judicial District",1018,209,92,301,468,64.32%,138,152,290
"District Judge, 11th Judicial District",1019,426,4,430,1518,28.33%,14,400,414
"District Judge, 11th Judicial District",1020,0,0,0,1,0.00%,0,0,0
"District Judge, 11th Judicial District",1021,1,0,1,2,50.00%,0,1,1
"District Judge, 11th Judicial District",1022,190,30,220,426,51.64%,169,41,210
"District Judge, 11th Judicial District",1023,894,401,1295,1964,65.94%,821,403,1224
"District Judge, 11th Judicial District",1024,113,77,190,259,73.36%,93,78,171
"District Judge, 11th Judicial District",1025,4,0,4,18,22.22%,1,3,4
"District Judge, 11th Judicial District",1026,0,0,0,0,0.00%,0,0,0
"District Judge, 11th Judicial District",1027,0,1,1,1,100.00%,0,0,0
"District Judge, 11th Judicial District",1028,0,1,1,0,0.00%,1,0,1
"District Judge, 11th Judicial District",1029,1021,641,1662,1802,92.23%,1262,303,1565
"District Judge, 11th Judicial District",1030,397,105,502,655,76.64%,428,56,484
"District Judge, 11th Judicial District",1031,3,3,6,6,100.00%,5,1,6
"District Judge, 11th Judicial District",1032,59,80,139,241,57.68%,98,33,131
"District Judge, 11th Judicial District",1033,0,0,0,0,0.00%,0,0,0
"District Judge, 11th Judicial District",1034,0,0,0,1,0.00%,0,0,0
"District Judge, 11th Judicial District",1035,24,13,37,139,26.62%,3,33,36
"District Judge, 11th Judicial District",1036,144,46,190,433,43.88%,144,36,180
"District Judge, 11th Judicial District",1037,27,16,43,73,58.90%,22,14,36
"District Judge, 11th Judicial District",1038,133,43,176,266,66.17%,11,162,173
"District Judge, 11th Judicial District",1039,3,5,8,20,40.00%,2,6,8
"District Judge, 11th Judicial District",1040,192,146,338,607,55.68%,173,144,317
"District Judge, 11th Judicial District",1041,0,0,0,0,0.00%,0,0,0
"District Judge, 11th Judicial District",1042,227,50,277,498,55.62%,79,193,272
"District Judge, 11th Judicial District",1043,12,2,14,31,45.16%,3,11,14
"District Judge, 11th Judicial District",1044,29,5,34,59,57.63%,8,25,33
"District Judge, 11th Judicial District",1045,611,321,932,1439,64.77%,121,782,903
"District Judge, 11th Judicial District",1046,19,18,37,54,68.52%,5,31,36
"District Judge, 11th Judicial District",1047,553,288,851,1242,68.52%,254,563,817
"District Judge, 11th Judicial District",1048,3,1,4,18,22.22%,2,2,4
"District Judge, 11th Judicial District",1049,57,71,128,266,48.12%,39,84,123
"District Judge, 11th Judicial District",1050,148,153,301,506,59.49%,61,226,287
"District Judge, 11th Judicial District",1,051,0,1,2,1,2,0,0.00%,8,4,1,2
"District Judge, 11th Judicial District",1052,0,2,2,0,0.00%,1,0,1
"District Judge, 11th Judicial District",1053,0,0,0,0,0.00%,0,0,0
"District Judge, 11th Judicial District",1054,0,0,0,1,0.00%,0,0,0
"District Judge, 11th Judicial District",1055,0,0,0,0,0.00%,0,0,0
"District Judge, 11th Judicial District",1056,4,0,4,6,66.67%,0,4,4
"District Judge, 11th Judicial District",1057,34,7,41,115,35.65%,2,35,37
"District Judge, 11th Judicial District",1058,540,246,786,1190,66.05%,115,641,756
"District Judge, 11th Judicial District",1059,7,3,10,23,43.48%,1,9,10
"District Judge, 11th Judicial District",1060,13,4,17,49,34.69%,9,8,17
"District Judge, 11th Judicial District",1061,665,300,965,1613,59.83%,506,419,925
"District Judge, 11th Judicial District",1062,59,25,85,168,50.60%,20,60,80
"District Judge, 11th Judicial District",1063,226,63,289,792,36.49%,28,251,279
"District Judge, 11th Judicial District",1064,45,1,46,120,38.33%,34,10,44
"District Judge, 11th Judicial District",Totals:,774640,427100,1201740,1942566,,554765,579997,1134762
