Office,Precinct,Early Ballots Cast,Election Ballots Cast,Total Ballots Cast,Registered Voters,Percent Turnout,REP Richard Risinger,DEM Larry Weiman,Totals
"District Judge, 80th Judicial District",0001,806,516,1322,2155,61.35%,431,795,1226
"District Judge, 80th Judicial District",0002,753,407,1160,1890,61.38%,535,543,1078
"District Judge, 80th Judicial District",0003,660,474,1134,1519,74.65%,425,605,1030
"District Judge, 80th Judicial District",0004,676,534,1210,1652,73.24%,425,690,1115
"District Judge, 80th Judicial District",0005,472,518,990,1376,71.95%,365,530,895
"District Judge, 80th Judicial District",0006,1251,929,2180,3616,60.29%,1185,893,2078
"District Judge, 80th Judicial District",0007,495,124,619,1058,58.51%,14,592,606
"District Judge, 80th Judicial District",0008,661,430,1091,1706,63.95%,514,501,1015
"District Judge, 80th Judicial District",0009,472,382,854,1736,49.19%,175,623,798
"District Judge, 80th Judicial District",0010,499,245,744,1722,43.21%,166,504,670
"District Judge, 80th Judicial District",0011,418,335,753,1830,41.15%,137,564,701
"District Judge, 80th Judicial District",0012,227,133,360,716,50.28%,185,159,344
"District Judge, 80th Judicial District",0013,1140,443,1583,2823,56.08%,1029,457,1486
"District Judge, 80th Judicial District",0014,758,606,1364,1848,73.81%,688,565,1253
"District Judge, 80th Judicial District",0015,1144,1016,2160,2806,76.98%,1180,784,1964
"District Judge, 80th Judicial District",0016,457,175,632,947,66.74%,287,288,575
"District Judge, 80th Judicial District",0017,346,326,672,1105,60.81%,256,363,619
"District Judge, 80th Judicial District",0018,550,483,1033,1396,74.00%,476,474,950
"District Judge, 80th Judicial District",0019,423,261,684,995,68.74%,241,391,632
"District Judge, 80th Judicial District",0020,678,470,1148,3074,37.35%,322,734,1056
"District Judge, 80th Judicial District",0021,419,230,649,1013,64.07%,142,470,612
"District Judge, 80th Judicial District",0022,888,554,1442,2524,57.13%,198,1175,1373
"District Judge, 80th Judicial District",0023,99,65,164,512,32.03%,31,124,155
"District Judge, 80th Judicial District",0024,225,121,346,611,56.63%,33,293,326
"District Judge, 80th Judicial District",0025,244,304,548,1062,51.60%,16,509,525
"District Judge, 80th Judicial District",0026,463,486,949,1843,51.49%,251,620,871
"District Judge, 80th Judicial District",0027,821,695,1516,3005,50.45%,360,1037,1397
"District Judge, 80th Judicial District",0028,1446,465,1911,2782,68.69%,1102,699,1801
"District Judge, 80th Judicial District",0029,418,577,995,2659,37.42%,320,618,938
"District Judge, 80th Judicial District",0030,798,588,1386,2034,68.14%,340,959,1299
"District Judge, 80th Judicial District",0031,911,526,1437,2518,57.07%,21,1377,1398
"District Judge, 80th Judicial District",0032,796,556,1352,2171,62.28%,627,596,1223
"District Judge, 80th Judicial District",0033,1479,843,2322,3540,65.59%,904,1210,2114
"District Judge, 80th Judicial District",0034,1012,749,1761,2676,65.81%,472,1175,1647
"District Judge, 80th Judicial District",0035,4,0,4,12,33.33%,1,3,4
"District Judge, 80th Judicial District",0036,993,479,1472,2868,51.32%,377,1006,1383
"District Judge, 80th Judicial District",0037,801,479,1280,1885,67.90%,408,771,1179
"District Judge, 80th Judicial District",0038,1241,673,1914,2703,70.81%,649,1090,1739
"District Judge, 80th Judicial District",0039,1063,723,1786,2726,65.52%,491,1166,1657
"District Judge, 80th Judicial District",0040,239,135,374,524,71.37%,171,169,340
"District Judge, 80th Judicial District",0041,560,284,844,1197,70.51%,361,453,814
"District Judge, 80th Judicial District",0042,505,139,644,1121,57.45%,12,605,617
"District Judge, 80th Judicial District",0043,520,372,892,1644,54.26%,411,416,827
"District Judge, 80th Judicial District",0044,492,314,806,1976,40.79%,167,577,744
"District Judge, 80th Judicial District",0045,2434,1138,3572,6031,59.23%,595,2829,3424
"District Judge, 80th Judicial District",0046,538,433,971,2468,39.34%,157,757,914
"District Judge, 80th Judicial District",0047,535,345,880,1624,54.19%,21,842,863
"District Judge, 80th Judicial District",0048,371,193,564,992,56.85%,48,491,539
"District Judge, 80th Judicial District",0049,1228,669,1897,3144,60.34%,1293,515,1808
"District Judge, 80th Judicial District",0050,1901,1110,3011,4762,63.23%,1516,1363,2879
"District Judge, 80th Judicial District",0051,657,349,1006,1568,64.16%,718,238,956
"District Judge, 80th Judicial District",0052,970,620,1590,2299,69.16%,781,668,1449
"District Judge, 80th Judicial District",0053,1102,884,1986,2808,70.73%,823,971,1794
"District Judge, 80th Judicial District",0054,606,402,1008,1408,71.59%,499,425,924
"District Judge, 80th Judicial District",0055,441,394,835,1305,63.98%,331,433,764
"District Judge, 80th Judicial District",0056,548,307,855,1285,66.54%,536,252,788
"District Judge, 80th Judicial District",0057,1273,956,2229,3062,72.80%,886,1149,2035
"District Judge, 80th Judicial District",0058,881,747,1628,2521,64.58%,663,839,1502
"District Judge, 80th Judicial District",0059,914,751,1665,2283,72.93%,639,871,1510
"District Judge, 80th Judicial District",0060,839,664,1503,2263,66.42%,403,971,1374
"District Judge, 80th Judicial District",0061,435,528,963,2250,42.80%,249,666,915
"District Judge, 80th Judicial District",0062,419,528,947,2190,43.24%,195,657,852
"District Judge, 80th Judicial District",0063,674,400,1074,1784,60.20%,836,170,1006
"District Judge, 80th Judicial District",0064,410,420,830,2090,39.71%,151,627,778
"District Judge, 80th Judicial District",0065,404,532,936,2178,42.98%,171,707,878
"District Judge, 80th Judicial District",0066,172,279,451,1090,41.38%,67,347,414
"District Judge, 80th Judicial District",0067,664,574,1238,2742,45.15%,260,871,1131
"District Judge, 80th Judicial District",0068,1198,486,1684,2782,60.53%,23,1601,1624
"District Judge, 80th Judicial District",0069,218,284,502,1303,38.53%,77,369,446
"District Judge, 80th Judicial District",0070,1633,726,2359,3142,75.08%,1345,831,2176
"District Judge, 80th Judicial District",0071,1419,948,2367,3662,64.64%,1183,1017,2200
"District Judge, 80th Judicial District",0072,441,562,1003,1882,53.29%,258,653,911
"District Judge, 80th Judicial District",0073,499,496,995,1494,66.60%,536,379,915
"District Judge, 80th Judicial District",0074,2212,530,2742,3632,75.50%,2043,519,2562
"District Judge, 80th Judicial District",0075,481,370,851,1329,64.03%,325,461,786
"District Judge, 80th Judicial District",0076,814,569,1383,2328,59.41%,730,553,1283
"District Judge, 80th Judicial District",0077,168,81,249,565,44.07%,52,181,233
"District Judge, 80th Judicial District",0078,359,344,703,1479,47.53%,197,429,626
"District Judge, 80th Judicial District",0079,511,717,1228,2959,41.50%,227,895,1122
"District Judge, 80th Judicial District",0080,1159,481,1640,2712,60.47%,335,1215,1550
"District Judge, 80th Judicial District",0081,540,309,849,1839,46.17%,267,518,785
"District Judge, 80th Judicial District",0082,1353,816,2169,3284,66.05%,1582,487,2069
"District Judge, 80th Judicial District",0083,2625,1181,3806,5598,67.99%,1740,1902,3642
"District Judge, 80th Judicial District",0084,444,346,790,1389,56.88%,548,206,754
"District Judge, 80th Judicial District",0085,730,548,1278,2079,61.47%,27,1196,1223
"District Judge, 80th Judicial District",0086,1054,689,1743,2637,66.10%,778,824,1602
"District Judge, 80th Judicial District",0087,1222,861,2083,2749,75.77%,1200,694,1894
"District Judge, 80th Judicial District",0088,235,162,397,678,58.55%,249,132,381
"District Judge, 80th Judicial District",0089,342,454,796,1104,72.10%,410,311,721
"District Judge, 80th Judicial District",0090,1498,958,2456,3571,68.78%,1744,572,2316
"District Judge, 80th Judicial District",0091,466,333,799,1248,64.02%,478,288,766
"District Judge, 80th Judicial District",0092,1105,534,1639,2228,73.56%,1068,458,1526
"District Judge, 80th Judicial District",0093,782,643,1425,3295,43.25%,502,822,1324
"District Judge, 80th Judicial District",0094,148,104,252,537,46.93%,55,183,238
"District Judge, 80th Judicial District",0095,1684,671,2355,3179,74.08%,1545,649,2194
"District Judge, 80th Judicial District",0096,364,237,601,1241,48.43%,53,528,581
"District Judge, 80th Judicial District",0097,2393,764,3157,4566,69.14%,2262,726,2988
"District Judge, 80th Judicial District",0098,874,607,1481,2403,61.63%,1181,234,1415
"District Judge, 80th Judicial District",0099,568,311,879,2040,43.09%,383,457,840
"District Judge, 80th Judicial District",0100,427,324,751,1754,42.82%,326,390,716
"District Judge, 80th Judicial District",0101,203,186,389,941,41.34%,86,291,377
"District Judge, 80th Judicial District",0102,493,268,761,1910,39.84%,190,542,732
"District Judge, 80th Judicial District",0103,1915,1065,2980,4751,62.72%,1527,1317,2844
"District Judge, 80th Judicial District",0104,992,238,1230,1847,66.59%,21,1176,1197
"District Judge, 80th Judicial District",0105,462,453,915,2153,42.50%,220,626,846
"District Judge, 80th Judicial District",0106,49,37,86,284,30.28%,40,44,84
"District Judge, 80th Judicial District",0107,412,441,853,1905,44.78%,134,680,814
"District Judge, 80th Judicial District",0108,1193,514,1707,3229,52.86%,873,739,1612
"District Judge, 80th Judicial District",0109,1160,430,1590,2884,55.13%,24,1521,1545
"District Judge, 80th Judicial District",0110,1465,589,2054,2853,71.99%,1217,723,1940
"District Judge, 80th Judicial District",0111,1868,848,2716,3638,74.66%,1956,595,2551
"District Judge, 80th Judicial District",0112,1262,668,1930,2894,66.69%,1328,509,1837
"District Judge, 80th Judicial District",0113,1125,590,1715,2537,67.60%,939,678,1617
"District Judge, 80th Judicial District",0114,1454,546,2000,2650,75.47%,1537,379,1916
"District Judge, 80th Judicial District",0115,598,305,903,1764,51.19%,97,778,875
"District Judge, 80th Judicial District",0116,1626,747,2373,3014,78.73%,1721,507,2228
"District Judge, 80th Judicial District",0117,398,462,860,1878,45.79%,344,468,812
"District Judge, 80th Judicial District",0118,460,148,608,743,81.83%,460,113,573
"District Judge, 80th Judicial District",0119,1924,1265,3189,4892,65.19%,2454,617,3071
"District Judge, 80th Judicial District",0120,1197,632,1829,2986,61.25%,1066,640,1706
"District Judge, 80th Judicial District",0121,193,244,437,679,64.36%,280,135,415
"District Judge, 80th Judicial District",0122,895,349,1244,2199,56.57%,33,1159,1192
"District Judge, 80th Judicial District",0123,440,350,790,1356,58.26%,215,511,726
"District Judge, 80th Judicial District",0124,3522,1281,4803,5952,80.70%,3736,836,4572
"District Judge, 80th Judicial District",0125,896,534,1430,2281,62.69%,805,558,1363
"District Judge, 80th Judicial District",0126,1630,407,2037,2799,72.78%,1726,218,1944
"District Judge, 80th Judicial District",0127,854,182,1036,1703,60.83%,708,279,987
"District Judge, 80th Judicial District",0128,936,736,1672,2257,74.08%,964,543,1507
"District Judge, 80th Judicial District",0129,2294,1449,3743,5495,68.12%,2175,1334,3509
"District Judge, 80th Judicial District",0130,1201,523,1724,2240,76.96%,1208,404,1612
"District Judge, 80th Judicial District",0131,604,374,978,1721,56.83%,222,712,934
"District Judge, 80th Judicial District",0132,1119,397,1516,2449,61.90%,26,1439,1465
"District Judge, 80th Judicial District",0133,1083,940,2023,2605,77.66%,1122,717,1839
"District Judge, 80th Judicial District",0134,419,392,811,1444,56.16%,343,411,754
"District Judge, 80th Judicial District",0135,1424,634,2058,2750,74.84%,1203,687,1890
"District Judge, 80th Judicial District",0136,981,451,1432,2111,67.84%,45,1330,1375
"District Judge, 80th Judicial District",0137,305,193,498,740,67.30%,228,222,450
"District Judge, 80th Judicial District",0138,661,259,920,1749,52.60%,20,862,882
"District Judge, 80th Judicial District",0139,1290,747,2037,2746,74.18%,916,936,1852
"District Judge, 80th Judicial District",0140,1311,683,1994,3104,64.24%,276,1592,1868
"District Judge, 80th Judicial District",0141,181,143,324,872,37.16%,188,114,302
"District Judge, 80th Judicial District",0142,212,171,383,870,44.02%,97,259,356
"District Judge, 80th Judicial District",0143,2993,660,3653,4598,79.45%,2510,988,3498
"District Judge, 80th Judicial District",0144,476,204,680,1143,59.49%,10,649,659
"District Judge, 80th Judicial District",0145,663,245,908,1580,57.47%,14,875,889
"District Judge, 80th Judicial District",0146,759,614,1373,1953,70.30%,570,695,1265
"District Judge, 80th Judicial District",0147,1255,485,1740,2813,61.86%,198,1501,1699
"District Judge, 80th Judicial District",0148,908,924,1832,2467,74.26%,683,983,1666
"District Judge, 80th Judicial District",0149,2859,1322,4181,6103,68.51%,1832,2164,3996
"District Judge, 80th Judicial District",0150,539,207,746,1212,61.55%,16,711,727
"District Judge, 80th Judicial District",0151,316,148,464,846,54.85%,20,418,438
"District Judge, 80th Judicial District",0152,483,602,1085,2701,40.17%,225,800,1025
"District Judge, 80th Judicial District",0153,328,437,765,1755,43.59%,185,525,710
"District Judge, 80th Judicial District",0154,593,360,953,2133,44.68%,197,658,855
"District Judge, 80th Judicial District",0155,1957,834,2791,4087,68.29%,1827,809,2636
"District Judge, 80th Judicial District",0156,1427,457,1884,3134,60.11%,48,1755,1803
"District Judge, 80th Judicial District",0157,881,382,1263,2311,54.65%,41,1188,1229
"District Judge, 80th Judicial District",0158,1304,435,1739,3016,57.66%,21,1675,1696
"District Judge, 80th Judicial District",0159,313,187,500,976,51.23%,61,416,477
"District Judge, 80th Judicial District",0160,246,140,386,688,56.10%,10,359,369
"District Judge, 80th Judicial District",0161,395,190,585,1030,56.80%,7,560,567
"District Judge, 80th Judicial District",0162,232,262,494,1249,39.55%,135,311,446
"District Judge, 80th Judicial District",0163,778,635,1413,3054,46.27%,391,857,1248
"District Judge, 80th Judicial District",0164,505,304,809,1434,56.42%,11,778,789
"District Judge, 80th Judicial District",0165,918,557,1475,2284,64.58%,893,493,1386
"District Judge, 80th Judicial District",0166,281,311,592,1016,58.27%,185,360,545
"District Judge, 80th Judicial District",0167,5,2,7,23,30.43%,0,7,7
"District Judge, 80th Judicial District",0168,188,126,314,519,60.50%,7,294,301
"District Judge, 80th Judicial District",0169,1059,433,1492,2531,58.95%,18,1438,1456
"District Judge, 80th Judicial District",0170,481,353,834,1887,44.20%,394,377,771
"District Judge, 80th Judicial District",0171,514,294,808,1613,50.09%,29,748,777
"District Judge, 80th Judicial District",0172,161,147,308,600,51.33%,97,182,279
"District Judge, 80th Judicial District",0173,1798,619,2417,3105,77.84%,1824,475,2299
"District Judge, 80th Judicial District",0174,1554,767,2321,3159,73.47%,1512,639,2151
"District Judge, 80th Judicial District",0175,1064,867,1931,2506,77.06%,913,839,1752
"District Judge, 80th Judicial District",0176,626,530,1156,1581,73.12%,543,499,1042
"District Judge, 80th Judicial District",0177,672,385,1057,1478,71.52%,610,374,984
"District Judge, 80th Judicial District",0178,913,368,1281,1718,74.56%,777,395,1172
"District Judge, 80th Judicial District",0179,449,321,770,1508,51.06%,335,382,717
"District Judge, 80th Judicial District",0180,966,552,1518,2795,54.31%,35,1411,1446
"District Judge, 80th Judicial District",0181,416,514,930,1968,47.26%,258,606,864
"District Judge, 80th Judicial District",0182,1321,1081,2402,3289,73.03%,1355,800,2155
"District Judge, 80th Judicial District",0183,970,943,1913,2451,78.05%,1160,592,1752
"District Judge, 80th Judicial District",0184,214,256,470,969,48.50%,122,306,428
"District Judge, 80th Judicial District",0185,592,494,1086,1910,56.86%,334,676,1010
"District Judge, 80th Judicial District",0186,204,1,70,374,795,47.04%,44,304,348
"District Judge, 80th Judicial District",0187,48,65,113,309,36.57%,22,85,107
"District Judge, 80th Judicial District",0188,307,378,685,1616,42.39%,242,412,654
"District Judge, 80th Judicial District",0189,492,473,965,1453,66.41%,495,378,873
"District Judge, 80th Judicial District",0190,275,401,676,1720,39.30%,224,409,633
"District Judge, 80th Judicial District",0191,196,313,509,1391,36.59%,175,311,486
"District Judge, 80th Judicial District",0192,746,332,1078,2045,52.71%,33,1009,1042
"District Judge, 80th Judicial District",0193,341,269,610,1050,58.10%,13,574,587
"District Judge, 80th Judicial District",0194,704,504,1208,1735,69.63%,333,786,1119
"District Judge, 80th Judicial District",0195,539,419,958,1721,55.67%,29,893,922
"District Judge, 80th Judicial District",0196,121,55,176,323,54.49%,7,162,169
"District Judge, 80th Judicial District",0197,1109,497,1606,2895,55.47%,35,1527,1562
"District Judge, 80th Judicial District",0198,143,158,301,657,45.81%,7,282,289
"District Judge, 80th Judicial District",0199,1407,773,2180,3159,69.01%,1590,480,2070
"District Judge, 80th Judicial District",0200,1638,585,2223,3222,68.99%,975,1052,2027
"District Judge, 80th Judicial District",0201,229,125,354,728,48.63%,11,335,346
"District Judge, 80th Judicial District",0202,488,332,820,1479,55.44%,14,772,786
"District Judge, 80th Judicial District",0203,266,156,422,900,46.89%,83,315,398
"District Judge, 80th Judicial District",0204,1489,914,2403,3462,69.41%,1317,910,2227
"District Judge, 80th Judicial District",0205,856,201,1057,1667,63.41%,19,1006,1025
"District Judge, 80th Judicial District",0206,651,659,1310,2662,49.21%,396,826,1222
"District Judge, 80th Judicial District",0207,409,310,719,1144,62.85%,229,428,657
"District Judge, 80th Judicial District",0208,806,364,1170,2201,53.16%,296,798,1094
"District Judge, 80th Judicial District",0209,0,4,4,0,0.00%,4,0,4
"District Judge, 80th Judicial District",0210,1013,542,1555,2300,67.61%,160,1309,1469
"District Judge, 80th Judicial District",0211,710,686,1396,2797,49.91%,478,805,1283
"District Judge, 80th Judicial District",0212,218,314,532,1266,42.02%,90,414,504
"District Judge, 80th Judicial District",0213,1603,939,2542,3308,76.84%,1824,542,2366
"District Judge, 80th Judicial District",0214,798,544,1342,1795,74.76%,772,446,1218
"District Judge, 80th Judicial District",0215,844,786,1630,2168,75.18%,919,585,1504
"District Judge, 80th Judicial District",0216,784,320,1104,1917,57.59%,73,985,1058
"District Judge, 80th Judicial District",0217,1396,651,2047,2637,77.63%,1194,686,1880
"District Judge, 80th Judicial District",0218,690,608,1298,2274,57.08%,358,831,1189
"District Judge, 80th Judicial District",0219,1117,587,1704,2654,64.20%,129,1476,1605
"District Judge, 80th Judicial District",0220,711,353,1064,2360,45.08%,712,295,1007
"District Judge, 80th Judicial District",0221,699,611,1310,2489,52.63%,518,684,1202
"District Judge, 80th Judicial District",0222,1000,792,1792,2384,75.17%,736,860,1596
"District Judge, 80th Judicial District",0223,1350,760,2110,3528,59.81%,576,1356,1932
"District Judge, 80th Judicial District",0224,894,649,1543,2259,68.30%,673,735,1408
"District Judge, 80th Judicial District",0225,1109,720,1829,3155,57.97%,762,978,1740
"District Judge, 80th Judicial District",0226,529,545,1074,2393,44.88%,209,771,980
"District Judge, 80th Judicial District",0227,947,451,1398,1767,79.12%,938,348,1286
"District Judge, 80th Judicial District",0228,583,165,748,1073,69.71%,29,697,726
"District Judge, 80th Judicial District",0229,152,207,359,811,44.27%,101,238,339
"District Judge, 80th Judicial District",0230,421,153,574,1096,52.37%,9,539,548
"District Judge, 80th Judicial District",0231,562,471,1033,2219,46.55%,244,726,970
"District Judge, 80th Judicial District",0232,685,546,1231,1696,72.58%,643,477,1120
"District Judge, 80th Judicial District",0233,1826,1063,2889,4132,69.92%,1411,1240,2651
"District Judge, 80th Judicial District",0234,2088,885,2973,3854,77.14%,2086,674,2760
"District Judge, 80th Judicial District",0235,466,242,708,1305,54.25%,22,666,688
"District Judge, 80th Judicial District",0236,779,342,1121,2144,52.29%,23,1050,1073
"District Judge, 80th Judicial District",0237,793,441,1234,2181,56.58%,18,1184,1202
"District Judge, 80th Judicial District",0238,640,422,1062,1901,55.87%,20,1000,1020
"District Judge, 80th Judicial District",0239,765,357,1122,1997,56.18%,23,1063,1086
"District Judge, 80th Judicial District",0240,1157,402,1559,2688,58.00%,19,1487,1506
"District Judge, 80th Judicial District",0241,494,479,973,2296,42.38%,366,549,915
"District Judge, 80th Judicial District",0242,363,323,686,1570,43.69%,354,299,653
"District Judge, 80th Judicial District",0243,254,50,304,452,67.26%,3,293,296
"District Judge, 80th Judicial District",0244,1100,656,1756,2912,60.30%,892,779,1671
"District Judge, 80th Judicial District",0245,2340,1115,3455,5240,65.94%,2274,1041,3315
"District Judge, 80th Judicial District",0246,1,1584,624,2208,2999,73.62%,1446,650,2096
"District Judge, 80th Judicial District",0247,421,403,824,1607,51.28%,12,791,803
"District Judge, 80th Judicial District",0248,408,405,813,2122,38.31%,182,584,766
"District Judge, 80th Judicial District",0249,1028,481,1509,2676,56.39%,963,470,1433
"District Judge, 80th Judicial District",0250,306,247,553,951,58.1,5%,9,535,544
"District Judge, 80th Judicial District",0251,809,529,1338,2072,64.58%,52,1234,1286
"District Judge, 80th Judicial District",0252,1111,356,1467,2350,62.43%,25,1400,1425
"District Judge, 80th Judicial District",0253,923,325,1248,2252,55.42%,13,1212,1225
"District Judge, 80th Judicial District",0254,220,282,502,1476,34.01%,118,346,464
"District Judge, 80th Judicial District",0255,995,797,1792,2411,74.33%,768,893,1661
"District Judge, 80th Judicial District",0256,1059,766,1825,3226,56.57%,678,1004,1682
"District Judge, 80th Judicial District",0257,553,571,1124,2403,46.77%,255,810,1065
"District Judge, 80th Judicial District",0258,1577,888,2465,3286,75.02%,1694,563,2257
"District Judge, 80th Judicial District",0259,1,1210,460,1670,2408,69.35%,27,1603,1630
"District Judge, 80th Judicial District",0260,420,290,710,1187,59.81%,365,307,672
"District Judge, 80th Judicial District",0261,176,133,309,749,41.26%,96,195,291
"District Judge, 80th Judicial District",0262,1470,906,2376,4232,56.14%,1311,884,2195
"District Judge, 80th Judicial District",0263,1785,719,2504,3319,75.44%,1815,573,2388
"District Judge, 80th Judicial District",0264,936,639,1575,2939,53.59%,807,640,1447
"District Judge, 80th Judicial District",0265,1936,674,2610,3617,72.16%,1799,611,2410
"District Judge, 80th Judicial District",0266,552,542,1094,2119,51.63%,477,557,1034
"District Judge, 80th Judicial District",0267,294,305,599,1346,44.50%,266,289,555
"District Judge, 80th Judicial District",0268,931,810,1741,2387,72.94%,966,609,1575
"District Judge, 80th Judicial District",0269,1143,444,1587,1981,80.11%,1141,339,1480
"District Judge, 80th Judicial District",0270,1401,870,2271,3517,64.57%,1212,881,2093
"District Judge, 80th Judicial District",0271,1303,371,1674,2469,67.80%,12,1612,1624
"District Judge, 80th Judicial District",0272,610,484,1094,2112,51.80%,388,647,1035
"District Judge, 80th Judicial District",0273,1139,634,1773,2426,73.08%,1346,315,1661
"District Judge, 80th Judicial District",0274,1049,364,1413,2063,68.49%,875,455,1330
"District Judge, 80th Judicial District",0275,567,410,977,1730,56.47%,157,774,931
"District Judge, 80th Judicial District",0276,1139,404,1543,2532,60.94%,15,1495,1510
"District Judge, 80th Judicial District",0277,342,305,647,1473,43.92%,286,341,627
"District Judge, 80th Judicial District",0278,756,607,1363,2405,56.67%,698,594,1292
"District Judge, 80th Judicial District",0279,548,383,931,1899,49.03%,552,327,879
"District Judge, 80th Judicial District",0280,303,360,663,1515,43.76%,225,390,615
"District Judge, 80th Judicial District",0281,1087,903,1990,2610,76.25%,849,915,1764
"District Judge, 80th Judicial District",0282,690,591,1281,1988,64.44%,710,497,1207
"District Judge, 80th Judicial District",0283,0,0,0,0,0.00%,0,0,0
"District Judge, 80th Judicial District",0284,1135,595,1730,3262,53.03%,620,1020,1640
"District Judge, 80th Judicial District",0285,988,509,1497,2505,59.76%,103,1339,1442
"District Judge, 80th Judicial District",0286,2657,1053,3710,5719,64.87%,312,3237,3549
"District Judge, 80th Judicial District",0287,647,542,1189,1616,73.58%,590,509,1099
"District Judge, 80th Judicial District",0288,1036,380,1416,2259,62.68%,19,1342,1361
"District Judge, 80th Judicial District",0289,374,397,771,1510,51.06%,298,416,714
"District Judge, 80th Judicial District",0290,577,429,1006,1567,64.20%,762,208,970
"District Judge, 80th Judicial District",0291,541,298,839,1203,69.74%,379,399,778
"District Judge, 80th Judicial District",0292,477,236,713,1272,56.05%,85,595,680
"District Judge, 80th Judicial District",0293,620,557,1177,1733,67.92%,495,590,1085
"District Judge, 80th Judicial District",0294,989,298,1287,2107,61.08%,8,1233,1241
"District Judge, 80th Judicial District",0295,314,189,503,862,58.35%,6,483,489
"District Judge, 80th Judicial District",0296,602,432,1034,1693,61.08%,571,364,935
"District Judge, 80th Judicial District",0297,576,445,1021,1978,51.62%,366,578,944
"District Judge, 80th Judicial District",0298,847,475,1322,2083,63.47%,696,528,1224
"District Judge, 80th Judicial District",0299,328,213,541,1231,43.95%,170,334,504
"District Judge, 80th Judicial District",0300,3013,922,3935,5040,78.08%,2958,738,3696
"District Judge, 80th Judicial District",0301,450,655,1105,2397,46.10%,418,625,1043
"District Judge, 80th Judicial District",0302,713,635,1348,2724,49.49%,706,558,1264
"District Judge, 80th Judicial District",0303,1772,755,2527,3172,79.67%,1887,473,2360
"District Judge, 80th Judicial District",0304,970,648,1618,2266,71.40%,830,645,1475
"District Judge, 80th Judicial District",0305,1319,858,2177,3621,60.12%,788,1288,2076
"District Judge, 80th Judicial District",0306,1013,323,1336,1847,72.33%,908,337,1245
"District Judge, 80th Judicial District",0307,1242,876,2118,2931,72.26%,1411,575,1986
"District Judge, 80th Judicial District",0308,444,238,682,1266,53.87%,184,462,646
"District Judge, 80th Judicial District",0309,1385,612,1997,2529,78.96%,1496,369,1865
"District Judge, 80th Judicial District",0310,517,348,965,1437,67.15%,611,285,896
"District Judge, 80th Judicial District",0311,862,699,1561,2997,52.09%,651,738,1389
"District Judge, 80th Judicial District",0312,1600,718,2318,3669,63.18%,1214,955,2169
"District Judge, 80th Judicial District",0313,22,1,23,60,38.33%,12,8,20
"District Judge, 80th Judicial District",0314,2494,1221,3715,5225,71.10%,2198,1357,3555
"District Judge, 80th Judicial District",0315,711,479,1190,1618,73.55%,647,445,1092
"District Judge, 80th Judicial District",0316,682,411,1093,1522,71.81%,547,451,998
"District Judge, 80th Judicial District",0317,551,336,887,1469,60.38%,253,591,844
"District Judge, 80th Judicial District",0318,1708,611,2319,3531,65.68%,96,2131,2227
"District Judge, 80th Judicial District",0319,965,290,1255,2081,60.31%,75,1130,1205
"District Judge, 80th Judicial District",0320,464,300,764,1505,50.76%,319,392,711
"District Judge, 80th Judicial District",0321,442,305,748,2029,36.87%,248,459,707
"District Judge, 80th Judicial District",0322,397,237,634,1322,47.96%,156,453,609
"District Judge, 80th Judicial District",0323,482,332,814,1719,47.35%,318,429,747
"District Judge, 80th Judicial District",0324,967,718,1685,2339,72.04%,1039,512,1551
"District Judge, 80th Judicial District",0325,656,397,1053,2251,46.78%,224,773,997
"District Judge, 80th Judicial District",0326,202,128,330,678,48.67%,126,169,295
"District Judge, 80th Judicial District",0327,725,244,970,1751,55.40%,14,925,939
"District Judge, 80th Judicial District",0328,344,270,614,1361,45.11%,223,360,583
"District Judge, 80th Judicial District",0329,405,307,712,1367,52.08%,214,445,659
"District Judge, 80th Judicial District",0330,590,376,966,1849,52.24%,425,470,895
"District Judge, 80th Judicial District",0331,0,1,1,0,0.00%,1,0,1
"District Judge, 80th Judicial District",0332,23,4,27,128,21.09%,10,15,25
"District Judge, 80th Judicial District",0333,1018,939,1957,2901,67.46%,1352,492,1844
"District Judge, 80th Judicial District",0334,255,114,369,755,48.87%,74,280,354
"District Judge, 80th Judicial District",0335,285,246,531,1227,43.28%,149,326,475
"District Judge, 80th Judicial District",0336,1818,588,2406,3161,76.12%,202,2119,2321
"District Judge, 80th Judicial District",0337,309,207,516,951,54.26%,84,417,501
"District Judge, 80th Judicial District",0338,1540,824,2364,4673,50.59%,641,1571,2212
"District Judge, 80th Judicial District",0339,369,373,742,1716,43.24%,147,522,669
"District Judge, 80th Judicial District",0340,1778,833,2611,3717,70.24%,1866,579,2445
"District Judge, 80th Judicial District",0341,246,316,562,1248,45.03%,136,399,535
"District Judge, 80th Judicial District",0342,2029,1113,3142,5718,54.95%,425,2612,3037
"District Judge, 80th Judicial District",0343,436,483,919,1904,48.27%,221,606,827
"District Judge, 80th Judicial District",0344,395,245,640,1207,53.02%,21,593,614
"District Judge, 80th Judicial District",0345,428,357,785,1708,45.96%,162,580,742
"District Judge, 80th Judicial District",0346,1,2,3,1,300.00%,3,0,3
"District Judge, 80th Judicial District",0347,1250,614,1864,3299,56.50%,1153,633,1786
"District Judge, 80th Judicial District",0348,751,280,1031,1740,59.25%,730,257,987
"District Judge, 80th Judicial District",0349,405,407,812,1315,61.75%,456,307,763
"District Judge, 80th Judicial District",0350,1112,780,1892,2906,65.11%,725,1003,1728
"District Judge, 80th Judicial District",0351,2495,793,3288,4537,72.47%,2535,624,3159
"District Judge, 80th Judicial District",0352,1151,583,1734,3193,54.31%,1173,481,1654
"District Judge, 80th Judicial District",0353,1544,703,2247,3697,60.78%,369,1780,2149
"District Judge, 80th Judicial District",0354,1476,517,1993,3193,62.42%,440,1460,1900
"District Judge, 80th Judicial District",0355,700,286,986,1384,71.24%,90,860,950
"District Judge, 80th Judicial District",0356,1382,618,2000,2836,70.52%,1121,737,1858
"District Judge, 80th Judicial District",0357,1633,709,2342,3371,69.47%,1671,545,2216
"District Judge, 80th Judicial District",0358,740,464,1204,2297,52.42%,89,1070,1159
"District Judge, 80th Judicial District",0359,706,482,1188,3008,39.49%,95,1049,1144
"District Judge, 80th Judicial District",0360,969,515,1484,2190,67.76%,746,585,1331
"District Judge, 80th Judicial District",0361,135,691,826,1585,52.11%,141,555,696
"District Judge, 80th Judicial District",0362,2131,1200,3331,4952,67.27%,2359,789,3148
"District Judge, 80th Judicial District",0363,1346,687,2033,3291,61.77%,875,1082,1957
"District Judge, 80th Judicial District",0364,912,602,1514,2539,59.63%,730,705,1435
"District Judge, 80th Judicial District",0365,734,245,979,1302,75.19%,82,865,947
"District Judge, 80th Judicial District",0366,638,466,1104,2089,52.85%,225,838,1063
"District Judge, 80th Judicial District",0367,328,212,540,1019,52.99%,91,427,518
"District Judge, 80th Judicial District",0368,418,143,561,929,60.39%,142,402,544
"District Judge, 80th Judicial District",0369,107,53,160,490,32.65%,60,94,154
"District Judge, 80th Judicial District",0370,3143,1178,4321,5781,74.74%,3193,924,4117
"District Judge, 80th Judicial District",0371,226,69,295,475,62.11%,6,281,287
"District Judge, 80th Judicial District",0372,498,231,729,1215,60.00%,77,616,693
"District Judge, 80th Judicial District",0373,61,16,77,159,48.43%,1,73,74
"District Judge, 80th Judicial District",0374,139,187,326,748,43.58%,92,214,306
"District Judge, 80th Judicial District",0375,577,524,1101,2607,42.23%,448,591,1039
"District Judge, 80th Judicial District",0376,529,334,963,1916,50.26%,385,518,903
"District Judge, 80th Judicial District",0377,1055,707,1762,2871,61.37%,1282,366,1648
"District Judge, 80th Judicial District",0378,559,521,1080,1777,60.78%,656,376,1032
"District Judge, 80th Judicial District",0379,800,338,1138,2017,56.42%,78,1006,1084
"District Judge, 80th Judicial District",0380,2500,1183,3683,4753,77.49%,2053,1446,3499
"District Judge, 80th Judicial District",0381,957,424,1381,2715,50.87%,554,756,1310
"District Judge, 80th Judicial District",0382,275,231,507,841,60.29%,347,138,485
"District Judge, 80th Judicial District",0383,599,493,1092,2076,52.60%,329,705,1034
"District Judge, 80th Judicial District",0384,1172,505,1677,2596,64.60%,307,1300,1607
"District Judge, 80th Judicial District",0385,1099,621,1720,2175,79.08%,1214,375,1589
"District Judge, 80th Judicial District",0386,1464,460,1924,2872,66.99%,1350,478,1828
"District Judge, 80th Judicial District",0387,1369,802,2171,3727,58.25%,1449,602,2051
"District Judge, 80th Judicial District",0388,2780,1222,4002,5329,75.10%,2210,1619,3829
"District Judge, 80th Judicial District",0389,283,261,544,975,55.79%,87,415,502
"District Judge, 80th Judicial District",0390,644,368,1012,1565,64.66%,115,847,962
"District Judge, 80th Judicial District",0391,856,355,1211,1805,67.09%,750,392,1142
"District Judge, 80th Judicial District",0392,737,197,934,1441,64.82%,9,902,911
"District Judge, 80th Judicial District",0393,346,318,664,1206,55.06%,274,350,624
"District Judge, 80th Judicial District",0394,166,176,342,860,39.77%,132,190,322
"District Judge, 80th Judicial District",0395,830,491,1321,1820,72.58%,875,352,1227
"District Judge, 80th Judicial District",0396,1157,219,1376,2073,66.38%,16,1316,1332
"District Judge, 80th Judicial District",0397,163,148,311,750,41.47%,115,170,285
"District Judge, 80th Judicial District",0398,1438,840,2278,3816,59.70%,1088,1087,2175
"District Judge, 80th Judicial District",0399,896,593,1489,2542,58.58%,702,724,1426
"District Judge, 80th Judicial District",0400,1048,506,1554,2238,69.44%,1077,388,1465
"District Judge, 80th Judicial District",0401,723,284,1007,1876,53.68%,40,939,979
"District Judge, 80th Judicial District",0402,891,245,1136,1737,65.40%,47,1053,1100
"District Judge, 80th Judicial District",0403,791,527,1318,1703,77.39%,666,522,1188
"District Judge, 80th Judicial District",0404,778,552,1330,2589,51.37%,682,588,1270
"District Judge, 80th Judicial District",0405,0,1,1,0,0.00%,0,1,1
"District Judge, 80th Judicial District",0406,281,72,353,610,57.87%,6,332,338
"District Judge, 80th Judicial District",0407,1317,1000,2317,3652,63.44%,1390,751,2141
"District Judge, 80th Judicial District",0408,154,179,333,933,35.69%,133,178,311
"District Judge, 80th Judicial District",0409,277,289,566,1371,41.28%,163,367,530
"District Judge, 80th Judicial District",0410,337,102,439,849,51.71%,79,344,423
"District Judge, 80th Judicial District",0411,542,462,1004,2302,43.61%,282,652,934
"District Judge, 80th Judicial District",0412,193,74,267,433,61,66%,12,246,258
"District Judge, 80th Judicial District",0413,1493,525,2018,3023,66.75%,740,1161,1901
"District Judge, 80th Judicial District",0414,1452,593,2045,3457,59.16%,1412,498,1910
"District Judge, 80th Judicial District",0415,950,633,1583,2124,74.53%,1045,432,1477
"District Judge, 80th Judicial District",0416,1174,916,2090,3582,58.35%,1048,912,1960
"District Judge, 80th Judicial District",0417,777,619,1396,2465,56.63%,598,720,1318
"District Judge, 80th Judicial District",0418,1057,758,1815,3420,53.07%,653,1062,1715
"District Judge, 80th Judicial District",0419,1006,578,1584,2697,58.73%,1017,494,1511
"District Judge, 80th Judicial District",0420,2174,1089,3263,4639,70.34%,2608,488,3096
"District Judge, 80th Judicial District",0421,124,92,216,467,46.25%,44,163,207
"District Judge, 80th Judicial District",0422,1456,585,2041,3345,61.02%,40,1938,1978
"District Judge, 80th Judicial District",0423,190,309,499,894,55.82%,194,272,466
"District Judge, 80th Judicial District",0424,435,1,57,592,888,66.67%,326,244,570
"District Judge, 80th Judicial District",0425,227,234,461,875,52.69%,140,293,433
"District Judge, 80th Judicial District",0426,415,283,698,1224,57.03%,365,271,636
"District Judge, 80th Judicial District",0427,325,249,574,1115,51.48%,203,331,534
"District Judge, 80th Judicial District",0428,1284,907,2191,4316,50.76%,631,1408,2039
"District Judge, 80th Judicial District",0429,1,1091,777,1868,3929,47.54%,334,1393,1727
"District Judge, 80th Judicial District",0430,403,335,738,1654,44.62%,148,532,680
"District Judge, 80th Judicial District",0431,819,403,1222,3188,38.33%,296,848,1144
"District Judge, 80th Judicial District",0432,311,271,582,1344,43.30%,159,395,554
"District Judge, 80th Judicial District",0433,139,106,245,573,42.76%,41,191,232
"District Judge, 80th Judicial District",0434,628,371,999,1386,72.08%,591,335,926
"District Judge, 80th Judicial District",0435,1534,768,2302,3097,74.33%,1431,705,2136
"District Judge, 80th Judicial District",0436,1334,709,2043,3012,67.83%,1144,741,1885
"District Judge, 80th Judicial District",0437,951,542,1493,2007,74.39%,989,400,1389
"District Judge, 80th Judicial District",0438,1046,387,1433,1802,79.52%,1002,305,1307
"District Judge, 80th Judicial District",0439,1526,905,2431,3416,71.17%,1619,634,2253
"District Judge, 80th Judicial District",0440,1326,876,2202,2867,76.81%,1607,417,2024
"District Judge, 80th Judicial District",0441,698,513,1211,1616,74.94%,843,287,1130
"District Judge, 80th Judicial District",0442,1366,513,1879,2504,75.04%,1492,292,1784
"District Judge, 80th Judicial District",0443,335,148,483,605,79.83%,326,118,444
"District Judge, 80th Judicial District",0444,1258,731,1989,3172,62.70%,1144,698,1842
"District Judge, 80th Judicial District",0445,860,443,1303,1938,67.23%,763,450,1213
"District Judge, 80th Judicial District",0446,70,52,122,268,45.52%,44,72,116
"District Judge, 80th Judicial District",0447,271,108,379,583,65.01%,119,232,351
"District Judge, 80th Judicial District",0448,1239,869,2108,3081,68.42%,1179,749,1928
"District Judge, 80th Judicial District",0449,62,37,99,164,60.37%,12,81,93
"District Judge, 80th Judicial District",0450,856,537,1393,2622,53.13%,337,989,1326
"District Judge, 80th Judicial District",0451,1575,515,2090,2674,78.16%,1639,346,1985
"District Judge, 80th Judicial District",0452,1109,639,1748,2810,62.21%,1271,403,1674
"District Judge, 80th Judicial District",0453,559,475,1034,1885,54.85%,332,637,969
"District Judge, 80th Judicial District",0454,1226,311,1537,2571,59.78%,9,1483,1492
"District Judge, 80th Judicial District",0455,748,216,964,1679,57.42%,26,899,925
"District Judge, 80th Judicial District",0456,1266,593,1859,3350,55.49%,963,794,1757
"District Judge, 80th Judicial District",0457,0,0,0,0,0.00%,0,0,0
"District Judge, 80th Judicial District",0458,908,271,1179,1893,62.28%,50,1086,1136
"District Judge, 80th Judicial District",0459,1637,476,2113,2950,71.63%,1613,385,1998
"District Judge, 80th Judicial District",0460,1250,402,1652,2346,70.42%,415,1170,1585
"District Judge, 80th Judicial District",0461,1958,828,2786,3733,74.63%,1719,837,2556
"District Judge, 80th Judicial District",0462,1318,865,2183,3367,64.84%,741,1295,2036
"District Judge, 80th Judicial District",0463,1124,656,1780,2962,60.09%,689,1002,1691
"District Judge, 80th Judicial District",0464,786,612,1398,2126,65.76%,929,392,1321
"District Judge, 80th Judicial District",0465,1465,702,2167,3343,64.82%,1098,1001,2099
"District Judge, 80th Judicial District",0466,2052,729,2781,4072,68.30%,1505,1157,2662
"District Judge, 80th Judicial District",0467,478,229,707,1230,57.48%,158,513,671
"District Judge, 80th Judicial District",0468,984,793,1777,3354,52.98%,490,1181,1671
"District Judge, 80th Judicial District",0469,2039,638,2677,3779,70.84%,2002,527,2529
"District Judge, 80th Judicial District",0470,443,323,766,1349,56.78%,528,191,719
"District Judge, 80th Judicial District",0471,792,597,1389,2349,59.13%,1046,280,1326
"District Judge, 80th Judicial District",0472,370,337,707,1027,68.84%,286,353,639
"District Judge, 80th Judicial District",0473,914,442,1356,1827,74.22%,890,376,1266
"District Judge, 80th Judicial District",0474,1146,766,1912,3006,63.61%,1280,519,1799
"District Judge, 80th Judicial District",0475,485,473,958,1651,58.03%,398,496,894
"District Judge, 80th Judicial District",0476,809,658,1467,2412,60.82%,829,564,1393
"District Judge, 80th Judicial District",0477,1441,742,2183,3195,68.33%,1590,495,2085
"District Judge, 80th Judicial District",0478,1959,898,2857,4150,68.84%,1818,879,2697
"District Judge, 80th Judicial District",0479,1298,588,1886,2648,71.22%,1349,447,1796
"District Judge, 80th Judicial District",0480,936,555,1491,2267,65.77%,1006,395,1401
"District Judge, 80th Judicial District",0481,1463,852,2315,3298,70.19%,1659,536,2195
"District Judge, 80th Judicial District",0482,1963,836,2799,4129,67.79%,1896,780,2676
"District Judge, 80th Judicial District",0483,1868,759,2627,4141,63.44%,1354,1127,2481
"District Judge, 80th Judicial District",0484,2236,1008,3244,4594,70.61%,2241,843,3084
"District Judge, 80th Judicial District",0485,2421,990,3411,4838,70.50%,2481,785,3266
"District Judge, 80th Judicial District",0486,1843,805,2648,3572,74.13%,2001,520,2521
"District Judge, 80th Judicial District",0487,1005,612,1617,3318,48.73%,453,1026,1479
"District Judge, 80th Judicial District",0488,580,440,1020,1713,59.54%,324,610,934
"District Judge, 80th Judicial District",0489,783,378,1161,1823,63.69%,314,767,1081
"District Judge, 80th Judicial District",0490,876,439,1315,1944,67.64%,460,771,1231
"District Judge, 80th Judicial District",0491,667,489,1156,1782,64.87%,628,448,1076
"District Judge, 80th Judicial District",0492,1069,504,1573,2351,66.91%,784,672,1456
"District Judge, 80th Judicial District",0493,858,400,1258,1804,69.73%,767,392,1159
"District Judge, 80th Judicial District",0494,760,431,1191,2176,54.73%,142,1010,1152
"District Judge, 80th Judicial District",0495,1120,494,1614,2284,70.67%,1094,418,1512
"District Judge, 80th Judicial District",0496,496,571,1067,2086,51.15%,376,619,995
"District Judge, 80th Judicial District",0497,1123,303,1426,2226,64.06%,52,1323,1375
"District Judge, 80th Judicial District",0498,759,499,1258,2123,59.26%,507,687,1194
"District Judge, 80th Judicial District",0499,1301,517,1818,2304,78.91%,1253,450,1703
"District Judge, 80th Judicial District",0500,1507,746,2253,3175,70.96%,1490,643,2133
"District Judge, 80th Judicial District",0501,653,487,1140,1647,69.22%,417,624,1041
"District Judge, 80th Judicial District",0502,1150,332,1482,2364,62.69%,1101,291,1392
"District Judge, 80th Judicial District",0503,359,273,632,1363,46.37%,187,396,583
"District Judge, 80th Judicial District",0504,1129,538,1667,2197,75.88%,1040,512,1552
"District Judge, 80th Judicial District",0505,1209,829,2038,3654,55.77%,858,1037,1895
"District Judge, 80th Judicial District",0506,1470,801,2271,3380,67.19%,357,1822,2179
"District Judge, 80th Judicial District",0507,582,385,967,2435,39.71%,145,687,832
"District Judge, 80th Judicial District",0508,946,760,1706,3248,52.52%,522,1036,1558
"District Judge, 80th Judicial District",0509,1340,864,2204,3536,62.33%,1513,577,2090
"District Judge, 80th Judicial District",0510,1492,682,2174,3511,61.92%,939,1107,2046
"District Judge, 80th Judicial District",0511,0,8,8,0,0.00%,1,5,8
"District Judge, 80th Judicial District",0512,1558,1127,2885,4582,58.80%,1178,1378,2558
"District Judge, 80th Judicial District",0513,1805,507,2112,2752,78.74%,1528,489,1995
"District Judge, 80th Judicial District",0514,1988,880,2828,3941,71.71%,2027,880,2887
"District Judge, 80th Judicial District",0515,1892,708,2400,3173,75.84%,1875,397,2272
"District Judge, 80th Judicial District",0518,2179,1088,3245,4934,85.77%,1537,1519,3058
"District Judge, 80th Judicial District",0517,1208,853,1881,3320,58.05%,949,810,1759
"District Judge, 80th Judicial District",0518,1478,919,2397,3755,83.83%,1457,799,2258
"District Judge, 80th Judicial District",0519,1234,845,1879,2951,83.87%,1315,477,1792
"District Judge, 80th Judicial District",0520,1542,857,2399,4084,59.03%,389,1943,2312
"District Judge, 80th Judicial District",0521,1011,894,1705,2725,82.57%,838,779,1817
"District Judge, 80th Judicial District",0522,1171,858,1829,2882,88.20%,1320,407,1727
"District Judge, 80th Judicial District",0523,1338,889,2027,3080,88.24%,1292,588,1880
"District Judge, 80th Judicial District",0524,1237,875,1912,3292,58.08%,548,1278,1822
"District Judge, 80th Judicial District",0525,1380,810,1990,2947,87.53%,385,1530,1895
"District Judge, 80th Judicial District",0528,187,171,338,731,48.24%,89,229,318
"District Judge, 80th Judicial District",0527,80,24,104,589,18.28%,48,52,98
"District Judge, 80th Judicial District",0528,38,12,48,92,52.17%,4,43,47
"District Judge, 80th Judicial District",0529,1987,441,2428,3818,87.15%,1987,330,2317
"District Judge, 80th Judicial District",0530,259,235,494,1198,41.30%,99,357,458
"District Judge, 80th Judicial District",0531,872,113,785,1094,71.78%,594,141,735
"District Judge, 80th Judicial District",0532,452,184,838,1039,81.21%,417,188,805
"District Judge, 80th Judicial District",0533,317,207,524,1089,49.02%,280,235,495
"District Judge, 80th Judicial District",0534,1858,875,2333,3795,81.48%,1875,558,2231
"District Judge, 80th Judicial District",0535,80,94,174,421,41.33%,82,100,182
"District Judge, 80th Judicial District",0538,1332,1195,2527,4578,55.22%,921,1474,2395
"District Judge, 80th Judicial District",0537,1454,823,2277,2971,78.84%,1820,532,2152
"District Judge, 80th Judicial District",0538,433,237,870,1282,52.28%,19,825,844
"District Judge, 80th Judicial District",0539,28,209,235,71,330.99%,45,188,213
"District Judge, 80th Judicial District",0540,888,380,1048,1491,70.15%,414,520,934
"District Judge, 80th Judicial District",0541,1824,779,2803,4183,82.23%,331,2150,2481
"District Judge, 80th Judicial District",0542,997,501,1498,2525,59.33%,88,1382,1450
"District Judge, 80th Judicial District",0543,287,378,885,1528,43.52%,201,424,825
"District Judge, 80th Judicial District",0544,92,53,145,318,45.80%,17,122,139
"District Judge, 80th Judicial District",0545,1314,857,2171,3339,65.02%,1014,1042,2056
"District Judge, 80th Judicial District",0546,4,4,8,30,26.67%,2,6,8
"District Judge, 80th Judicial District",0547,877,647,1524,2408,63.29%,1019,419,1438
"District Judge, 80th Judicial District",0548,720,476,1196,2129,56.18%,520,620,1140
"District Judge, 80th Judicial District",0549,944,586,1530,2530,60.47%,203,1265,1468
"District Judge, 80th Judicial District",0550,1134,629,1763,2847,61.92%,840,859,1699
"District Judge, 80th Judicial District",0551,3088,1527,4615,6135,75.22%,3246,1128,4374
"District Judge, 80th Judicial District",0552,1621,844,2465,3241,76.06%,1977,374,2351
"District Judge, 80th Judicial District",0553,1465,951,2416,4355,55.48%,1010,1301,2311
"District Judge, 80th Judicial District",0554,562,340,902,1731,52.11%,134,706,840
"District Judge, 80th Judicial District",0555,597,447,1044,2119,49.27%,165,828,993
"District Judge, 80th Judicial District",0556,584,421,1005,2249,44.69%,206,745,951
"District Judge, 80th Judicial District",0557,822,556,1378,2726,50.55%,426,843,1269
"District Judge, 80th Judicial District",0558,1588,824,2412,4084,59.06%,733,1554,2287
"District Judge, 80th Judicial District",0559,1787,899,2686,4633,57.98%,606,1931,2537
"District Judge, 80th Judicial District",0560,172,289,461,1176,39.20%,89,333,422
"District Judge, 80th Judicial District",0561,837,759,1596,3033,52.62%,853,663,1516
"District Judge, 80th Judicial District",0562,201,146,347,645,53.80%,23,309,332
"District Judge, 80th Judicial District",0563,1699,415,2114,2969,71.20%,1574,414,1988
"District Judge, 80th Judicial District",0564,1150,713,1863,3096,60.17%,480,1235,1715
"District Judge, 80th Judicial District",0565,315,194,509,1373,37.07%,82,394,476
"District Judge, 80th Judicial District",0566,1122,478,1600,2950,54.24%,411,1121,1532
"District Judge, 80th Judicial District",0567,672,394,1066,2198,48.50%,265,707,972
"District Judge, 80th Judicial District",0568,1628,837,2465,3487,70.69%,1538,745,2283
"District Judge, 80th Judicial District",0569,1294,865,2159,3249,66.45%,1092,906,1998
"District Judge, 80th Judicial District",0570,525,409,934,1473,63.41%,392,454,846
"District Judge, 80th Judicial District",0571,333,312,645,1758,36.69%,198,398,596
"District Judge, 80th Judicial District",0572,1283,574,1857,2998,61.94%,813,942,1755
"District Judge, 80th Judicial District",0573,577,368,945,1618,58.41%,10,911,921
"District Judge, 80th Judicial District",0574,98,79,177,391,45.27%,17,147,164
"District Judge, 80th Judicial District",0575,27,9,36,79,45.57%,31,4,35
"District Judge, 80th Judicial District",0576,1050,552,1602,2671,59.98%,51,1497,1548
"District Judge, 80th Judicial District",0577,231,113,344,573,60.03%,183,140,323
"District Judge, 80th Judicial District",0578,745,553,1298,1689,76.85%,757,418,1175
"District Judge, 80th Judicial District",0579,487,351,838,1806,46.40%,187,601,788
"District Judge, 80th Judicial District",0580,429,146,575,1027,55.99%,13,546,559
"District Judge, 80th Judicial District",0581,510,162,672,1041,64.55%,17,631,648
"District Judge, 80th Judicial District",0582,614,256,870,1613,53.94%,45,797,842
"District Judge, 80th Judicial District",0583,544,127,671,1248,53.77%,13,642,655
"District Judge, 80th Judicial District",0584,392,139,531,971,54.69%,31,493,524
"District Judge, 80th Judicial District",0585,934,304,1238,2403,51.52%,30,1172,1202
"District Judge, 80th Judicial District",0585,1306,1189,2495,4230,58.98%,1482,907,2389
"District Judge, 80th Judicial District",0587,933,465,1398,2174,64.31%,485,861,1346
"District Judge, 80th Judicial District",0588,1536,871,2407,3468,69.41%,1657,640,2297
"District Judge, 80th Judicial District",0589,1033,738,1771,3130,56.58%,907,781,1688
"District Judge, 80th Judicial District",0590,1158,463,1621,2136,75.89%,1187,354,1541
"District Judge, 80th Judicial District",0591,420,449,869,2114,41.11%,222,594,816
"District Judge, 80th Judicial District",0592,370,288,658,1258,52.31%,147,480,627
"District Judge, 80th Judicial District",0593,1148,999,2147,4059,52.89%,941,1087,2028
"District Judge, 80th Judicial District",0594,1031,535,1566,2361,66.33%,437,1065,1502
"District Judge, 80th Judicial District",0595,497,380,877,1647,53.25%,137,707,844
"District Judge, 80th Judicial District",0596,945,690,1635,2848,57.41%,828,738,1566
"District Judge, 80th Judicial District",0597,1067,719,1786,3267,54.67%,603,1110,1713
"District Judge, 80th Judicial District",0598,335,103,438,724,60.50%,327,82,409
"District Judge, 80th Judicial District",0599,1895,866,2761,4135,66.77%,919,1735,2654
"District Judge, 80th Judicial District",0600,1383,869,2252,3820,58.95%,764,1376,2140
"District Judge, 80th Judicial District",0601,2028,858,2886,3990,72.33%,2106,661,2767
"District Judge, 80th Judicial District",0602,562,296,858,1237,69.36%,578,248,826
"District Judge, 80th Judicial District",0603,1437,1163,2600,3917,66.38%,1531,960,2491
"District Judge, 80th Judicial District",0604,1444,528,1972,2910,67.77%,1595,283,1878
"District Judge, 80th Judicial District",0605,2227,889,3116,5251,59.34%,718,2267,2985
"District Judge, 80th Judicial District",0606,420,122,542,1053,51.47%,5,516,521
"District Judge, 80th Judicial District",0607,194,118,312,731,42.68%,19,276,295
"District Judge, 80th Judicial District",0608,245,290,535,1256,42.60%,198,296,494
"District Judge, 80th Judicial District",0609,1364,844,2208,3261,67.71%,1318,746,2064
"District Judge, 80th Judicial District",0610,403,398,801,1825,43.89%,334,416,750
"District Judge, 80th Judicial District",0611,1120,301,1421,2450,58.00%,38,1344,1382
"District Judge, 80th Judicial District",0612,1700,579,2279,3272,69.65%,1659,477,2136
"District Judge, 80th Judicial District",0613,495,309,804,1450,55.45%,119,656,775
"District Judge, 80th Judicial District",0614,1631,812,2443,3932,62.13%,784,1546,2330
"District Judge, 80th Judicial District",0615,931,404,1335,1926,69.31%,760,510,1270
"District Judge, 80th Judicial District",0616,1352,970,2322,3378,68.74%,1552,647,2199
"District Judge, 80th Judicial District",0617,1318,849,2167,3546,61.11%,752,1324,2076
"District Judge, 80th Judicial District",0618,1920,1021,2941,5344,55.03%,1253,1564,2817
"District Judge, 80th Judicial District",0619,2133,857,2990,4266,70.09%,2152,698,2850
"District Judge, 80th Judicial District",0620,2382,856,3238,5271,61.43%,1480,1549,3029
"District Judge, 80th Judicial District",0621,397,203,600,1173,51.15%,280,288,568
"District Judge, 80th Judicial District",0622,1722,829,2551,4305,59.26%,1432,987,2419
"District Judge, 80th Judicial District",0623,1708,626,2334,3481,67.05%,1434,753,2187
"District Judge, 80th Judicial District",0624,9,0,9,16,56.25%,5,4,9
"District Judge, 80th Judicial District",0625,862,454,1316,1796,73.27%,710,499,1209
"District Judge, 80th Judicial District",0626,1148,655,1803,2838,63.53%,862,835,1697
"District Judge, 80th Judicial District",0627,795,647,1442,2964,48.65%,402,945,1347
"District Judge, 80th Judicial District",0628,292,456,748,1600,46.75%,299,402,701
"District Judge, 80th Judicial District",0629,175,127,302,629,48.01%,21,275,296
"District Judge, 80th Judicial District",0630,2018,535,2553,3190,80.03%,215,2249,2464
"District Judge, 80th Judicial District",0631,1489,392,1881,2733,68.83%,1294,487,1781
"District Judge, 80th Judicial District",0632,12,9,21,231,9.09%,4,14,18
"District Judge, 80th Judicial District",0633,1782,678,2460,3257,75.53%,1736,601,2337
"District Judge, 80th Judicial District",0634,1020,734,1754,2922,60.03%,1057,616,1673
"District Judge, 80th Judicial District",0635,1326,706,2032,3280,61.95%,1514,429,1943
"District Judge, 80th Judicial District",0636,1791,974,2765,3881,71.24%,2316,338,2654
"District Judge, 80th Judicial District",0637,739,509,1248,2471,50.51%,285,865,1150
"District Judge, 80th Judicial District",0638,740,684,1424,2078,68.53%,95,1266,1361
"District Judge, 80th Judicial District",0639,828,711,1539,2501,61.54%,1176,298,1474
"District Judge, 80th Judicial District",0640,1382,723,2105,3548,59.33%,1174,829,2003
"District Judge, 80th Judicial District",0641,1265,878,2143,3375,63.50%,1284,758,2042
"District Judge, 80th Judicial District",0642,871,447,1318,1779,74.09%,1057,198,1255
"District Judge, 80th Judicial District",0643,2157,994,3151,5310,59.34%,1164,1832,2996
"District Judge, 80th Judicial District",0644,2123,1204,3327,5261,63.24%,2036,1113,3149
"District Judge, 80th Judicial District",0645,1639,895,2534,4035,62.80%,1141,1250,2391
"District Judge, 80th Judicial District",0646,708,456,1164,2163,53.81%,337,766,1103
"District Judge, 80th Judicial District",0647,1770,1020,2790,5593,49.88%,681,1883,2564
"District Judge, 80th Judicial District",0648,1590,668,2258,3197,70.63%,1541,611,2152
"District Judge, 80th Judicial District",0649,1389,854,2243,4426,50.68%,597,1515,2112
"District Judge, 80th Judicial District",0650,1328,939,2267,3151,71.95%,1604,545,2149
"District Judge, 80th Judicial District",0651,2085,1070,3155,4931,63.98%,1908,1083,2991
"District Judge, 80th Judicial District",0652,1049,653,1702,2633,64.64%,266,1366,1632
"District Judge, 80th Judicial District",0653,0,8,8,0,0.00%,2,6,8
"District Judge, 80th Judicial District",0654,2103,1344,3447,5765,59.79%,1722,1519,3241
"District Judge, 80th Judicial District",0655,2612,1451,4063,6304,64.45%,2468,1370,3838
"District Judge, 80th Judicial District",0656,1198,421,1619,2622,61.75%,46,1522,1568
"District Judge, 80th Judicial District",0657,490,268,758,1200,63.17%,287,425,712
"District Judge, 80th Judicial District",0658,985,708,1693,2824,59.95%,1014,607,1621
"District Judge, 80th Judicial District",0659,2141,1091,3232,4588,70.44%,2236,848,3084
"District Judge, 80th Judicial District",0660,2460,932,3392,5048,67.19%,314,2955,3269
"District Judge, 80th Judicial District",0661,1614,1012,2626,4179,62.84%,1343,1127,2470
"District Judge, 80th Judicial District",0662,2477,999,3476,4807,72.31%,2752,593,3345
"District Judge, 80th Judicial District",0663,1302,913,2215,3232,68.53%,1157,880,2037
"District Judge, 80th Judicial District",0664,681,607,1288,2801,45.98%,282,938,1220
"District Judge, 80th Judicial District",0665,951,394,1345,2007,67.02%,1066,209,1275
"District Judge, 80th Judicial District",0666,0,1,1,0,0.00%,0,1,1
"District Judge, 80th Judicial District",0667,989,547,1536,2181,70.43%,1128,321,1449
"District Judge, 80th Judicial District",0668,927,655,1582,2458,64.36%,958,544,1502
"District Judge, 80th Judicial District",0669,1606,823,2429,3243,74.90%,1657,635,2292
"District Judge, 80th Judicial District",0670,1566,518,2084,2952,70.60%,1569,379,1948
"District Judge, 80th Judicial District",0671,1090,773,1863,2942,63.32%,1054,691,1745
"District Judge, 80th Judicial District",0672,2301,1078,3379,4710,71.74%,2177,1059,3236
"District Judge, 80th Judicial District",0673,1376,643,2019,2988,67.57%,1543,366,1909
"District Judge, 80th Judicial District",0674,2092,813,2905,4055,71.64%,2120,669,2789
"District Judge, 80th Judicial District",0675,0,0,0,0,0.00%,0,0,0
"District Judge, 80th Judicial District",0676,0,0,0,0,0.00%,0,0,0
"District Judge, 80th Judicial District",0677,220,239,459,954,48.11%,124,309,433
"District Judge, 80th Judicial District",0678,297,164,461,756,60.98%,289,136,425
"District Judge, 80th Judicial District",0679,1466,661,2127,3331,63.85%,1571,445,2016
"District Judge, 80th Judicial District",0680,56,22,78,181,43.09%,35,36,71
"District Judge, 80th Judicial District",0681,1,0,1,5,20.00%,0,1,1
"District Judge, 80th Judicial District",0682,1673,912,2585,4134,62.53%,1841,618,2459
"District Judge, 80th Judicial District",0683,48,50,98,261,37.55%,23,68,91
"District Judge, 80th Judicial District",0684,72,24,96,187,51.34%,54,34,88
"District Judge, 80th Judicial District",0685,167,29,196,326,60.12%,84,98,182
"District Judge, 80th Judicial District",0686,46,34,80,196,40.82%,18,57,75
"District Judge, 80th Judicial District",0687,1084,641,1725,2497,69.08%,1121,482,1603
"District Judge, 80th Judicial District",0688,1815,673,2488,3266,76.18%,1937,421,2358
"District Judge, 80th Judicial District",0689,505,651,1156,2276,50.79%,514,546,1060
"District Judge, 80th Judicial District",0690,1955,1115,3081,4184,73.64%,2355,584,2939
"District Judge, 80th Judicial District",0691,10,2,12,34,35.29%,3,9,12
"District Judge, 80th Judicial District",0692,999,717,1716,2626,65.35%,1224,405,1629
"District Judge, 80th Judicial District",0693,303,116,419,651,64.36%,99,282,381
"District Judge, 80th Judicial District",0694,420,137,557,817,68.18%,353,175,528
"District Judge, 80th Judicial District",0695,454,320,774,1646,47.02%,470,265,735
"District Judge, 80th Judicial District",0696,600,373,973,2098,46.38%,588,346,934
"District Judge, 80th Judicial District",0697,1516,941,2457,4307,57.05%,538,1818,2356
"District Judge, 80th Judicial District",0698,1137,659,1796,2948,60.92%,167,1560,1727
"District Judge, 80th Judicial District",0699,1031,566,1597,2288,69.80%,988,466,1454
"District Judge, 80th Judicial District",0700,531,287,818,1313,62.30%,637,136,773
"District Judge, 80th Judicial District",0701,142,115,257,554,46.39%,124,119,243
"District Judge, 80th Judicial District",0702,150,123,273,549,49.73%,28,231,259
"District Judge, 80th Judicial District",0703,742,616,1358,1845,73.60%,929,329,1258
"District Judge, 80th Judicial District",0704,1334,701,2035,2882,70.61%,1616,315,1931
"District Judge, 80th Judicial District",0705,358,238,596,1520,39.21%,56,516,572
"District Judge, 80th Judicial District",0706,222,135,357,529,67.49%,162,186,348
"District Judge, 80th Judicial District",0707,284,135,420,707,59.41%,233,161,394
"District Judge, 80th Judicial District",0708,109,95,204,568,35.92%,96,96,192
"District Judge, 80th Judicial District",0709,2996,1297,4293,6239,68.81%,2492,1619,4111
"District Judge, 80th Judicial District",0710,877,602,1479,2023,73.11%,809,545,1354
"District Judge, 80th Judicial District",0711,1492,701,2193,3351,65.44%,1250,797,2047
"District Judge, 80th Judicial District",0712,1200,858,2058,3348,61.47%,812,1179,1991
"District Judge, 80th Judicial District",0713,665,436,1101,1827,60.26%,565,483,1048
"District Judge, 80th Judicial District",0714,77,3,80,304,26.32%,50,24,74
"District Judge, 80th Judicial District",0715,405,326,731,1380,52.97%,353,335,688
"District Judge, 80th Judicial District",0716,977,522,1599,2670,59.89%,1107,420,1527
"District Judge, 80th Judicial District",0717,826,362,1188,1927,61.65%,148,989,1137
"District Judge, 80th Judicial District",0718,1844,1019,2863,4050,70.69%,1835,812,2647
"District Judge, 80th Judicial District",0719,508,260,768,1617,47.50%,408,309,717
"District Judge, 80th Judicial District",0720,1575,1044,2619,3903,67.10%,1846,665,2511
"District Judge, 80th Judicial District",0721,1334,637,1971,2842,69.35%,1264,569,1833
"District Judge, 80th Judicial District",0722,1892,542,2534,4357,58.16%,144,2288,2432
"District Judge, 80th Judicial District",0723,747,329,1076,1760,61.14%,218,805,1023
"District Judge, 80th Judicial District",0724,325,170,495,716,69.13%,326,142,468
"District Judge, 80th Judicial District",0725,953,329,1282,2124,60.36%,506,702,1208
"District Judge, 80th Judicial District",0726,1141,304,1445,1987,72.72%,1239,143,1382
"District Judge, 80th Judicial District",0727,931,466,1397,2488,56.15%,334,1003,1337
"District Judge, 80th Judicial District",0728,343,208,551,881,62.54%,293,219,512
"District Judge, 80th Judicial District",0729,208,93,301,446,67.49%,172,113,285
"District Judge, 80th Judicial District",0730,800,437,1237,1630,75.89%,781,359,1140
"District Judge, 80th Judicial District",0731,121,36,157,373,42.09%,26,119,145
"District Judge, 80th Judicial District",0732,701,543,1244,1895,65.65%,725,436,1161
"District Judge, 80th Judicial District",0733,25,62,87,172,50.58%,25,54,79
"District Judge, 80th Judicial District",0734,3209,1114,4323,5952,72.63%,2849,1309,4158
"District Judge, 80th Judicial District",0735,9,0,9,23,39.13%,9,0,9
"District Judge, 80th Judicial District",0736,6,1,7,21,33.33%,1,5,6
"District Judge, 80th Judicial District",0737,25,5,30,53,56.60%,24,6,30
"District Judge, 80th Judicial District",0738,470,219,689,1294,53.25%,80,589,669
"District Judge, 80th Judicial District",0739,1005,490,1495,2872,52.05%,643,788,1431
"District Judge, 80th Judicial District",0740,233,205,438,935,46.84%,224,194,418
"District Judge, 80th Judicial District",0741,0,0,0,0,0.00%,0,0,0
"District Judge, 80th Judicial District",0742,0,0,0,0,0.00%,0,0,0
"District Judge, 80th Judicial District",0743,27,4,31,199,15.58%,12,17,29
"District Judge, 80th Judicial District",0744,848,509,1357,2024,67.05%,855,420,1275
"District Judge, 80th Judicial District",0745,1066,542,1608,2396,67.11%,978,529,1507
"District Judge, 80th Judicial District",0746,230,151,381,707,53.89%,176,172,348
"District Judge, 80th Judicial District",0747,1200,873,2073,3490,59.40%,945,1043,1988
"District Judge, 80th Judicial District",0748,420,307,727,1319,55.12%,314,370,684
"District Judge, 80th Judicial District",0749,99,57,156,359,43.45%,30,114,144
"District Judge, 80th Judicial District",0750,264,147,411,720,57.08%,228,162,390
"District Judge, 80th Judicial District",0751,1664,1254,2918,4451,65.56%,1909,872,2781
"District Judge, 80th Judicial District",0752,571,277,848,1511,56.12%,595,212,807
"District Judge, 80th Judicial District",0753,106,61,167,260,64.23%,107,56,163
"District Judge, 80th Judicial District",0754,0,0,0,0,0.00%,0,0,0
"District Judge, 80th Judicial District",0755,1048,896,1944,3569,54.47%,725,1113,1838
"District Judge, 80th Judicial District",0756,582,300,882,1539,57.31%,295,541,836
"District Judge, 80th Judicial District",0757,1416,690,2106,3498,60.21%,324,1711,2035
"District Judge, 80th Judicial District",0758,1996,783,2779,3781,73.50%,2160,447,2607
"District Judge, 80th Judicial District",0759,1109,590,1699,2625,64.72%,993,599,1592
"District Judge, 80th Judicial District",0760,2346,647,2993,4154,72.05%,2407,421,2828
"District Judge, 80th Judicial District",0761,917,219,1136,1464,77.60%,774,277,1051
"District Judge, 80th Judicial District",0762,0,0,0,0,0.00%,0,0,0
"District Judge, 80th Judicial District",0763,255,308,563,1184,47.55%,194,337,531
"District Judge, 80th Judicial District",0764,2270,1050,3320,4931,67.33%,2052,1119,3171
"District Judge, 80th Judicial District",0765,1390,815,2205,3967,55.58%,749,1355,2104
"District Judge, 80th Judicial District",0766,71,92,163,383,42.56%,38,106,144
"District Judge, 80th Judicial District",0767,20,15,35,90,38.89%,22,10,32
"District Judge, 80th Judicial District",0768,2854,1159,4013,5364,74.81%,3099,741,3840
"District Judge, 80th Judicial District",0769,117,5,122,161,75.78%,4,114,118
"District Judge, 80th Judicial District",0770,58,48,106,262,40.46%,44,56,100
"District Judge, 80th Judicial District",0771,701,537,1238,2378,52.06%,600,567,1167
"District Judge, 80th Judicial District",0772,2927,1002,3929,5617,69.95%,2853,892,3745
"District Judge, 80th Judicial District",0773,892,550,1442,2648,54.46%,332,1023,1355
"District Judge, 80th Judicial District",0774,116,74,190,301,63.12%,39,143,182
"District Judge, 80th Judicial District",0775,33,1,34,83,40.96%,0,33,33
"District Judge, 80th Judicial District",0776,1113,741,1854,2855,64.94%,1048,718,1766
"District Judge, 80th Judicial District",0777,83,123,206,642,32.09%,56,142,198
"District Judge, 80th Judicial District",0778,0,0,0,0,0.00%,0,0,0
"District Judge, 80th Judicial District",0779,295,221,516,1146,45.03%,160,318,478
"District Judge, 80th Judicial District",0780,136,114,250,579,43.18%,104,127,231
"District Judge, 80th Judicial District",0781,1152,655,1807,3716,48.63%,640,982,1622
"District Judge, 80th Judicial District",0782,851,532,1383,2188,63.21%,813,479,1292
"District Judge, 80th Judicial District",0783,103,43,146,265,55.09%,78,57,135
"District Judge, 80th Judicial District",0784,428,156,584,1071,54.53%,6,561,567
"District Judge, 80th Judicial District",0785,66,55,121,310,39.03%,62,57,119
"District Judge, 80th Judicial District",0786,193,277,470,1297,36.24%,143,305,448
"District Judge, 80th Judicial District",0787,154,76,230,487,47.23%,74,139,213
"District Judge, 80th Judicial District",0788,156,58,214,481,44.49%,70,131,201
"District Judge, 80th Judicial District",0789,3,1,4,4,100.00%,0,3,3
"District Judge, 80th Judicial District",0790,1,0,1,4,25.00%,0,1,1
"District Judge, 80th Judicial District",0791,0,0,0,0,0.00%,0,0,0
"District Judge, 80th Judicial District",0792,549,409,958,1834,52.24%,214,694,908
"District Judge, 80th Judicial District",0793,889,338,1227,2437,50.35%,691,486,1177
"District Judge, 80th Judicial District",0794,575,484,1059,2602,40.70%,68,952,1020
"District Judge, 80th Judicial District",0795,265,255,520,1207,43.08%,146,323,469
"District Judge, 80th Judicial District",0796,145,92,237,485,48.87%,117,107,224
"District Judge, 80th Judicial District",0797,0,0,0,0,0.00%,0,0,0
"District Judge, 80th Judicial District",0798,176,263,439,496,88.51%,126,267,393
"District Judge, 80th Judicial District",0799,65,12,77,146,52.74%,17,56,73
"District Judge, 80th Judicial District",0800,1188,795,1983,2817,70.39%,1296,575,1871
"District Judge, 80th Judicial District",0801,68,55,123,253,48.62%,40,74,114
"District Judge, 80th Judicial District",0802,98,58,156,299,52.17%,29,113,142
"District Judge, 80th Judicial District",0803,1305,530,1935,2718,71.19%,1406,433,1839
"District Judge, 80th Judicial District",0804,1806,960,2766,4348,63.62%,1622,999,2621
"District Judge, 80th Judicial District",0805,1509,529,2038,2812,72.48%,1571,352,1923
"District Judge, 80th Judicial District",0806,0,0,0,0,0.00%,0,0,0
"District Judge, 80th Judicial District",0807,652,402,1054,2001,52.67%,156,851,1007
"District Judge, 80th Judicial District",0808,41,26,67,84,79.76%,29,29,58
"District Judge, 80th Judicial District",0809,216,27,86,31.40%,8,16,24
"District Judge, 80th Judicial District",0810,30,48,78,215,36.28%,21,49,70
"District Judge, 80th Judicial District",0811,39,106,145,271,53.51%,28,108,136
"District Judge, 80th Judicial District",0812,0,0,0,0,0.00%,0,0,0
"District Judge, 80th Judicial District",0813,1967,1258,3225,5423,59.47%,1511,1589,3100
"District Judge, 80th Judicial District",0814,1772,955,2727,4503,60.56%,590,2016,2606
"District Judge, 80th Judicial District",0815,0,0,0,0,0.00%,0,0,0
"District Judge, 80th Judicial District",0816,20,13,33,76,43.42%,6,26,32
"District Judge, 80th Judicial District",0817,0,0,0,0,0.00%,0,0,0
"District Judge, 80th Judicial District",0818,134,101,235,527,44.59%,45,184,229
"District Judge, 80th Judicial District",0819,97,45,142,238,59.66%,80,44,124
"District Judge, 80th Judicial District",0820,0,0,0,0,0.00%,0,0,0
"District Judge, 80th Judicial District",0821,354,203,557,1206,46.19%,44,490,534
"District Judge, 80th Judicial District",0822,584,282,866,1544,56.09%,25,818,843
"District Judge, 80th Judicial District",0823,1849,1015,2864,4710,60.81%,1451,1267,2718
"District Judge, 80th Judicial District",0824,984,471,1455,2729,53.32%,313,1084,1397
"District Judge, 80th Judicial District",0825,0,0,0,0,0.00%,0,0,0
"District Judge, 80th Judicial District",0826,153,89,242,342,70.76%,122,105,227
"District Judge, 80th Judicial District",0827,169,186,355,997,35.61%,133,204,337
"District Judge, 80th Judicial District",0828,1074,343,1417,1875,75.57%,1106,228,1334
"District Judge, 80th Judicial District",0829,107,56,163,266,61.28%,33,128,161
"District Judge, 80th Judicial District",0830,0,0,0,1,0.00%,0,0,0
"District Judge, 80th Judicial District",0831,0,0,0,0,0.00%,0,0,0
"District Judge, 80th Judicial District",0832,109,46,155,351,44.16%,44,101,145
"District Judge, 80th Judicial District",0833,8,1,9,20,45.00%,0,9,9
"District Judge, 80th Judicial District",0834,0,0,0,0,0.00%,0,0,0
"District Judge, 80th Judicial District",0835,87,53,140,292,47.95%,37,96,133
"District Judge, 80th Judicial District",0836,8,3,11,19,57.89%,0,9,9
"District Judge, 80th Judicial District",0837,0,0,0,0,0.00%,0,0,0
"District Judge, 80th Judicial District",0838,0,0,0,0,0.00%,0,0,0
"District Judge, 80th Judicial District",0839,353,240,593,1122,52.85%,106,448,554
"District Judge, 80th Judicial District",0840,712,251,963,1621,59.41%,313,611,924
"District Judge, 80th Judicial District",0841,0,2,2,0,0.00%,0,2,2
"District Judge, 80th Judicial District",0842,987,715,1702,3091,55.06%,741,886,1627
"District Judge, 80th Judicial District",0843,0,2,2,0,0.00%,0,2,2
"District Judge, 80th Judicial District",0844,2,4,6,1,3,46.1,5%,1,4,5
"District Judge, 80th Judicial District",0845,85,10,95,100,95.00%,53,35,88
"District Judge, 80th Judicial District",0846,70,29,99,210,47.14%,5,91,96
"District Judge, 80th Judicial District",0847,795,321,1116,1804,61.86%,292,773,1065
"District Judge, 80th Judicial District",0848,782,431,1213,1873,64.76%,367,787,1154
"District Judge, 80th Judicial District",0849,553,514,1067,2073,51.47%,336,654,990
"District Judge, 80th Judicial District",0850,87,38,125,205,60.98%,49,71,120
"District Judge, 80th Judicial District",0851,2192,816,3008,4317,69.68%,1913,937,2850
"District Judge, 80th Judicial District",0852,0,4,4,2,200.00%,0,4,4
"District Judge, 80th Judicial District",0853,1412,605,2017,2773,72.74%,1493,412,1905
"District Judge, 80th Judicial District",0854,41,30,71,175,40.57%,6,63,69
"District Judge, 80th Judicial District",0855,4,13,17,18,94.44%,9,8,17
"District Judge, 80th Judicial District",0856,0,4,4,0,0.00%,1,2,3
"District Judge, 80th Judicial District",0857,0,0,0,1,0.00%,0,0,0
"District Judge, 80th Judicial District",0858,132,18,150,372,40.32%,4,141,145
"District Judge, 80th Judicial District",0859,309,201,510,860,59.30%,100,397,497
"District Judge, 80th Judicial District",0860,0,1,1,0,0.00%,1,0,1
"District Judge, 80th Judicial District",0861,705,319,1024,1786,57.33%,177,818,995
"District Judge, 80th Judicial District",0862,0,0,0,0,0.00%,0,0,0
"District Judge, 80th Judicial District",0863,210,69,279,620,45.00%,9,262,271
"District Judge, 80th Judicial District",0864,497,609,1106,2464,44.89%,264,777,1041
"District Judge, 80th Judicial District",0865,9,2,11,23,47.83%,0,11,11
"District Judge, 80th Judicial District",0866,0,0,0,0,0.00%,0,0,0
"District Judge, 80th Judicial District",0867,0,0,0,0,0.00%,0,0,0
"District Judge, 80th Judicial District",0868,573,586,1159,2292,50.57%,337,764,1101
"District Judge, 80th Judicial District",0869,153,76,229,473,48.41%,30,187,217
"District Judge, 80th Judicial District",0870,0,0,0,0,0.00%,0,0,0
"District Judge, 80th Judicial District",0871,3,0,3,4,75.00%,0,3,3
"District Judge, 80th Judicial District",0872,13,5,18,66,27.27%,10,6,16
"District Judge, 80th Judicial District",0873,253,125,378,701,53.92%,90,283,373
"District Judge, 80th Judicial District",0874,1534,748,2282,3107,73.45%,1695,472,2167
"District Judge, 80th Judicial District",0875,1719,927,2646,4031,65.64%,1243,1294,2537
"District Judge, 80th Judicial District",0876,1629,639,2268,3013,75.27%,1608,560,2168
"District Judge, 80th Judicial District",0877,1030,542,1672,2480,67.42%,688,929,1617
"District Judge, 80th Judicial District",0878,853,350,1203,1641,73.31%,979,166,1145
"District Judge, 80th Judicial District",0879,890,527,1417,2334,60.71%,642,715,1357
"District Judge, 80th Judicial District",0880,1068,472,1540,2007,76.73%,1141,317,1458
"District Judge, 80th Judicial District",0881,1510,877,2387,3619,65.96%,746,1552,2298
"District Judge, 80th Judicial District",0882,940,457,1397,2328,60.01%,759,576,1335
"District Judge, 80th Judicial District",0883,1918,1042,2960,4651,63.64%,514,2352,2866
"District Judge, 80th Judicial District",0884,118,37,155,330,46.97%,20,129,149
"District Judge, 80th Judicial District",0885,1222,541,1763,2466,71.49%,1025,648,1673
"District Judge, 80th Judicial District",0886,301,154,455,713,63.81%,225,186,411
"District Judge, 80th Judicial District",0887,138,83,221,313,70.61%,120,76,196
"District Judge, 80th Judicial District",0888,0,0,0,0,0.00%,0,0,0
"District Judge, 80th Judicial District",0889,22,0,22,61,36.07%,12,9,21
"District Judge, 80th Judicial District",0890,319,118,437,994,43.96%,153,253,406
"District Judge, 80th Judicial District",0891,539,392,931,1413,65.89%,342,523,865
"District Judge, 80th Judicial District",0892,193,130,323,696,46.41%,87,210,297
"District Judge, 80th Judicial District",0893,1,0,1,5,20.00%,0,1,1
"District Judge, 80th Judicial District",0894,0,31,31,0,0.00%,9,19,28
"District Judge, 80th Judicial District",0895,335,325,660,784,84.18%,247,341,588
"District Judge, 80th Judicial District",0896,670,303,973,1437,67.71%,349,537,886
"District Judge, 80th Judicial District",0897,742,375,1117,1624,68.78%,605,460,1065
"District Judge, 80th Judicial District",0898,0,0,0,2,0.00%,0,0,0
"District Judge, 80th Judicial District",0899,4,0,4,8,50.00%,1,3,4
"District Judge, 80th Judicial District",0900,5,0,5,12,41.67%,1,3,4
"District Judge, 80th Judicial District",0901,0,0,0,0,0.00%,0,0,0
"District Judge, 80th Judicial District",0902,865,621,1486,2065,71.96%,831,536,1367
"District Judge, 80th Judicial District",0903,10,1,11,41,26.83%,6,4,10
"District Judge, 80th Judicial District",0904,0,1,1,1,100.00%,0,1,1
"District Judge, 80th Judicial District",0905,290,168,458,908,50.44%,172,244,416
"District Judge, 80th Judicial District",0906,12,6,18,26,69.23%,9,8,17
"District Judge, 80th Judicial District",0907,60,43,103,134,76.87%,24,77,101
"District Judge, 80th Judicial District",0908,0,0,0,0,0.00%,0,0,0
"District Judge, 80th Judicial District",0909,5,7,12,19,63.16%,5,6,11
"District Judge, 80th Judicial District",0910,55,34,89,226,39.38%,31,51,82
"District Judge, 80th Judicial District",0911,227,79,306,570,53.68%,195,90,285
"District Judge, 80th Judicial District",0912,675,221,896,1235,72.55%,543,289,832
"District Judge, 80th Judicial District",0913,0,0,0,0,0.00%,0,0,0
"District Judge, 80th Judicial District",0914,169,67,236,221,106.79%,177,46,223
"District Judge, 80th Judicial District",0915,0,0,0,0,0.00%,0,0,0
"District Judge, 80th Judicial District",0916,604,182,786,1045,75.22%,629,120,749
"District Judge, 80th Judicial District",0917,280,137,417,481,86.69%,283,100,383
"District Judge, 80th Judicial District",0918,489,135,624,883,70.67%,460,122,582
"District Judge, 80th Judicial District",0919,0,3,3,3,100.00%,1,2,3
"District Judge, 80th Judicial District",0920,6,0,6,13,46.15%,6,0,6
"District Judge, 80th Judicial District",0921,71,9,80,87,91.95%,61,18,79
"District Judge, 80th Judicial District",0922,0,2,2,0,0.00%,1,1,2
"District Judge, 80th Judicial District",0923,663,87,750,826,90.80%,563,158,721
"District Judge, 80th Judicial District",0924,0,0,0,0,0.00%,0,0,0
"District Judge, 80th Judicial District",0925,0,0,0,0,0.00%,0,0,0
"District Judge, 80th Judicial District",0926,351,1,20,481,621,77.46%,356,98,454
"District Judge, 80th Judicial District",0927,84,74,158,262,60.31%,76,73,149
"District Judge, 80th Judicial District",0928,4,2,6,9,66.67%,0,6,6
"District Judge, 80th Judicial District",0929,0,0,0,0,0.00%,0,0,0
"District Judge, 80th Judicial District",0930,200,77,277,567,48.85%,4,264,268
"District Judge, 80th Judicial District",0931,48,53,101,122,82.79%,45,42,87
"District Judge, 80th Judicial District",0932,0,5,5,0,0.00%,1,4,5
"District Judge, 80th Judicial District",0933,233,1,21,354,566,62.54%,89,248,337
"District Judge, 80th Judicial District",0934,12,1,13,41,31.71%,6,7,13
"District Judge, 80th Judicial District",0935,8,17,25,65,38.46%,12,12,24
"District Judge, 80th Judicial District",0936,12,10,22,70,31.43%,6,13,19
"District Judge, 80th Judicial District",0937,0,0,0,0,0.00%,0,0,0
"District Judge, 80th Judicial District",0938,73,14,87,256,33.98%,23,60,83
"District Judge, 80th Judicial District",0939,1,0,1,1,100.00%,0,1,1
"District Judge, 80th Judicial District",0940,1,0,1,13,7.69%,0,1,1
"District Judge, 80th Judicial District",0941,13,9,22,25,88.00%,18,4,22
"District Judge, 80th Judicial District",0942,68,24,92,159,57.86%,67,18,85
"District Judge, 80th Judicial District",0943,296,63,359,536,66.98%,229,98,327
"District Judge, 80th Judicial District",0944,30,6,36,39,92.31%,30,4,34
"District Judge, 80th Judicial District",0945,4,7,11,16,68.75%,1,8,9
"District Judge, 80th Judicial District",0946,3,3,6,14,42.86%,0,4,4
"District Judge, 80th Judicial District",0947,320,292,612,822,74.45%,299,245,544
"District Judge, 80th Judicial District",0948,0,0,0,0,0.00%,0,0,0
"District Judge, 80th Judicial District",0949,59,37,96,201,47.76%,43,48,91
"District Judge, 80th Judicial District",0950,0,0,0,0,0.00%,0,0,0
"District Judge, 80th Judicial District",0951,79,44,123,218,56.42%,25,94,119
"District Judge, 80th Judicial District",0952,24,16,40,70,57.14%,18,19,37
"District Judge, 80th Judicial District",0953,59,52,111,420,26.43%,6,104,110
"District Judge, 80th Judicial District",0954,0,0,0,0,0.00%,0,0,0
"District Judge, 80th Judicial District",0955,5,20,25,18,138.89%,15,8,23
"District Judge, 80th Judicial District",0956,5,2,7,12,58.33%,4,3,7
"District Judge, 80th Judicial District",0957,261,115,376,551,68.24%,58,305,363
"District Judge, 80th Judicial District",0958,289,266,555,989,56.12%,119,406,525
"District Judge, 80th Judicial District",0959,0,4,4,0,0.00%,0,4,4
"District Judge, 80th Judicial District",0960,362,143,505,586,86.18%,133,355,488
"District Judge, 80th Judicial District",0961,23,11,34,53,64.15%,7,27,34
"District Judge, 80th Judicial District",0962,24,13,37,73,50.68%,8,25,33
"District Judge, 80th Judicial District",0963,129,69,198,353,56.09%,106,80,186
"District Judge, 80th Judicial District",0964,945,447,1392,1571,88.61%,831,505,1336
"District Judge, 80th Judicial District",0965,93,27,120,355,33.80%,76,37,113
"District Judge, 80th Judicial District",0966,305,160,465,1073,43.34%,124,316,440
"District Judge, 80th Judicial District",0967,48,15,63,98,64.29%,27,35,62
"District Judge, 80th Judicial District",0968,243,83,326,517,63.06%,61,255,316
"District Judge, 80th Judicial District",0969,335,82,417,584,71.40%,3,399,402
"District Judge, 80th Judicial District",0970,212,76,288,704,40.91%,30,238,268
"District Judge, 80th Judicial District",0971,27,21,48,129,37.21%,1,46,47
"District Judge, 80th Judicial District",0972,10,7,17,29,58.62%,11,6,17
"District Judge, 80th Judicial District",0973,49,24,73,107,68.22%,35,33,68
"District Judge, 80th Judicial District",0974,100,71,171,299,57.19%,108,54,162
"District Judge, 80th Judicial District",0975,72,41,113,170,66.47%,52,52,104
"District Judge, 80th Judicial District",0976,159,131,290,684,42.40%,163,105,268
"District Judge, 80th Judicial District",0977,104,83,187,535,34.95%,66,111,177
"District Judge, 80th Judicial District",0978,201,102,303,506,59.88%,51,242,293
"District Judge, 80th Judicial District",0979,56,11,26,42.31%,11,0,11
"District Judge, 80th Judicial District",0980,595,356,951,1323,71.88%,674,218,892
"District Judge, 80th Judicial District",0981,0,0,0,0,0.00%,0,0,0
"District Judge, 80th Judicial District",0982,534,218,752,1021,73.65%,575,137,712
"District Judge, 80th Judicial District",0983,41,28,69,165,41.82%,39,26,65
"District Judge, 80th Judicial District",0984,43,49,92,198,46.46%,7,82,89
"District Judge, 80th Judicial District",0985,172,67,239,336,71.13%,111,110,221
"District Judge, 80th Judicial District",0986,129,86,215,404,53.22%,19,182,201
"District Judge, 80th Judicial District",0987,465,191,656,1138,57.64%,49,585,634
"District Judge, 80th Judicial District",0988,44,21,65,111,58.56%,52,9,61
"District Judge, 80th Judicial District",0989,18,8,26,36,72.22%,12,13,25
"District Judge, 80th Judicial District",0990,37,15,52,154,33.77%,16,29,45
"District Judge, 80th Judicial District",0991,0,0,0,1,0.00%,0,0,0
"District Judge, 80th Judicial District",0992,309,202,511,1015,50.34%,278,208,486
"District Judge, 80th Judicial District",0993,272,91,363,551,65.88%,278,60,338
"District Judge, 80th Judicial District",0994,6,5,11,8,137.50%,2,8,10
"District Judge, 80th Judicial District",0995,596,190,786,1269,61.94%,30,724,754
"District Judge, 80th Judicial District",0996,297,125,422,699,60.37%,227,166,393
"District Judge, 80th Judicial District",0997,429,328,757,1439,52.61%,118,615,733
"District Judge, 80th Judicial District",0998,15,9,24,35,68.57%,16,7,23
"District Judge, 80th Judicial District",0999,30,16,46,65,70.77%,36,7,43
"District Judge, 80th Judicial District",1000,105,0,105,458,22.93%,18,81,99
"District Judge, 80th Judicial District",1001,496,294,790,1566,50.45%,151,593,744
"District Judge, 80th Judicial District",1002,464,314,778,1738,44.76%,82,662,744
"District Judge, 80th Judicial District",1003,0,0,0,1,0.00%,0,0,0
"District Judge, 80th Judicial District",1004,224,153,377,656,57.47%,185,146,331
"District Judge, 80th Judicial District",1005,0,0,0,0,0.00%,0,0,0
"District Judge, 80th Judicial District",1006,3,0,3,5,60.00%,3,0,3
"District Judge, 80th Judicial District",1007,555,295,850,1371,62.00%,197,623,820
"District Judge, 80th Judicial District",1008,86,21,107,150,71.33%,82,19,101
"District Judge, 80th Judicial District",1009,3,1,4,8,50.00%,4,0,4
"District Judge, 80th Judicial District",1010,124,74,198,317,62.46%,32,159,191
"District Judge, 80th Judicial District",1011,12,3,15,29,51.72%,4,8,12
"District Judge, 80th Judicial District",1012,395,318,713,1235,57.73%,189,498,687
"District Judge, 80th Judicial District",1013,8,14,22,60,36.67%,15,7,22
"District Judge, 80th Judicial District",1014,9,7,16,36,44.44%,4,12,16
"District Judge, 80th Judicial District",1015,11,7,18,29,62.07%,4,13,17
"District Judge, 80th Judicial District",1016,591,364,955,1626,58.73%,422,489,911
"District Judge, 80th Judicial District",1017,127,50,177,232,76.29%,46,123,169
"District Judge, 80th Judicial District",1018,209,92,301,468,64.32%,136,154,290
"District Judge, 80th Judicial District",1019,426,4,430,1518,28.33%,13,402,415
"District Judge, 80th Judicial District",1020,0,0,0,1,0.00%,0,0,0
"District Judge, 80th Judicial District",1021,1,0,1,2,50.00%,0,1,1
"District Judge, 80th Judicial District",1022,190,30,220,426,51.64%,170,40,210
"District Judge, 80th Judicial District",1023,894,401,1295,1964,65.94%,824,398,1222
"District Judge, 80th Judicial District",1024,113,77,190,259,73.36%,93,78,171
"District Judge, 80th Judicial District",1025,4,0,4,18,22.22%,1,3,4
"District Judge, 80th Judicial District",1026,0,0,0,0,0.00%,0,0,0
"District Judge, 80th Judicial District",1027,0,1,1,1,100.00%,0,0,0
"District Judge, 80th Judicial District",1028,0,1,1,0,0.00%,1,0,1
"District Judge, 80th Judicial District",1029,1021,641,1662,1802,92.23%,1268,297,1565
"District Judge, 80th Judicial District",1030,397,105,502,655,76.64%,429,52,481
"District Judge, 80th Judicial District",1031,3,3,6,6,100.00%,5,1,6
"District Judge, 80th Judicial District",1032,59,80,139,241,57.68%,99,30,129
"District Judge, 80th Judicial District",1033,0,0,0,0,0.00%,0,0,0
"District Judge, 80th Judicial District",1034,0,0,0,1,0.00%,0,0,0
"District Judge, 80th Judicial District",1035,24,13,37,139,26.62%,4,32,36
"District Judge, 80th Judicial District",1036,144,46,190,433,43.88%,145,35,180
"District Judge, 80th Judicial District",1037,27,16,43,73,58.90%,22,14,36
"District Judge, 80th Judicial District",1038,133,43,176,266,66.17%,11,162,173
"District Judge, 80th Judicial District",1039,3,5,8,20,40.00%,2,6,8
"District Judge, 80th Judicial District",1040,192,146,338,607,55.68%,177,140,317
"District Judge, 80th Judicial District",1041,0,0,0,0,0.00%,0,0,0
"District Judge, 80th Judicial District",1042,227,50,277,498,55.62%,78,194,272
"District Judge, 80th Judicial District",1043,12,2,14,31,45.16%,3,11,14
"District Judge, 80th Judicial District",1044,29,5,34,59,57.63%,8,25,33
"District Judge, 80th Judicial District",1045,611,321,932,1439,64.77%,121,782,903
"District Judge, 80th Judicial District",1046,19,18,37,54,68.52%,4,31,35
"District Judge, 80th Judicial District",1047,553,288,851,1242,68.52%,256,559,815
"District Judge, 80th Judicial District",1048,3,1,4,18,22.22%,2,2,4
"District Judge, 80th Judicial District",1049,57,71,128,266,48.12%,41,82,123
"District Judge, 80th Judicial District",1050,148,153,301,506,59.49%,63,224,287
"District Judge, 80th Judicial District",1,051,0,1,2,1,2,0,0.00%,9,3,1,2
"District Judge, 80th Judicial District",1052,0,2,2,0,0.00%,1,0,1
"District Judge, 80th Judicial District",1053,0,0,0,0,0.00%,0,0,0
"District Judge, 80th Judicial District",1054,0,0,0,1,0.00%,0,0,0
"District Judge, 80th Judicial District",1055,0,0,0,0,0.00%,0,0,0
"District Judge, 80th Judicial District",1056,4,0,4,6,66.67%,0,4,4
"District Judge, 80th Judicial District",1057,34,7,41,115,35.65%,2,35,37
"District Judge, 80th Judicial District",1058,540,246,786,1190,66.05%,121,638,759
"District Judge, 80th Judicial District",1059,7,3,10,23,43.48%,1,9,10
"District Judge, 80th Judicial District",1060,13,4,17,49,34.69%,9,8,17
"District Judge, 80th Judicial District",1061,665,300,965,1613,59.83%,512,410,922
"District Judge, 80th Judicial District",1062,59,25,85,168,50.60%,20,61,81
"District Judge, 80th Judicial District",1063,226,63,289,792,36.49%,31,249,280
"District Judge, 80th Judicial District",1064,45,1,46,120,38.33%,35,9,44
"District Judge, 80th Judicial District",Totals:,774640,427100,1201740,1942566,,557985,575687,1133672
