Office,Precinct,Early Ballots Cast,Election Ballots Cast,Total Ballots Cast,Registered Voters,Percent Turnout,REP Debra lbarra Mayfield,DEM Erica M. Graham,Totals
"Judge, County Court at Law No. 1, Unexpired Term",0001,806,516,1322,2155,61.35%,461,765,1226
"Judge, County Court at Law No. 1, Unexpired Term",0002,753,407,1160,1890,61.38%,560,512,1072
"Judge, County Court at Law No. 1, Unexpired Term",0003,660,474,1134,1519,74.65%,449,572,1021
"Judge, County Court at Law No. 1, Unexpired Term",0004,676,534,1210,1652,73.24%,458,651,1109
"Judge, County Court at Law No. 1, Unexpired Term",0005,472,518,990,1376,71.95%,378,510,888
"Judge, County Court at Law No. 1, Unexpired Term",0006,1251,929,2180,3616,60.29%,1189,890,2079
"Judge, County Court at Law No. 1, Unexpired Term",0007,495,124,619,1058,58.51%,15,588,603
"Judge, County Court at Law No. 1, Unexpired Term",0008,661,430,1091,1706,63.95%,548,471,1019
"Judge, County Court at Law No. 1, Unexpired Term",0009,472,382,854,1736,49.19%,181,613,794
"Judge, County Court at Law No. 1, Unexpired Term",0010,499,245,744,1722,43.21%,176,497,673
"Judge, County Court at Law No. 1, Unexpired Term",0011,418,335,753,1830,41.15%,129,567,696
"Judge, County Court at Law No. 1, Unexpired Term",0012,227,133,360,716,50.28%,184,164,348
"Judge, County Court at Law No. 1, Unexpired Term",0013,1140,443,1583,2823,56.08%,1037,458,1495
"Judge, County Court at Law No. 1, Unexpired Term",0014,758,606,1364,1848,73.81%,729,523,1252
"Judge, County Court at Law No. 1, Unexpired Term",0015,1144,1016,2160,2806,76.98%,1312,627,1939
"Judge, County Court at Law No. 1, Unexpired Term",0016,457,175,632,947,66.74%,297,278,575
"Judge, County Court at Law No. 1, Unexpired Term",0017,346,326,672,1105,60.81%,255,363,618
"Judge, County Court at Law No. 1, Unexpired Term",0018,550,483,1033,1396,74.00%,513,434,947
"Judge, County Court at Law No. 1, Unexpired Term",0019,423,261,684,995,68.74%,248,379,627
"Judge, County Court at Law No. 1, Unexpired Term",0020,678,470,1148,3074,37.35%,334,714,1048
"Judge, County Court at Law No. 1, Unexpired Term",0021,419,230,649,1013,64.07%,143,468,611
"Judge, County Court at Law No. 1, Unexpired Term",0022,888,554,1442,2524,57.13%,211,1168,1379
"Judge, County Court at Law No. 1, Unexpired Term",0023,99,65,164,512,32.03%,37,121,158
"Judge, County Court at Law No. 1, Unexpired Term",0024,225,121,346,611,56.63%,35,290,325
"Judge, County Court at Law No. 1, Unexpired Term",0025,244,304,548,1062,51.60%,23,505,528
"Judge, County Court at Law No. 1, Unexpired Term",0026,463,486,949,1843,51.49%,265,610,875
"Judge, County Court at Law No. 1, Unexpired Term",0027,821,695,1516,3005,50.45%,372,1034,1406
"Judge, County Court at Law No. 1, Unexpired Term",0028,1446,465,1911,2782,68.69%,1092,704,1796
"Judge, County Court at Law No. 1, Unexpired Term",0029,418,577,995,2659,37.42%,317,619,936
"Judge, County Court at Law No. 1, Unexpired Term",0030,798,588,1386,2034,68.14%,351,949,1300
"Judge, County Court at Law No. 1, Unexpired Term",0031,911,526,1437,2518,57.07%,30,1366,1396
"Judge, County Court at Law No. 1, Unexpired Term",0032,796,556,1352,2171,62.28%,639,577,1216
"Judge, County Court at Law No. 1, Unexpired Term",0033,1479,843,2322,3540,65.59%,935,1165,2100
"Judge, County Court at Law No. 1, Unexpired Term",0034,1012,749,1761,2676,65.81%,484,1159,1643
"Judge, County Court at Law No. 1, Unexpired Term",0035,4,0,4,12,33.33%,1,3,4
"Judge, County Court at Law No. 1, Unexpired Term",0036,993,479,1472,2868,51.32%,373,1009,1382
"Judge, County Court at Law No. 1, Unexpired Term",0037,801,479,1280,1885,67.90%,433,740,1173
"Judge, County Court at Law No. 1, Unexpired Term",0038,1241,673,1914,2703,70.81%,692,1034,1726
"Judge, County Court at Law No. 1, Unexpired Term",0039,1063,723,1786,2726,65.52%,523,1128,1651
"Judge, County Court at Law No. 1, Unexpired Term",0040,239,135,374,524,71.37%,199,129,328
"Judge, County Court at Law No. 1, Unexpired Term",0041,560,284,844,1197,70.51%,358,452,810
"Judge, County Court at Law No. 1, Unexpired Term",0042,505,139,644,1121,57.45%,10,607,617
"Judge, County Court at Law No. 1, Unexpired Term",0043,520,372,892,1644,54.26%,429,401,830
"Judge, County Court at Law No. 1, Unexpired Term",0044,492,314,806,1976,40.79%,166,576,742
"Judge, County Court at Law No. 1, Unexpired Term",0045,2434,1138,3572,6031,59.23%,593,2838,3431
"Judge, County Court at Law No. 1, Unexpired Term",0046,538,433,971,2468,39.34%,163,754,917
"Judge, County Court at Law No. 1, Unexpired Term",0047,535,345,880,1624,54.19%,21,842,863
"Judge, County Court at Law No. 1, Unexpired Term",0048,371,193,564,992,56.85%,48,493,541
"Judge, County Court at Law No. 1, Unexpired Term",0049,1228,559,1897,3144,60.34%,1301,503,1804
"Judge, County Court at Law No. 1, Unexpired Term",0050,1901,1110,3011,4762,63.23%,1525,1352,2877
"Judge, County Court at Law No. 1, Unexpired Term",0051,657,349,1006,1568,64.16%,710,242,952
"Judge, County Court at Law No. 1, Unexpired Term",0052,970,620,1590,2299,69.16%,796,647,1443
"Judge, County Court at Law No. 1, Unexpired Term",0053,1102,884,1986,2808,70.73%,867,917,1784
"Judge, County Court at Law No. 1, Unexpired Term",0054,606,402,1008,1408,71.59%,513,404,917
"Judge, County Court at Law No. 1, Unexpired Term",0055,441,394,835,1305,63.98%,329,429,758
"Judge, County Court at Law No. 1, Unexpired Term",0056,548,307,855,1285,66.54%,548,242,790
"Judge, County Court at Law No. 1, Unexpired Term",0057,1273,956,2229,3062,72.80%,948,1081,2029
"Judge, County Court at Law No. 1, Unexpired Term",0058,881,747,1628,2521,64.58%,690,814,1504
"Judge, County Court at Law No. 1, Unexpired Term",0059,914,751,1665,2283,72.93%,680,826,1506
"Judge, County Court at Law No. 1, Unexpired Term",0060,839,664,1503,2263,66.42%,434,933,1367
"Judge, County Court at Law No. 1, Unexpired Term",0061,435,528,963,2250,42.80%,242,666,908
"Judge, County Court at Law No. 1, Unexpired Term",0062,419,528,947,2190,43.24%,195,662,857
"Judge, County Court at Law No. 1, Unexpired Term",0063,674,400,1074,1784,60.20%,822,189,1011
"Judge, County Court at Law No. 1, Unexpired Term",0064,410,420,830,2090,39.71%,155,624,779
"Judge, County Court at Law No. 1, Unexpired Term",0065,404,532,936,2178,42.98%,175,704,879
"Judge, County Court at Law No. 1, Unexpired Term",0066,172,279,451,1090,41.38%,63,354,417
"Judge, County Court at Law No. 1, Unexpired Term",0067,664,574,1238,2742,45.15%,264,875,1139
"Judge, County Court at Law No. 1, Unexpired Term",0068,1198,486,1684,2782,60.53%,25,1600,1625
"Judge, County Court at Law No. 1, Unexpired Term",0069,218,284,502,1303,38.53%,78,368,446
"Judge, County Court at Law No. 1, Unexpired Term",0070,1633,726,2359,3142,75.08%,1450,713,2163
"Judge, County Court at Law No. 1, Unexpired Term",0071,1419,948,2367,3662,64.64%,1193,986,2179
"Judge, County Court at Law No. 1, Unexpired Term",0072,441,562,1003,1882,53.29%,277,641,918
"Judge, County Court at Law No. 1, Unexpired Term",0073,499,496,995,1494,66.60%,559,352,911
"Judge, County Court at Law No. 1, Unexpired Term",0074,2212,530,2742,3632,75.50%,2068,479,2547
"Judge, County Court at Law No. 1, Unexpired Term",0075,481,370,851,1329,64.03%,333,449,782
"Judge, County Court at Law No. 1, Unexpired Term",0076,814,559,1383,2328,59.41%,731,547,1278
"Judge, County Court at Law No. 1, Unexpired Term",0077,168,81,249,565,44.07%,52,181,233
"Judge, County Court at Law No. 1, Unexpired Term",0078,359,344,703,1479,47.53%,200,422,622
"Judge, County Court at Law No. 1, Unexpired Term",0079,511,717,1228,2959,41.50%,238,889,1127
"Judge, County Court at Law No. 1, Unexpired Term",0080,1159,481,1640,2712,60.47%,352,1200,1552
"Judge, County Court at Law No. 1, Unexpired Term",0081,540,309,849,1839,46.17%,262,527,789
"Judge, County Court at Law No. 1, Unexpired Term",0082,1353,816,2169,3284,66.05%,1583,479,2062
"Judge, County Court at Law No. 1, Unexpired Term",0083,2525,1181,3806,5598,67.99%,1767,1878,3645
"Judge, County Court at Law No. 1, Unexpired Term",0084,444,346,790,1389,56.88%,545,212,757
"Judge, County Court at Law No. 1, Unexpired Term",0085,730,548,1278,2079,61.47%,28,1190,1218
"Judge, County Court at Law No. 1, Unexpired Term",0086,1054,689,1743,2637,66.10%,799,799,1598
"Judge, County Court at Law No. 1, Unexpired Term",0087,1222,861,2083,2749,75.77%,1321,547,1868
"Judge, County Court at Law No. 1, Unexpired Term",0088,235,162,397,678,58.55%,246,135,381
"Judge, County Court at Law No. 1, Unexpired Term",0089,342,454,796,1104,72.10%,461,254,715
"Judge, County Court at Law No. 1, Unexpired Term",0090,1498,958,2456,3571,68.78%,1779,536,2315
"Judge, County Court at Law No. 1, Unexpired Term",0091,466,333,799,1248,64.02%,484,284,768
"Judge, County Court at Law No. 1, Unexpired Term",0092,1105,534,1639,2228,73.56%,1105,420,1525
"Judge, County Court at Law No. 1, Unexpired Term",0093,782,643,1425,3295,43.25%,503,816,1319
"Judge, County Court at Law No. 1, Unexpired Term",0094,148,104,252,537,46.93%,50,189,239
"Judge, County Court at Law No. 1, Unexpired Term",0095,1584,571,2355,3179,74.08%,1596,598,2194
"Judge, County Court at Law No. 1, Unexpired Term",0096,364,237,601,1241,48.43%,60,523,583
"Judge, County Court at Law No. 1, Unexpired Term",0097,2393,764,3157,4566,69.14%,2249,737,2986
"Judge, County Court at Law No. 1, Unexpired Term",0098,874,607,1481,2403,61.63%,1182,230,1412
"Judge, County Court at Law No. 1, Unexpired Term",0099,568,311,879,2040,43.09%,388,453,841
"Judge, County Court at Law No. 1, Unexpired Term",0100,427,324,751,1754,42.82%,328,387,715
"Judge, County Court at Law No. 1, Unexpired Term",0101,203,186,389,941,41.34%,83,295,378
"Judge, County Court at Law No. 1, Unexpired Term",0102,493,268,761,1910,39.84%,197,538,735
"Judge, County Court at Law No. 1, Unexpired Term",0103,1915,1065,2980,4751,62.72%,1522,1322,2844
"Judge, County Court at Law No. 1, Unexpired Term",0104,992,238,1230,1847,66.59%,24,1171,1195
"Judge, County Court at Law No. 1, Unexpired Term",0105,462,453,915,2153,42.50%,233,613,846
"Judge, County Court at Law No. 1, Unexpired Term",0106,49,37,86,284,30.28%,40,41,81
"Judge, County Court at Law No. 1, Unexpired Term",0107,412,441,853,1905,44.78%,135,684,819
"Judge, County Court at Law No. 1, Unexpired Term",0108,1193,514,1707,3229,52.86%,873,740,1613
"Judge, County Court at Law No. 1, Unexpired Term",0109,1160,430,1590,2884,55.13%,26,1515,1541
"Judge, County Court at Law No. 1, Unexpired Term",0110,1465,589,2054,2853,71.99%,1207,725,1932
"Judge, County Court at Law No. 1, Unexpired Term",0111,1868,848,2716,3638,74.66%,1972,572,2544
"Judge, County Court at Law No. 1, Unexpired Term",0112,1262,668,1930,2894,66.69%,1319,504,1823
"Judge, County Court at Law No. 1, Unexpired Term",0113,1125,590,1715,2537,67.60%,962,655,1617
"Judge, County Court at Law No. 1, Unexpired Term",0114,1454,546,2000,2650,75.47%,1540,374,1914
"Judge, County Court at Law No. 1, Unexpired Term",0115,598,305,903,1764,51.19%,98,776,874
"Judge, County Court at Law No. 1, Unexpired Term",0116,1626,747,2373,3014,78.73%,1800,423,2223
"Judge, County Court at Law No. 1, Unexpired Term",0117,398,452,860,1878,45.79%,346,466,812
"Judge, County Court at Law No. 1, Unexpired Term",0118,460,148,608,743,81.83%,478,85,563
"Judge, County Court at Law No. 1, Unexpired Term",0119,1924,1265,3189,4892,65.19%,2453,614,3067
"Judge, County Court at Law No. 1, Unexpired Term",0120,1197,632,1829,2986,61.25%,1066,634,1700
"Judge, County Court at Law No. 1, Unexpired Term",0121,193,244,437,679,64.36%,284,130,414
"Judge, County Court at Law No. 1, Unexpired Term",0122,895,349,1244,2199,56.57%,37,1159,1196
"Judge, County Court at Law No. 1, Unexpired Term",0123,440,350,790,1356,58.26%,227,497,724
"Judge, County Court at Law No. 1, Unexpired Term",0124,3522,1281,4803,5952,80.70%,3720,845,4565
"Judge, County Court at Law No. 1, Unexpired Term",0125,896,534,1430,2281,62.69%,810,554,1364
"Judge, County Court at Law No. 1, Unexpired Term",0126,1630,407,2037,2799,72.78%,1713,226,1939
"Judge, County Court at Law No. 1, Unexpired Term",0127,854,182,1036,1703,60.83%,703,280,983
"Judge, County Court at Law No. 1, Unexpired Term",0128,936,736,1672,2257,74.08%,1051,429,1480
"Judge, County Court at Law No. 1, Unexpired Term",0129,2294,1449,3743,5495,68.12%,2300,1191,3491
"Judge, County Court at Law No. 1, Unexpired Term",0130,1201,523,1724,2240,76.96%,1267,338,1605
"Judge, County Court at Law No. 1, Unexpired Term",0131,604,374,978,1721,56.83%,226,705,931
"Judge, County Court at Law No. 1, Unexpired Term",0132,1119,397,1516,2449,61.90%,26,1433,1459
"Judge, County Court at Law No. 1, Unexpired Term",0133,1083,940,2023,2605,77.66%,1213,610,1823
"Judge, County Court at Law No. 1, Unexpired Term",0134,419,392,811,1444,56.16%,349,409,758
"Judge, County Court at Law No. 1, Unexpired Term",0135,1424,634,2058,2750,74.84%,1311,570,1881
"Judge, County Court at Law No. 1, Unexpired Term",0136,981,451,1432,2111,67.84%,51,1322,1373
"Judge, County Court at Law No. 1, Unexpired Term",0137,305,193,498,740,67.30%,251,198,449
"Judge, County Court at Law No. 1, Unexpired Term",0138,661,259,920,1749,52.60%,21,861,882
"Judge, County Court at Law No. 1, Unexpired Term",0139,1290,747,2037,2746,74.18%,996,844,1840
"Judge, County Court at Law No. 1, Unexpired Term",0140,1311,683,1994,3104,64.24%,280,1585,1865
"Judge, County Court at Law No. 1, Unexpired Term",0141,181,143,324,872,37.16%,193,108,301
"Judge, County Court at Law No. 1, Unexpired Term",0142,212,171,383,870,44.02%,100,257,357
"Judge, County Court at Law No. 1, Unexpired Term",0143,2993,660,3653,4598,79.45%,2532,968,3500
"Judge, County Court at Law No. 1, Unexpired Term",0144,476,204,680,1143,59.49%,8,650,658
"Judge, County Court at Law No. 1, Unexpired Term",0145,663,245,908,1580,57.47%,14,874,888
"Judge, County Court at Law No. 1, Unexpired Term",0146,759,614,1373,1953,70.30%,593,669,1262
"Judge, County Court at Law No. 1, Unexpired Term",0147,1255,485,1740,2813,61.86%,198,1491,1689
"Judge, County Court at Law No. 1, Unexpired Term",0148,908,924,1832,2467,74.26%,804,842,1646
"Judge, County Court at Law No. 1, Unexpired Term",0149,2859,1322,4181,6103,68.51%,1829,2168,3997
"Judge, County Court at Law No. 1, Unexpired Term",0150,539,207,746,1212,61.55%,17,710,727
"Judge, County Court at Law No. 1, Unexpired Term",0151,316,148,464,846,54.85%,20,420,440
"Judge, County Court at Law No. 1, Unexpired Term",0152,483,602,1085,2701,40.17%,233,792,1025
"Judge, County Court at Law No. 1, Unexpired Term",0153,328,437,765,1755,43.59%,192,519,711
"Judge, County Court at Law No. 1, Unexpired Term",0154,593,360,953,2133,44.68%,211,647,858
"Judge, County Court at Law No. 1, Unexpired Term",0155,1957,834,2791,4087,68.29%,1869,760,2629
"Judge, County Court at Law No. 1, Unexpired Term",0156,1427,457,1884,3134,60.11%,48,1761,1809
"Judge, County Court at Law No. 1, Unexpired Term",0157,881,382,1263,2311,54.65%,37,1186,1223
"Judge, County Court at Law No. 1, Unexpired Term",0158,1304,435,1739,3016,57.66%,22,1678,1700
"Judge, County Court at Law No. 1, Unexpired Term",0159,313,187,500,976,51.23%,57,418,475
"Judge, County Court at Law No. 1, Unexpired Term",0160,246,140,386,688,56.10%,13,359,372
"Judge, County Court at Law No. 1, Unexpired Term",0161,395,190,585,1030,56.80%,10,556,566
"Judge, County Court at Law No. 1, Unexpired Term",0162,232,262,494,1249,39.55%,139,305,444
"Judge, County Court at Law No. 1, Unexpired Term",0163,778,635,1413,3054,46.27%,388,864,1252
"Judge, County Court at Law No. 1, Unexpired Term",0164,505,304,809,1434,56.42%,10,776,786
"Judge, County Court at Law No. 1, Unexpired Term",0165,918,557,1475,2284,64.58%,921,469,1390
"Judge, County Court at Law No. 1, Unexpired Term",0166,281,311,592,1016,58.27%,186,358,544
"Judge, County Court at Law No. 1, Unexpired Term",0167,5,2,7,23,30.43%,0,7,7
"Judge, County Court at Law No. 1, Unexpired Term",0168,188,126,314,519,60.50%,5,294,299
"Judge, County Court at Law No. 1, Unexpired Term",0169,1059,433,1492,2531,58.95%,25,1430,1455
"Judge, County Court at Law No. 1, Unexpired Term",0170,481,353,834,1887,44.20%,404,369,773
"Judge, County Court at Law No. 1, Unexpired Term",0171,514,294,808,1613,50.09%,28,749,777
"Judge, County Court at Law No. 1, Unexpired Term",0172,161,147,308,600,51.33%,98,182,280
"Judge, County Court at Law No. 1, Unexpired Term",0173,1798,619,2417,3105,77.84%,1817,479,2296
"Judge, County Court at Law No. 1, Unexpired Term",0174,1554,767,2321,3159,73.47%,1547,597,2144
"Judge, County Court at Law No. 1, Unexpired Term",0175,1064,867,1931,2506,77.06%,1005,733,1738
"Judge, County Court at Law No. 1, Unexpired Term",0176,626,530,1156,1581,73.12%,605,430,1035
"Judge, County Court at Law No. 1, Unexpired Term",0177,672,385,1057,1478,71.52%,633,347,980
"Judge, County Court at Law No. 1, Unexpired Term",0178,913,368,1281,1718,74.56%,850,316,1166
"Judge, County Court at Law No. 1, Unexpired Term",0179,449,321,770,1508,51.06%,345,369,714
"Judge, County Court at Law No. 1, Unexpired Term",0180,966,552,1518,2795,54.31%,37,1414,1451
"Judge, County Court at Law No. 1, Unexpired Term",0181,416,514,930,1968,47.26%,265,601,866
"Judge, County Court at Law No. 1, Unexpired Term",0182,1321,1081,2402,3289,73.03%,1424,713,2137
"Judge, County Court at Law No. 1, Unexpired Term",0183,970,943,1913,2451,78.05%,1269,462,1731
"Judge, County Court at Law No. 1, Unexpired Term",0184,214,256,470,969,48.50%,137,297,434
"Judge, County Court at Law No. 1, Unexpired Term",0185,592,494,1086,1910,56.86%,348,667,1015
"Judge, County Court at Law No. 1, Unexpired Term",0186,204,1,70,374,795,47.04%,44,306,350
"Judge, County Court at Law No. 1, Unexpired Term",0187,48,65,113,309,36.57%,29,80,109
"Judge, County Court at Law No. 1, Unexpired Term",0188,307,378,685,1616,42.39%,240,410,650
"Judge, County Court at Law No. 1, Unexpired Term",0189,492,473,965,1453,66.41%,504,369,873
"Judge, County Court at Law No. 1, Unexpired Term",0190,275,401,676,1720,39.30%,230,403,633
"Judge, County Court at Law No. 1, Unexpired Term",0191,196,313,509,1391,36.59%,174,311,485
"Judge, County Court at Law No. 1, Unexpired Term",0192,746,332,1078,2045,52.71%,32,1009,1041
"Judge, County Court at Law No. 1, Unexpired Term",0193,341,269,610,1050,58.10%,10,579,589
"Judge, County Court at Law No. 1, Unexpired Term",0194,704,504,1208,1735,69.63%,361,759,1120
"Judge, County Court at Law No. 1, Unexpired Term",0195,539,419,958,1721,55.67%,22,900,922
"Judge, County Court at Law No. 1, Unexpired Term",0196,121,55,176,323,54.49%,9,160,169
"Judge, County Court at Law No. 1, Unexpired Term",0197,1109,497,1606,2895,55.47%,31,1523,1554
"Judge, County Court at Law No. 1, Unexpired Term",0198,143,158,301,657,45.81%,7,283,290
"Judge, County Court at Law No. 1, Unexpired Term",0199,1407,773,2180,3159,69.01%,1625,438,2063
"Judge, County Court at Law No. 1, Unexpired Term",0200,1638,585,2223,3222,68.99%,1033,994,2027
"Judge, County Court at Law No. 1, Unexpired Term",0201,229,125,354,728,48.63%,12,332,344
"Judge, County Court at Law No. 1, Unexpired Term",0202,488,332,820,1479,55.44%,14,770,784
"Judge, County Court at Law No. 1, Unexpired Term",0203,266,156,422,900,46.89%,88,312,400
"Judge, County Court at Law No. 1, Unexpired Term",0204,1489,914,2403,3462,69.41%,1357,857,2214
"Judge, County Court at Law No. 1, Unexpired Term",0205,856,201,1057,1667,63.41%,20,1008,1028
"Judge, County Court at Law No. 1, Unexpired Term",0206,651,659,1310,2662,49.21%,403,816,1219
"Judge, County Court at Law No. 1, Unexpired Term",0207,409,310,719,1144,62.85%,261,396,657
"Judge, County Court at Law No. 1, Unexpired Term",0208,806,364,1170,2201,53.16%,292,799,1091
"Judge, County Court at Law No. 1, Unexpired Term",0209,0,4,4,0,0.00%,4,0,4
"Judge, County Court at Law No. 1, Unexpired Term",0210,1013,542,1555,2300,67.61%,170,1300,1470
"Judge, County Court at Law No. 1, Unexpired Term",0211,710,686,1396,2797,49.91%,482,812,1294
"Judge, County Court at Law No. 1, Unexpired Term",0212,218,314,532,1266,42.02%,91,415,506
"Judge, County Court at Law No. 1, Unexpired Term",0213,1603,939,2542,3308,76.84%,1950,396,2346
"Judge, County Court at Law No. 1, Unexpired Term",0214,798,544,1342,1795,74.76%,823,389,1212
"Judge, County Court at Law No. 1, Unexpired Term",0215,844,786,1630,2168,75.18%,1015,477,1492
"Judge, County Court at Law No. 1, Unexpired Term",0216,784,320,1104,1917,57.59%,77,981,1058
"Judge, County Court at Law No. 1, Unexpired Term",0217,1396,651,2047,2637,77.63%,1348,505,1853
"Judge, County Court at Law No. 1, Unexpired Term",0218,690,608,1298,2274,57.08%,390,797,1187
"Judge, County Court at Law No. 1, Unexpired Term",0219,1117,587,1704,2654,64.20%,128,1483,1611
"Judge, County Court at Law No. 1, Unexpired Term",0220,711,353,1064,2360,45.08%,706,289,995
"Judge, County Court at Law No. 1, Unexpired Term",0221,699,611,1310,2489,52.63%,526,672,1198
"Judge, County Court at Law No. 1, Unexpired Term",0222,1000,792,1792,2384,75.17%,870,711,1581
"Judge, County Court at Law No. 1, Unexpired Term",0223,1350,760,2110,3528,59.81%,591,1330,1921
"Judge, County Court at Law No. 1, Unexpired Term",0224,894,649,1543,2259,68.30%,729,669,1398
"Judge, County Court at Law No. 1, Unexpired Term",0225,1109,720,1829,3155,57.97%,757,978,1735
"Judge, County Court at Law No. 1, Unexpired Term",0226,529,545,1074,2393,44.88%,230,756,986
"Judge, County Court at Law No. 1, Unexpired Term",0227,947,451,1398,1767,79.12%,1061,215,1276
"Judge, County Court at Law No. 1, Unexpired Term",0228,583,165,748,1073,69.71%,29,690,719
"Judge, County Court at Law No. 1, Unexpired Term",0229,152,207,359,811,44.27%,100,239,339
"Judge, County Court at Law No. 1, Unexpired Term",0230,421,153,574,1096,52.37%,9,540,549
"Judge, County Court at Law No. 1, Unexpired Term",0231,562,471,1033,2219,46.55%,258,721,979
"Judge, County Court at Law No. 1, Unexpired Term",0232,685,546,1231,1696,72.58%,706,408,1114
"Judge, County Court at Law No. 1, Unexpired Term",0233,1826,1063,2889,4132,69.92%,1466,1173,2639
"Judge, County Court at Law No. 1, Unexpired Term",0234,2088,885,2973,3854,77.14%,2245,489,2734
"Judge, County Court at Law No. 1, Unexpired Term",0235,466,242,708,1305,54.25%,22,666,688
"Judge, County Court at Law No. 1, Unexpired Term",0236,779,342,1121,2144,52.29%,27,1045,1072
"Judge, County Court at Law No. 1, Unexpired Term",0237,793,441,1234,2181,56.58%,17,1188,1205
"Judge, County Court at Law No. 1, Unexpired Term",0238,640,422,1062,1901,55.87%,17,1007,1024
"Judge, County Court at Law No. 1, Unexpired Term",0239,765,357,1122,1997,56.18%,29,1058,1087
"Judge, County Court at Law No. 1, Unexpired Term",0240,1157,402,1559,2688,58.00%,18,1489,1507
"Judge, County Court at Law No. 1, Unexpired Term",0241,494,479,973,2296,42.38%,371,549,920
"Judge, County Court at Law No. 1, Unexpired Term",0242,363,323,686,1570,43.69%,350,300,650
"Judge, County Court at Law No. 1, Unexpired Term",0243,254,50,304,452,67.26%,2,294,296
"Judge, County Court at Law No. 1, Unexpired Term",0244,1100,656,1756,2912,60.30%,902,773,1675
"Judge, County Court at Law No. 1, Unexpired Term",0245,2340,1115,3455,5240,65.94%,2271,1033,3304
"Judge, County Court at Law No. 1, Unexpired Term",0246,1584,624,2208,2999,73.62%,1462,640,2102
"Judge, County Court at Law No. 1, Unexpired Term",0247,421,403,824,1607,51.28%,11,790,801
"Judge, County Court at Law No. 1, Unexpired Term",0248,408,405,813,2122,38.31%,181,588,769
"Judge, County Court at Law No. 1, Unexpired Term",0249,1028,481,1509,2676,56.39%,966,468,1434
"Judge, County Court at Law No. 1, Unexpired Term",0250,306,247,553,951,58.15%,9,536,545
"Judge, County Court at Law No. 1, Unexpired Term",0251,809,529,1338,2072,64.58%,49,1239,1288
"Judge, County Court at Law No. 1, Unexpired Term",0252,1111,356,1467,2350,62.43%,20,1407,1427
"Judge, County Court at Law No. 1, Unexpired Term",0253,923,325,1248,2252,55.42%,13,1214,1227
"Judge, County Court at Law No. 1, Unexpired Term",0254,220,282,502,1476,34.01%,116,349,465
"Judge, County Court at Law No. 1, Unexpired Term",0255,995,797,1792,2411,74.33%,831,819,1650
"Judge, County Court at Law No. 1, Unexpired Term",0256,1059,766,1825,3226,56.57%,682,995,1677
"Judge, County Court at Law No. 1, Unexpired Term",0257,553,571,1124,2403,46.77%,258,812,1070
"Judge, County Court at Law No. 1, Unexpired Term",0258,1577,888,2465,3286,75.02%,1767,476,2243
"Judge, County Court at Law No. 1, Unexpired Term",0259,1210,460,1670,2408,69.35%,24,1613,1637
"Judge, County Court at Law No. 1, Unexpired Term",0260,420,290,710,1187,59.81%,377,297,674
"Judge, County Court at Law No. 1, Unexpired Term",0261,176,133,309,749,41.26%,91,200,291
"Judge, County Court at Law No. 1, Unexpired Term",0262,1470,906,2376,4232,56.14%,1333,853,2186
"Judge, County Court at Law No. 1, Unexpired Term",0263,1785,719,2504,3319,75.44%,1822,566,2388
"Judge, County Court at Law No. 1, Unexpired Term",0264,936,639,1575,2939,53.59%,818,625,1443
"Judge, County Court at Law No. 1, Unexpired Term",0265,1936,674,2610,3617,72.16%,1905,490,2395
"Judge, County Court at Law No. 1, Unexpired Term",0266,552,542,1094,2119,51.63%,471,558,1029
"Judge, County Court at Law No. 1, Unexpired Term",0267,294,305,599,1346,44.50%,253,300,553
"Judge, County Court at Law No. 1, Unexpired Term",0268,931,810,1741,2387,72.94%,1031,518,1549
"Judge, County Court at Law No. 1, Unexpired Term",0269,1143,444,1587,1981,80.11%,1238,222,1460
"Judge, County Court at Law No. 1, Unexpired Term",0270,1401,870,2271,3517,64.57%,1261,838,2099
"Judge, County Court at Law No. 1, Unexpired Term",0271,1303,371,1674,2469,67.80%,16,1613,1629
"Judge, County Court at Law No. 1, Unexpired Term",0272,610,484,1094,2112,51.80%,405,624,1029
"Judge, County Court at Law No. 1, Unexpired Term",0273,1139,634,1773,2426,73.08%,1411,243,1654
"Judge, County Court at Law No. 1, Unexpired Term",0274,1049,364,1413,2063,68.49%,931,384,1315
"Judge, County Court at Law No. 1, Unexpired Term",0275,567,410,977,1730,56.47%,169,767,936
"Judge, County Court at Law No. 1, Unexpired Term",0276,1139,404,1543,2532,60.94%,11,1493,1504
"Judge, County Court at Law No. 1, Unexpired Term",0277,342,305,647,1473,43.92%,267,351,618
"Judge, County Court at Law No. 1, Unexpired Term",0278,756,607,1363,2405,56.67%,697,587,1284
"Judge, County Court at Law No. 1, Unexpired Term",0279,548,383,931,1899,49.03%,551,332,883
"Judge, County Court at Law No. 1, Unexpired Term",0280,303,360,663,1515,43.76%,226,387,613
"Judge, County Court at Law No. 1, Unexpired Term",0281,1087,903,1990,2610,76.25%,976,747,1723
"Judge, County Court at Law No. 1, Unexpired Term",0282,690,591,1281,1988,64.44%,750,458,1208
"Judge, County Court at Law No. 1, Unexpired Term",0283,0,0,0,0,0.00%,0,0,0
"Judge, County Court at Law No. 1, Unexpired Term",0284,1135,595,1730,3262,53.03%,635,1007,1642
"Judge, County Court at Law No. 1, Unexpired Term",0285,988,509,1497,2505,59.76%,103,1337,1440
"Judge, County Court at Law No. 1, Unexpired Term",0286,2657,1053,3710,5719,64.87%,315,3227,3542
"Judge, County Court at Law No. 1, Unexpired Term",0287,647,542,1189,1616,73.58%,617,479,1096
"Judge, County Court at Law No. 1, Unexpired Term",0288,1036,380,1416,2259,62.68%,20,1347,1367
"Judge, County Court at Law No. 1, Unexpired Term",0289,374,397,771,1510,51.06%,308,403,711
"Judge, County Court at Law No. 1, Unexpired Term",0290,577,429,1006,1567,64.20%,759,208,967
"Judge, County Court at Law No. 1, Unexpired Term",0291,541,298,839,1203,69.74%,399,376,775
"Judge, County Court at Law No. 1, Unexpired Term",0292,477,236,713,1272,56.05%,93,594,687
"Judge, County Court at Law No. 1, Unexpired Term",0293,620,557,1177,1733,67.92%,536,549,1085
"Judge, County Court at Law No. 1, Unexpired Term",0294,989,298,1287,2107,61.08%,8,1236,1244
"Judge, County Court at Law No. 1, Unexpired Term",0295,314,189,503,862,58.35%,6,484,490
"Judge, County Court at Law No. 1, Unexpired Term",0296,602,432,1034,1693,61.08%,575,358,933
"Judge, County Court at Law No. 1, Unexpired Term",0297,576,445,1021,1978,51.62%,376,567,943
"Judge, County Court at Law No. 1, Unexpired Term",0298,847,475,1322,2083,63.47%,712,512,1224
"Judge, County Court at Law No. 1, Unexpired Term",0299,328,213,541,1231,43.95%,166,339,505
"Judge, County Court at Law No. 1, Unexpired Term",0300,3013,922,3935,5040,78.08%,2967,718,3685
"Judge, County Court at Law No. 1, Unexpired Term",0301,450,655,1105,2397,46.10%,406,637,1043
"Judge, County Court at Law No. 1, Unexpired Term",0302,713,635,1348,2724,49.49%,696,566,1262
"Judge, County Court at Law No. 1, Unexpired Term",0303,1772,755,2527,3172,79.67%,1983,358,2341
"Judge, County Court at Law No. 1, Unexpired Term",0304,970,648,1618,2266,71.40%,901,563,1464
"Judge, County Court at Law No. 1, Unexpired Term",0305,1319,858,2177,3621,60.12%,783,1289,2072
"Judge, County Court at Law No. 1, Unexpired Term",0306,1013,323,1336,1847,72.33%,982,263,1245
"Judge, County Court at Law No. 1, Unexpired Term",0307,1242,876,2118,2931,72.26%,1457,538,1995
"Judge, County Court at Law No. 1, Unexpired Term",0308,444,238,682,1266,53.87%,180,458,638
"Judge, County Court at Law No. 1, Unexpired Term",0309,1385,612,1997,2529,78.96%,1576,293,1869
"Judge, County Court at Law No. 1, Unexpired Term",0310,517,348,965,1437,67.15%,633,259,892
"Judge, County Court at Law No. 1, Unexpired Term",0311,862,699,1561,2997,52.09%,675,717,1392
"Judge, County Court at Law No. 1, Unexpired Term",0312,1600,718,2318,3669,63.18%,1257,914,2171
"Judge, County Court at Law No. 1, Unexpired Term",0313,22,1,23,60,38.33%,12,8,20
"Judge, County Court at Law No. 1, Unexpired Term",0314,2494,1221,3715,5225,71.10%,2220,1325,3545
"Judge, County Court at Law No. 1, Unexpired Term",0315,711,479,1190,1618,73.55%,696,390,1086
"Judge, County Court at Law No. 1, Unexpired Term",0316,682,411,1093,1522,71.81%,602,390,992
"Judge, County Court at Law No. 1, Unexpired Term",0317,551,336,887,1469,60.38%,258,583,841
"Judge, County Court at Law No. 1, Unexpired Term",0318,1708,611,2319,3531,65.68%,91,2137,2228
"Judge, County Court at Law No. 1, Unexpired Term",0319,965,290,1255,2081,60.31%,77,1126,1203
"Judge, County Court at Law No. 1, Unexpired Term",0320,464,300,764,1505,50.76%,326,390,716
"Judge, County Court at Law No. 1, Unexpired Term",0321,442,305,748,2029,36.87%,246,459,705
"Judge, County Court at Law No. 1, Unexpired Term",0322,397,237,634,1322,47.96%,161,451,612
"Judge, County Court at Law No. 1, Unexpired Term",0323,482,332,814,1719,47.35%,328,425,753
"Judge, County Court at Law No. 1, Unexpired Term",0324,967,718,1685,2339,72.04%,1061,472,1533
"Judge, County Court at Law No. 1, Unexpired Term",0325,656,397,1053,2251,46.78%,234,763,997
"Judge, County Court at Law No. 1, Unexpired Term",0326,202,128,330,678,48.67%,127,169,296
"Judge, County Court at Law No. 1, Unexpired Term",0327,725,244,970,1751,55.40%,15,923,938
"Judge, County Court at Law No. 1, Unexpired Term",0328,344,270,614,1361,45.11%,225,356,581
"Judge, County Court at Law No. 1, Unexpired Term",0329,405,307,712,1367,52.08%,218,443,661
"Judge, County Court at Law No. 1, Unexpired Term",0330,590,376,966,1849,52.24%,427,468,895
"Judge, County Court at Law No. 1, Unexpired Term",0331,0,1,1,0,0.00%,1,0,1
"Judge, County Court at Law No. 1, Unexpired Term",0332,23,4,27,128,21.09%,11,14,25
"Judge, County Court at Law No. 1, Unexpired Term",0333,1018,939,1957,2901,67.46%,1367,480,1847
"Judge, County Court at Law No. 1, Unexpired Term",0334,255,114,369,755,48.87%,74,280,354
"Judge, County Court at Law No. 1, Unexpired Term",0335,285,246,531,1227,43.28%,156,317,473
"Judge, County Court at Law No. 1, Unexpired Term",0336,1818,588,2406,3161,76.12%,205,2120,2325
"Judge, County Court at Law No. 1, Unexpired Term",0337,309,207,516,951,54.26%,84,417,501
"Judge, County Court at Law No. 1, Unexpired Term",0338,1540,824,2364,4673,50.59%,643,1567,2210
"Judge, County Court at Law No. 1, Unexpired Term",0339,369,373,742,1716,43.24%,161,519,680
"Judge, County Court at Law No. 1, Unexpired Term",0340,1778,833,2611,3717,70.24%,1894,547,2441
"Judge, County Court at Law No. 1, Unexpired Term",0341,246,316,562,1248,45.03%,136,395,531
"Judge, County Court at Law No. 1, Unexpired Term",0342,2029,1113,3142,5718,54.95%,437,2607,3044
"Judge, County Court at Law No. 1, Unexpired Term",0343,436,483,919,1904,48.27%,226,600,826
"Judge, County Court at Law No. 1, Unexpired Term",0344,395,245,640,1207,53.02%,23,589,612
"Judge, County Court at Law No. 1, Unexpired Term",0345,428,357,785,1708,45.96%,161,574,735
"Judge, County Court at Law No. 1, Unexpired Term",0346,1,2,3,1,300.00%,3,0,3
"Judge, County Court at Law No. 1, Unexpired Term",0347,1250,614,1864,3299,56.50%,1132,636,1768
"Judge, County Court at Law No. 1, Unexpired Term",0348,751,280,1031,1740,59.25%,715,260,975
"Judge, County Court at Law No. 1, Unexpired Term",0349,405,407,812,1315,61.75%,459,302,761
"Judge, County Court at Law No. 1, Unexpired Term",0350,1112,780,1892,2906,65.11%,781,940,1721
"Judge, County Court at Law No. 1, Unexpired Term",0351,2495,793,3288,4537,72.47%,2576,581,3157
"Judge, County Court at Law No. 1, Unexpired Term",0352,1151,583,1734,3193,54.31%,1170,479,1649
"Judge, County Court at Law No. 1, Unexpired Term",0353,1544,703,2247,3697,60.78%,370,1786,2156
"Judge, County Court at Law No. 1, Unexpired Term",0354,1476,517,1993,3193,62.42%,440,1462,1902
"Judge, County Court at Law No. 1, Unexpired Term",0355,700,286,986,1384,71.24%,90,859,949
"Judge, County Court at Law No. 1, Unexpired Term",0356,1382,618,2000,2836,70.52%,1143,714,1857
"Judge, County Court at Law No. 1, Unexpired Term",0357,1633,709,2342,3371,69.47%,1690,518,2208
"Judge, County Court at Law No. 1, Unexpired Term",0358,740,464,1204,2297,52.42%,88,1066,1154
"Judge, County Court at Law No. 1, Unexpired Term",0359,706,482,1188,3008,39.49%,94,1052,1146
"Judge, County Court at Law No. 1, Unexpired Term",0360,969,515,1484,2190,67.76%,791,535,1326
"Judge, County Court at Law No. 1, Unexpired Term",0361,135,691,826,1585,52.11%,144,546,690
"Judge, County Court at Law No. 1, Unexpired Term",0362,2131,1200,3331,4952,67.27%,2360,786,3146
"Judge, County Court at Law No. 1, Unexpired Term",0363,1346,687,2033,3291,61.77%,880,1080,1960
"Judge, County Court at Law No. 1, Unexpired Term",0364,912,602,1514,2539,59.63%,755,679,1434
"Judge, County Court at Law No. 1, Unexpired Term",0365,734,245,979,1302,75.19%,82,860,942
"Judge, County Court at Law No. 1, Unexpired Term",0366,638,466,1104,2089,52.85%,233,831,1064
"Judge, County Court at Law No. 1, Unexpired Term",0367,328,212,540,1019,52.99%,95,425,520
"Judge, County Court at Law No. 1, Unexpired Term",0368,418,143,561,929,60.39%,150,394,544
"Judge, County Court at Law No. 1, Unexpired Term",0369,107,53,160,490,32.65%,60,94,154
"Judge, County Court at Law No. 1, Unexpired Term",0370,3143,1178,4321,5781,74.74%,3180,928,4108
"Judge, County Court at Law No. 1, Unexpired Term",0371,226,69,295,475,62.11%,6,282,288
"Judge, County Court at Law No. 1, Unexpired Term",0372,498,231,729,1215,60.00%,82,612,694
"Judge, County Court at Law No. 1, Unexpired Term",0373,61,16,77,159,48.43%,1,74,75
"Judge, County Court at Law No. 1, Unexpired Term",0374,139,187,326,748,43.58%,99,211,310
"Judge, County Court at Law No. 1, Unexpired Term",0375,577,524,1101,2607,42.23%,426,607,1033
"Judge, County Court at Law No. 1, Unexpired Term",0376,629,334,963,1916,50.26%,385,520,905
"Judge, County Court at Law No. 1, Unexpired Term",0377,1055,707,1762,2871,61.37%,1278,363,1641
"Judge, County Court at Law No. 1, Unexpired Term",0378,559,521,1080,1777,60.78%,662,370,1032
"Judge, County Court at Law No. 1, Unexpired Term",0379,800,338,1138,2017,56.42%,81,1005,1086
"Judge, County Court at Law No. 1, Unexpired Term",0380,2500,1183,3683,4753,77.49%,2049,1433,3482
"Judge, County Court at Law No. 1, Unexpired Term",0381,957,424,1381,2715,50.87%,540,771,1311
"Judge, County Court at Law No. 1, Unexpired Term",0382,276,231,507,841,60.29%,342,141,483
"Judge, County Court at Law No. 1, Unexpired Term",0383,599,493,1092,2076,52.60%,332,702,1034
"Judge, County Court at Law No. 1, Unexpired Term",0384,1172,505,1677,2596,64.60%,318,1284,1602
"Judge, County Court at Law No. 1, Unexpired Term",0385,1099,621,1720,2175,79.08%,1295,291,1586
"Judge, County Court at Law No. 1, Unexpired Term",0386,1464,460,1924,2872,66.99%,1343,493,1836
"Judge, County Court at Law No. 1, Unexpired Term",0387,1369,802,2171,3727,58.25%,1451,604,2055
"Judge, County Court at Law No. 1, Unexpired Term",0388,2780,1222,4002,5329,75.10%,2206,1611,3817
"Judge, County Court at Law No. 1, Unexpired Term",0389,283,261,544,975,55.79%,82,417,499
"Judge, County Court at Law No. 1, Unexpired Term",0390,644,368,1012,1565,64.66%,117,846,963
"Judge, County Court at Law No. 1, Unexpired Term",0391,856,355,1211,1805,67.09%,778,368,1146
"Judge, County Court at Law No. 1, Unexpired Term",0392,737,197,934,1441,64.82%,8,902,910
"Judge, County Court at Law No. 1, Unexpired Term",0393,346,318,664,1206,55.06%,282,336,618
"Judge, County Court at Law No. 1, Unexpired Term",0394,166,176,342,860,39.77%,136,185,321
"Judge, County Court at Law No. 1, Unexpired Term",0395,830,491,1321,1820,72.58%,896,329,1225
"Judge, County Court at Law No. 1, Unexpired Term",0396,1157,219,1376,2073,66.38%,12,1322,1334
"Judge, County Court at Law No. 1, Unexpired Term",0397,163,148,311,750,41.47%,119,170,289
"Judge, County Court at Law No. 1, Unexpired Term",0398,1438,840,2278,3816,59.70%,1093,1084,2177
"Judge, County Court at Law No. 1, Unexpired Term",0399,896,593,1489,2542,58.58%,720,709,1429
"Judge, County Court at Law No. 1, Unexpired Term",0400,1048,506,1554,2238,69.44%,1101,361,1462
"Judge, County Court at Law No. 1, Unexpired Term",0401,723,284,1007,1876,53.68%,41,942,983
"Judge, County Court at Law No. 1, Unexpired Term",0402,891,245,1136,1737,65.40%,51,1050,1101
"Judge, County Court at Law No. 1, Unexpired Term",0403,791,527,1318,1703,77.39%,733,444,1177
"Judge, County Court at Law No. 1, Unexpired Term",0404,778,552,1330,2589,51.37%,667,597,1264
"Judge, County Court at Law No. 1, Unexpired Term",0405,0,1,1,0,0.00%,0,1,1
"Judge, County Court at Law No. 1, Unexpired Term",0406,281,72,353,610,57.87%,4,332,336
"Judge, County Court at Law No. 1, Unexpired Term",0407,1317,1000,2317,3652,63.44%,1440,711,2151
"Judge, County Court at Law No. 1, Unexpired Term",0408,154,179,333,933,35.69%,136,175,311
"Judge, County Court at Law No. 1, Unexpired Term",0409,277,289,566,1371,41.28%,167,364,531
"Judge, County Court at Law No. 1, Unexpired Term",0410,337,102,439,849,51.71%,78,345,423
"Judge, County Court at Law No. 1, Unexpired Term",0411,542,462,1004,2302,43.61%,292,644,936
"Judge, County Court at Law No. 1, Unexpired Term",0412,193,74,267,433,61.66%,11,247,258
"Judge, County Court at Law No. 1, Unexpired Term",0413,1493,525,2018,3023,66.75%,744,1150,1894
"Judge, County Court at Law No. 1, Unexpired Term",0414,1452,593,2045,3457,59.16%,1421,479,1900
"Judge, County Court at Law No. 1, Unexpired Term",0415,950,633,1583,2124,74.53%,1077,404,1481
"Judge, County Court at Law No. 1, Unexpired Term",0416,1174,916,2090,3582,58.35%,1052,904,1956
"Judge, County Court at Law No. 1, Unexpired Term",0417,777,619,1396,2465,56.63%,604,710,1314
"Judge, County Court at Law No. 1, Unexpired Term",0418,1057,758,1815,3420,53.07%,655,1063,1718
"Judge, County Court at Law No. 1, Unexpired Term",0419,1006,578,1584,2697,58.73%,990,512,1502
"Judge, County Court at Law No. 1, Unexpired Term",0420,2174,1089,3263,4639,70.34%,2581,504,3085
"Judge, County Court at Law No. 1, Unexpired Term",0421,124,92,216,467,46.25%,45,162,207
"Judge, County Court at Law No. 1, Unexpired Term",0422,1456,585,2041,3345,61.02%,35,1949,1984
"Judge, County Court at Law No. 1, Unexpired Term",0423,190,309,499,894,55.82%,202,261,463
"Judge, County Court at Law No. 1, Unexpired Term",0424,435,1,57,592,888,66.67%,340,230,570
"Judge, County Court at Law No. 1, Unexpired Term",0425,227,234,461,875,52.69%,141,290,431
"Judge, County Court at Law No. 1, Unexpired Term",0426,415,283,698,1224,57.03%,371,258,629
"Judge, County Court at Law No. 1, Unexpired Term",0427,325,249,574,1115,51.48%,202,325,527
"Judge, County Court at Law No. 1, Unexpired Term",0428,1284,907,2191,4316,50.76%,624,1419,2043
"Judge, County Court at Law No. 1, Unexpired Term",0429,1091,777,1868,3929,47.54%,348,1380,1728
"Judge, County Court at Law No. 1, Unexpired Term",0430,403,335,738,1654,44.62%,138,536,674
"Judge, County Court at Law No. 1, Unexpired Term",0431,819,403,1222,3188,38.33%,306,832,1138
"Judge, County Court at Law No. 1, Unexpired Term",0432,311,271,582,1344,43.30%,153,398,551
"Judge, County Court at Law No. 1, Unexpired Term",0433,139,106,245,573,42.76%,42,189,231
"Judge, County Court at Law No. 1, Unexpired Term",0434,628,371,999,1386,72.08%,625,295,920
"Judge, County Court at Law No. 1, Unexpired Term",0435,1534,768,2302,3097,74.33%,1493,640,2133
"Judge, County Court at Law No. 1, Unexpired Term",0436,1334,709,2043,3012,67.83%,1179,697,1876
"Judge, County Court at Law No. 1, Unexpired Term",0437,951,542,1493,2007,74.39%,1037,345,1382
"Judge, County Court at Law No. 1, Unexpired Term",0438,1046,387,1433,1802,79.52%,1055,250,1305
"Judge, County Court at Law No. 1, Unexpired Term",0439,1526,905,2431,3416,71.17%,1696,544,2240
"Judge, County Court at Law No. 1, Unexpired Term",0440,1326,876,2202,2867,76.81%,1704,304,2008
"Judge, County Court at Law No. 1, Unexpired Term",0441,698,513,1211,1616,74.94%,882,245,1127
"Judge, County Court at Law No. 1, Unexpired Term",0442,1366,513,1879,2504,75.04%,1510,262,1772
"Judge, County Court at Law No. 1, Unexpired Term",0443,335,148,483,605,79.83%,345,100,445
"Judge, County Court at Law No. 1, Unexpired Term",0444,1258,731,1989,3172,62.70%,1177,659,1836
"Judge, County Court at Law No. 1, Unexpired Term",0445,860,443,1303,1938,67.23%,796,423,1219
"Judge, County Court at Law No. 1, Unexpired Term",0446,70,52,122,268,45.52%,46,70,116
"Judge, County Court at Law No. 1, Unexpired Term",0447,271,108,379,583,65.01%,123,225,348
"Judge, County Court at Law No. 1, Unexpired Term",0448,1239,869,2108,3081,68.42%,1212,707,1919
"Judge, County Court at Law No. 1, Unexpired Term",0449,62,37,99,164,60.37%,11,81,92
"Judge, County Court at Law No. 1, Unexpired Term",0450,856,537,1393,2622,53.13%,344,985,1329
"Judge, County Court at Law No. 1, Unexpired Term",0451,1575,515,2090,2674,78.16%,1675,303,1978
"Judge, County Court at Law No. 1, Unexpired Term",0452,1109,639,1748,2810,62.21%,1268,409,1677
"Judge, County Court at Law No. 1, Unexpired Term",0453,559,475,1034,1885,54.85%,334,639,973
"Judge, County Court at Law No. 1, Unexpired Term",0454,1226,311,1537,2571,59.78%,10,1485,1495
"Judge, County Court at Law No. 1, Unexpired Term",0455,748,216,964,1679,57.42%,26,903,929
"Judge, County Court at Law No. 1, Unexpired Term",0456,1266,593,1859,3350,55.49%,952,799,1751
"Judge, County Court at Law No. 1, Unexpired Term",0457,0,0,0,0,0.00%,0,0,0
"Judge, County Court at Law No. 1, Unexpired Term",0458,908,271,1179,1893,62.28%,50,1092,1142
"Judge, County Court at Law No. 1, Unexpired Term",0459,1637,476,2113,2950,71.63%,1640,353,1993
"Judge, County Court at Law No. 1, Unexpired Term",0460,1250,402,1652,2346,70.42%,419,1165,1584
"Judge, County Court at Law No. 1, Unexpired Term",0461,1958,828,2786,3733,74.63%,1800,760,2560
"Judge, County Court at Law No. 1, Unexpired Term",0462,1318,865,2183,3367,64.84%,764,1264,2028
"Judge, County Court at Law No. 1, Unexpired Term",0463,1124,656,1780,2962,60.09%,692,997,1689
"Judge, County Court at Law No. 1, Unexpired Term",0464,786,612,1398,2126,65.76%,931,384,1315
"Judge, County Court at Law No. 1, Unexpired Term",0465,1465,702,2167,3343,64.82%,1112,977,2089
"Judge, County Court at Law No. 1, Unexpired Term",0466,2052,729,2781,4072,68.30%,1526,1139,2665
"Judge, County Court at Law No. 1, Unexpired Term",0467,478,229,707,1230,57.48%,163,506,669
"Judge, County Court at Law No. 1, Unexpired Term",0468,984,793,1777,3354,52.98%,489,1185,1674
"Judge, County Court at Law No. 1, Unexpired Term",0469,2039,638,2677,3779,70.84%,2029,480,2509
"Judge, County Court at Law No. 1, Unexpired Term",0470,443,323,766,1349,56.78%,522,198,720
"Judge, County Court at Law No. 1, Unexpired Term",0471,792,597,1389,2349,59.13%,1027,294,1321
"Judge, County Court at Law No. 1, Unexpired Term",0472,370,337,707,1027,68.84%,336,295,631
"Judge, County Court at Law No. 1, Unexpired Term",0473,914,442,1356,1827,74.22%,916,342,1258
"Judge, County Court at Law No. 1, Unexpired Term",0474,1146,766,1912,3006,63.61%,1305,494,1799
"Judge, County Court at Law No. 1, Unexpired Term",0475,485,473,958,1651,58.03%,404,491,895
"Judge, County Court at Law No. 1, Unexpired Term",0476,809,658,1467,2412,60.82%,825,569,1394
"Judge, County Court at Law No. 1, Unexpired Term",0477,1441,742,2183,3195,68.33%,1599,477,2076
"Judge, County Court at Law No. 1, Unexpired Term",0478,1959,898,2857,4150,68.84%,1837,859,2696
"Judge, County Court at Law No. 1, Unexpired Term",0479,1298,588,1886,2648,71.22%,1350,446,1796
"Judge, County Court at Law No. 1, Unexpired Term",0480,936,555,1491,2267,65.77%,1026,376,1402
"Judge, County Court at Law No. 1, Unexpired Term",0481,1463,852,2315,3298,70.19%,1682,506,2188
"Judge, County Court at Law No. 1, Unexpired Term",0482,1963,836,2799,4129,67.79%,1890,780,2670
"Judge, County Court at Law No. 1, Unexpired Term",0483,1868,759,2627,4141,63.44%,1373,1103,2476
"Judge, County Court at Law No. 1, Unexpired Term",0484,2236,1008,3244,4594,70.61%,2269,808,3077
"Judge, County Court at Law No. 1, Unexpired Term",0485,2421,990,3411,4838,70.50%,2469,785,3254
"Judge, County Court at Law No. 1, Unexpired Term",0486,1843,805,2648,3572,74.13%,2026,492,2518
"Judge, County Court at Law No. 1, Unexpired Term",0487,1005,612,1617,3318,48.73%,459,1028,1487
"Judge, County Court at Law No. 1, Unexpired Term",0488,580,440,1020,1713,59.54%,334,602,936
"Judge, County Court at Law No. 1, Unexpired Term",0489,783,378,1161,1823,63.69%,327,765,1092
"Judge, County Court at Law No. 1, Unexpired Term",0490,876,439,1315,1944,67.64%,472,758,1230
"Judge, County Court at Law No. 1, Unexpired Term",0491,667,489,1156,1782,64.87%,645,416,1061
"Judge, County Court at Law No. 1, Unexpired Term",0492,1069,504,1573,2351,66.91%,807,648,1455
"Judge, County Court at Law No. 1, Unexpired Term",0493,858,400,1258,1804,69.73%,789,369,1158
"Judge, County Court at Law No. 1, Unexpired Term",0494,760,431,1191,2176,54.73%,139,1014,1153
"Judge, County Court at Law No. 1, Unexpired Term",0495,1120,494,1614,2284,70.67%,1120,390,1510
"Judge, County Court at Law No. 1, Unexpired Term",0496,496,571,1067,2086,51.15%,386,609,995
"Judge, County Court at Law No. 1, Unexpired Term",0497,1123,303,1426,2226,64.06%,54,1318,1372
"Judge, County Court at Law No. 1, Unexpired Term",0498,759,499,1258,2123,59.26%,517,678,1195
"Judge, County Court at Law No. 1, Unexpired Term",0499,1301,517,1818,2304,78.91%,1311,381,1692
"Judge, County Court at Law No. 1, Unexpired Term",0500,1507,746,2253,3175,70.96%,1513,615,2128
"Judge, County Court at Law No. 1, Unexpired Term",0501,653,487,1140,1647,69.22%,433,607,1040
"Judge, County Court at Law No. 1, Unexpired Term",0502,1150,332,1482,2364,62.69%,1093,302,1395
"Judge, County Court at Law No. 1, Unexpired Term",0503,359,273,632,1363,46.37%,192,390,582
"Judge, County Court at Law No. 1, Unexpired Term",0504,1129,538,1667,2197,75.88%,1090,470,1560
"Judge, County Court at Law No. 1, Unexpired Term",0505,1209,829,2038,3654,55.77%,877,1015,1892
"Judge, County Court at Law No. 1, Unexpired Term",0506,1470,801,2271,3380,67.19%,356,1822,2178
"Judge, County Court at Law No. 1, Unexpired Term",0507,582,385,967,2435,39.71%,145,685,830
"Judge, County Court at Law No. 1, Unexpired Term",0508,946,760,1706,3248,52.52%,535,1025,1560
"Judge, County Court at Law No. 1, Unexpired Term",0509,1340,864,2204,3536,62.33%,1507,576,2083
"Judge, County Court at Law No. 1, Unexpired Term",0510,1492,682,2174,3511,61.92%,945,1089,2034
"Judge, County Court at Law No. 1, Unexpired Term",0511,0,8,8,0,0.00%,1,5,8
"Judge, County Court at Law No. 1, Unexpired Term",0512,1558,1127,2885,4582,58.80%,1188,1371,2559
"Judge, County Court at Law No. 1, Unexpired Term",0513,1805,507,2112,2752,78.74%,1587,427,1994
"Judge, County Court at Law No. 1, Unexpired Term",0514,1988,880,2828,3941,71.71%,2039,853,2892
"Judge, County Court at Law No. 1, Unexpired Term",0515,1892,708,2400,3173,75.84%,1888,383,2271
"Judge, County Court at Law No. 1, Unexpired Term",0518,2179,1088,3245,4934,85.77%,1572,1485,3057
"Judge, County Court at Law No. 1, Unexpired Term",0517,1208,853,1881,3320,58.05%,950,804,1754
"Judge, County Court at Law No. 1, Unexpired Term",0518,1478,919,2397,3755,83.83%,1480,797,2257
"Judge, County Court at Law No. 1, Unexpired Term",0519,1234,845,1879,2951,83.87%,1325,459,1784
"Judge, County Court at Law No. 1, Unexpired Term",0520,1542,857,2399,4084,59.03%,388,1943,2311
"Judge, County Court at Law No. 1, Unexpired Term",0521,1011,894,1705,2725,82.57%,837,778,1815
"Judge, County Court at Law No. 1, Unexpired Term",0522,1171,858,1829,2882,88.20%,1338,389,1727
"Judge, County Court at Law No. 1, Unexpired Term",0523,1338,889,2027,3080,88.24%,1318,557,1873
"Judge, County Court at Law No. 1, Unexpired Term",0524,1237,875,1912,3292,58.08%,558,1281,1819
"Judge, County Court at Law No. 1, Unexpired Term",0525,1380,810,1990,2947,87.53%,388,1501,1889
"Judge, County Court at Law No. 1, Unexpired Term",0528,187,171,338,731,48.24%,87,233,320
"Judge, County Court at Law No. 1, Unexpired Term",0527,80,24,104,589,18.28%,43,55,98
"Judge, County Court at Law No. 1, Unexpired Term",0528,38,12,48,92,52.17%,3,44,47
"Judge, County Court at Law No. 1, Unexpired Term",0529,1987,441,2428,3818,87.15%,1984,321,2305
"Judge, County Court at Law No. 1, Unexpired Term",0530,259,235,494,1198,41.30%,108,353,459
"Judge, County Court at Law No. 1, Unexpired Term",0531,872,113,785,1094,71.78%,590,145,735
"Judge, County Court at Law No. 1, Unexpired Term",0532,452,184,838,1039,81.21%,424,185,809
"Judge, County Court at Law No. 1, Unexpired Term",0533,317,207,524,1089,49.02%,254,242,498
"Judge, County Court at Law No. 1, Unexpired Term",0534,1858,875,2333,3795,81.48%,1854,583,2217
"Judge, County Court at Law No. 1, Unexpired Term",0535,80,94,174,421,41.33%,81,102,183
"Judge, County Court at Law No. 1, Unexpired Term",0538,1332,1195,2527,4578,55.22%,922,1470,2392
"Judge, County Court at Law No. 1, Unexpired Term",0537,1454,823,2277,2971,78.84%,1839,511,2150
"Judge, County Court at Law No. 1, Unexpired Term",0538,433,237,870,1282,52.28%,17,831,848
"Judge, County Court at Law No. 1, Unexpired Term",0539,28,209,235,71,330.99%,48,187,213
"Judge, County Court at Law No. 1, Unexpired Term",0540,888,380,1048,1491,70.15%,458,477,935
"Judge, County Court at Law No. 1, Unexpired Term",0541,1824,779,2803,4183,82.23%,334,2143,2477
"Judge, County Court at Law No. 1, Unexpired Term",0542,997,501,1498,2525,59.33%,91,1357,1448
"Judge, County Court at Law No. 1, Unexpired Term",0543,287,378,885,1528,43.52%,208,421,829
"Judge, County Court at Law No. 1, Unexpired Term",0544,92,53,145,318,45.80%,18,123,139
"Judge, County Court at Law No. 1, Unexpired Term",0545,1314,857,2171,3339,65.02%,1002,1049,2051
"Judge, County Court at Law No. 1, Unexpired Term",0546,4,4,8,30,26.67%,2,6,8
"Judge, County Court at Law No. 1, Unexpired Term",0547,877,647,1524,2408,63.29%,1023,423,1446
"Judge, County Court at Law No. 1, Unexpired Term",0548,720,476,1196,2129,56.18%,512,621,1133
"Judge, County Court at Law No. 1, Unexpired Term",0549,944,586,1530,2530,60.47%,212,1260,1472
"Judge, County Court at Law No. 1, Unexpired Term",0550,1134,629,1763,2847,61.92%,858,841,1699
"Judge, County Court at Law No. 1, Unexpired Term",0551,3088,1527,4615,6135,75.22%,3258,1103,4361
"Judge, County Court at Law No. 1, Unexpired Term",0552,1521,844,2465,3241,76.06%,1996,353,2349
"Judge, County Court at Law No. 1, Unexpired Term",0553,1465,951,2416,4355,55.48%,1007,1296,2303
"Judge, County Court at Law No. 1, Unexpired Term",0554,562,340,902,1731,52.11%,135,707,842
"Judge, County Court at Law No. 1, Unexpired Term",0555,597,447,1044,2119,49.27%,174,818,992
"Judge, County Court at Law No. 1, Unexpired Term",0556,584,421,1005,2249,44.69%,210,746,956
"Judge, County Court at Law No. 1, Unexpired Term",0557,822,556,1378,2726,50.55%,431,835,1266
"Judge, County Court at Law No. 1, Unexpired Term",0558,1588,824,2412,4084,59.06%,736,1550,2286
"Judge, County Court at Law No. 1, Unexpired Term",0559,1787,899,2686,4633,57.98%,621,1913,2534
"Judge, County Court at Law No. 1, Unexpired Term",0560,172,289,461,1176,39.20%,95,331,426
"Judge, County Court at Law No. 1, Unexpired Term",0561,837,759,1596,3033,52.62%,863,647,1510
"Judge, County Court at Law No. 1, Unexpired Term",0562,201,146,347,645,53.80%,32,300,332
"Judge, County Court at Law No. 1, Unexpired Term",0563,1699,415,2114,2969,71.20%,1599,381,1980
"Judge, County Court at Law No. 1, Unexpired Term",0564,1150,713,1863,3096,60.17%,481,1239,1720
"Judge, County Court at Law No. 1, Unexpired Term",0565,315,194,509,1373,37.07%,89,389,478
"Judge, County Court at Law No. 1, Unexpired Term",0566,1122,478,1600,2950,54.24%,422,1109,1531
"Judge, County Court at Law No. 1, Unexpired Term",0567,672,394,1066,2198,48.50%,278,690,968
"Judge, County Court at Law No. 1, Unexpired Term",0568,1628,837,2465,3487,70.69%,1568,712,2280
"Judge, County Court at Law No. 1, Unexpired Term",0569,1294,865,2159,3249,66.45%,1144,838,1982
"Judge, County Court at Law No. 1, Unexpired Term",0570,525,409,934,1473,63.41%,394,450,844
"Judge, County Court at Law No. 1, Unexpired Term",0571,333,312,645,1758,36.69%,196,400,596
"Judge, County Court at Law No. 1, Unexpired Term",0572,1283,574,1857,2998,61.94%,846,902,1748
"Judge, County Court at Law No. 1, Unexpired Term",0573,577,368,945,1618,58.41%,10,911,921
"Judge, County Court at Law No. 1, Unexpired Term",0574,98,79,177,391,45.27%,19,145,164
"Judge, County Court at Law No. 1, Unexpired Term",0575,27,9,36,79,45.57%,32,3,35
"Judge, County Court at Law No. 1, Unexpired Term",0576,1050,552,1602,2671,59.98%,44,1508,1552
"Judge, County Court at Law No. 1, Unexpired Term",0577,231,113,344,573,60.03%,184,140,324
"Judge, County Court at Law No. 1, Unexpired Term",0578,745,553,1298,1689,76.85%,783,396,1179
"Judge, County Court at Law No. 1, Unexpired Term",0579,487,351,838,1806,46.40%,179,607,786
"Judge, County Court at Law No. 1, Unexpired Term",0580,429,146,575,1027,55.99%,13,549,562
"Judge, County Court at Law No. 1, Unexpired Term",0581,510,162,672,1041,64.55%,18,627,645
"Judge, County Court at Law No. 1, Unexpired Term",0582,614,256,870,1613,53.94%,49,793,842
"Judge, County Court at Law No. 1, Unexpired Term",0583,544,127,671,1248,53.77%,12,643,655
"Judge, County Court at Law No. 1, Unexpired Term",0584,392,139,531,971,54.69%,34,492,526
"Judge, County Court at Law No. 1, Unexpired Term",0585,934,304,1238,2403,51.52%,35,1170,1205
"Judge, County Court at Law No. 1, Unexpired Term",0585,1306,1189,2495,4230,58.98%,1487,898,2385
"Judge, County Court at Law No. 1, Unexpired Term",0587,933,465,1398,2174,64.31%,481,862,1343
"Judge, County Court at Law No. 1, Unexpired Term",0588,1536,871,2407,3468,69.41%,1663,636,2299
"Judge, County Court at Law No. 1, Unexpired Term",0589,1033,738,1771,3130,56.58%,904,785,1689
"Judge, County Court at Law No. 1, Unexpired Term",0590,1158,463,1621,2136,75.89%,1218,313,1531
"Judge, County Court at Law No. 1, Unexpired Term",0591,420,449,869,2114,41.11%,230,581,811
"Judge, County Court at Law No. 1, Unexpired Term",0592,370,288,658,1258,52.31%,154,476,630
"Judge, County Court at Law No. 1, Unexpired Term",0593,1148,999,2147,4059,52.89%,942,1090,2032
"Judge, County Court at Law No. 1, Unexpired Term",0594,1031,535,1566,2361,66.33%,435,1072,1507
"Judge, County Court at Law No. 1, Unexpired Term",0595,497,380,877,1647,53.25%,140,706,846
"Judge, County Court at Law No. 1, Unexpired Term",0596,945,690,1635,2848,57.41%,817,744,1561
"Judge, County Court at Law No. 1, Unexpired Term",0597,1067,719,1786,3267,54.67%,594,1115,1709
"Judge, County Court at Law No. 1, Unexpired Term",0598,335,103,438,724,60.50%,327,84,411
"Judge, County Court at Law No. 1, Unexpired Term",0599,1895,866,2761,4135,66.77%,915,1740,2655
"Judge, County Court at Law No. 1, Unexpired Term",0600,1383,869,2252,3820,58.95%,755,1375,2130
"Judge, County Court at Law No. 1, Unexpired Term",0601,2028,858,2886,3990,72.33%,2126,636,2762
"Judge, County Court at Law No. 1, Unexpired Term",0602,562,296,858,1237,69.36%,576,247,823
"Judge, County Court at Law No. 1, Unexpired Term",0603,1437,1163,2600,3917,66.38%,1523,974,2497
"Judge, County Court at Law No. 1, Unexpired Term",0604,1444,528,1972,2910,67.77%,1581,298,1879
"Judge, County Court at Law No. 1, Unexpired Term",0605,2227,889,3116,5251,59.34%,718,2258,2976
"Judge, County Court at Law No. 1, Unexpired Term",0606,420,122,542,1053,51.47%,5,520,525
"Judge, County Court at Law No. 1, Unexpired Term",0607,194,118,312,731,42.68%,19,277,296
"Judge, County Court at Law No. 1, Unexpired Term",0608,245,290,535,1256,42.60%,197,300,497
"Judge, County Court at Law No. 1, Unexpired Term",0609,1364,844,2208,3261,67.71%,1329,735,2064
"Judge, County Court at Law No. 1, Unexpired Term",0610,403,398,801,1825,43.89%,339,409,748
"Judge, County Court at Law No. 1, Unexpired Term",0611,1120,301,1421,2450,58.00%,38,1348,1386
"Judge, County Court at Law No. 1, Unexpired Term",0612,1700,579,2279,3272,69.65%,1682,449,2131
"Judge, County Court at Law No. 1, Unexpired Term",0613,495,309,804,1450,55.45%,120,651,771
"Judge, County Court at Law No. 1, Unexpired Term",0614,1631,812,2443,3932,62.13%,798,1534,2332
"Judge, County Court at Law No. 1, Unexpired Term",0615,931,404,1335,1926,69.31%,776,499,1275
"Judge, County Court at Law No. 1, Unexpired Term",0616,1352,970,2322,3378,68.74%,1570,622,2192
"Judge, County Court at Law No. 1, Unexpired Term",0617,1318,849,2167,3546,61.11%,750,1322,2072
"Judge, County Court at Law No. 1, Unexpired Term",0618,1920,1021,2941,5344,55.03%,1247,1566,2813
"Judge, County Court at Law No. 1, Unexpired Term",0619,2133,857,2990,4266,70.09%,2171,666,2837
"Judge, County Court at Law No. 1, Unexpired Term",0620,2382,856,3238,5271,61.43%,1533,1493,3026
"Judge, County Court at Law No. 1, Unexpired Term",0621,397,203,600,1173,51.15%,294,272,566
"Judge, County Court at Law No. 1, Unexpired Term",0622,1722,829,2551,4305,59.26%,1446,971,2417
"Judge, County Court at Law No. 1, Unexpired Term",0623,1708,626,2334,3481,67.05%,1442,743,2185
"Judge, County Court at Law No. 1, Unexpired Term",0624,9,0,9,16,56.25%,4,5,9
"Judge, County Court at Law No. 1, Unexpired Term",0625,862,454,1316,1796,73.27%,722,478,1200
"Judge, County Court at Law No. 1, Unexpired Term",0626,1148,655,1803,2838,63.53%,875,814,1689
"Judge, County Court at Law No. 1, Unexpired Term",0627,795,647,1442,2964,48.65%,418,935,1353
"Judge, County Court at Law No. 1, Unexpired Term",0628,292,456,748,1600,46.75%,316,391,707
"Judge, County Court at Law No. 1, Unexpired Term",0629,175,127,302,629,48.01%,22,273,295
"Judge, County Court at Law No. 1, Unexpired Term",0630,2018,535,2553,3190,80.03%,217,2241,2458
"Judge, County Court at Law No. 1, Unexpired Term",0631,1489,392,1881,2733,68.83%,1305,470,1775
"Judge, County Court at Law No. 1, Unexpired Term",0632,12,9,21,231,9.09%,6,12,18
"Judge, County Court at Law No. 1, Unexpired Term",0633,1782,678,2460,3257,75.53%,1738,598,2336
"Judge, County Court at Law No. 1, Unexpired Term",0634,1020,734,1754,2922,60.03%,1069,598,1667
"Judge, County Court at Law No. 1, Unexpired Term",0635,1326,706,2032,3280,61.95%,1513,421,1934
"Judge, County Court at Law No. 1, Unexpired Term",0636,1791,974,2765,3881,71.24%,2300,348,2648
"Judge, County Court at Law No. 1, Unexpired Term",0637,739,509,1248,2471,50.51%,302,839,1141
"Judge, County Court at Law No. 1, Unexpired Term",0638,740,684,1424,2078,68.53%,87,1276,1363
"Judge, County Court at Law No. 1, Unexpired Term",0639,828,711,1539,2501,61.54%,1186,283,1469
"Judge, County Court at Law No. 1, Unexpired Term",0640,1382,723,2105,3548,59.33%,1169,830,1999
"Judge, County Court at Law No. 1, Unexpired Term",0641,1265,878,2143,3375,63.50%,1288,753,2041
"Judge, County Court at Law No. 1, Unexpired Term",0642,871,447,1318,1779,74.09%,1060,190,1250
"Judge, County Court at Law No. 1, Unexpired Term",0643,2157,994,3151,5310,59.34%,1167,1831,2998
"Judge, County Court at Law No. 1, Unexpired Term",0644,2123,1204,3327,5261,63.24%,2053,1087,3140
"Judge, County Court at Law No. 1, Unexpired Term",0645,1639,895,2534,4035,62.80%,1151,1234,2385
"Judge, County Court at Law No. 1, Unexpired Term",0646,708,456,1164,2163,53.81%,340,761,1101
"Judge, County Court at Law No. 1, Unexpired Term",0647,1770,1020,2790,5593,49.88%,676,1896,2572
"Judge, County Court at Law No. 1, Unexpired Term",0648,1590,668,2258,3197,70.63%,1562,589,2151
"Judge, County Court at Law No. 1, Unexpired Term",0649,1389,854,2243,4426,50.68%,605,1517,2122
"Judge, County Court at Law No. 1, Unexpired Term",0650,1328,939,2267,3151,71.95%,1641,509,2150
"Judge, County Court at Law No. 1, Unexpired Term",0651,2085,1070,3155,4931,63.98%,1929,1060,2989
"Judge, County Court at Law No. 1, Unexpired Term",0652,1049,653,1702,2633,64.64%,261,1377,1638
"Judge, County Court at Law No. 1, Unexpired Term",0653,0,8,8,0,0.00%,2,6,8
"Judge, County Court at Law No. 1, Unexpired Term",0654,2103,1344,3447,5765,59.79%,1713,1528,3241
"Judge, County Court at Law No. 1, Unexpired Term",0655,2612,1451,4063,6304,64.45%,2472,1353,3825
"Judge, County Court at Law No. 1, Unexpired Term",0656,1198,421,1619,2622,61.75%,47,1517,1564
"Judge, County Court at Law No. 1, Unexpired Term",0657,490,268,758,1200,63.17%,289,428,717
"Judge, County Court at Law No. 1, Unexpired Term",0658,985,708,1693,2824,59.95%,1025,591,1616
"Judge, County Court at Law No. 1, Unexpired Term",0659,2141,1091,3232,4588,70.44%,2239,840,3079
"Judge, County Court at Law No. 1, Unexpired Term",0660,2460,932,3392,5048,67.19%,319,2952,3271
"Judge, County Court at Law No. 1, Unexpired Term",0661,1614,1012,2626,4179,62.84%,1379,1091,2470
"Judge, County Court at Law No. 1, Unexpired Term",0662,2477,999,3476,4807,72.31%,2731,595,3326
"Judge, County Court at Law No. 1, Unexpired Term",0663,1302,913,2215,3232,68.53%,1188,848,2036
"Judge, County Court at Law No. 1, Unexpired Term",0664,681,607,1288,2801,45.98%,292,933,1225
"Judge, County Court at Law No. 1, Unexpired Term",0665,951,394,1345,2007,67.02%,1063,210,1273
"Judge, County Court at Law No. 1, Unexpired Term",0666,0,1,1,0,0.00%,0,1,1
"Judge, County Court at Law No. 1, Unexpired Term",0657,989,547,1536,2181,70.43%,1150,293,1443
"Judge, County Court at Law No. 1, Unexpired Term",0668,927,655,1582,2458,64.36%,962,540,1502
"Judge, County Court at Law No. 1, Unexpired Term",0669,1606,823,2429,3243,74.90%,1668,617,2285
"Judge, County Court at Law No. 1, Unexpired Term",0670,1566,518,2084,2952,70.60%,1607,345,1952
"Judge, County Court at Law No. 1, Unexpired Term",0671,1090,773,1863,2942,63.32%,1061,680,1741
"Judge, County Court at Law No. 1, Unexpired Term",0672,2301,1078,3379,4710,71.74%,2183,1062,3245
"Judge, County Court at Law No. 1, Unexpired Term",0673,1376,643,2019,2988,67.57%,1525,376,1901
"Judge, County Court at Law No. 1, Unexpired Term",0674,2092,813,2905,4055,71.64%,2132,647,2779
"Judge, County Court at Law No. 1, Unexpired Term",0675,0,0,0,0,0.00%,0,0,0
"Judge, County Court at Law No. 1, Unexpired Term",0676,0,0,0,0,0.00%,0,0,0
"Judge, County Court at Law No. 1, Unexpired Term",0677,220,239,459,954,48.11%,125,307,432
"Judge, County Court at Law No. 1, Unexpired Term",0678,297,164,461,756,60.98%,307,117,424
"Judge, County Court at Law No. 1, Unexpired Term",0679,1466,661,2127,3331,63.85%,1538,462,2000
"Judge, County Court at Law No. 1, Unexpired Term",0680,56,22,78,181,43.09%,34,37,71
"Judge, County Court at Law No. 1, Unexpired Term",0681,1,0,1,5,20.00%,0,1,1
"Judge, County Court at Law No. 1, Unexpired Term",0682,1673,912,2585,4134,62.53%,1798,653,2451
"Judge, County Court at Law No. 1, Unexpired Term",0683,48,50,98,261,37.55%,26,66,92
"Judge, County Court at Law No. 1, Unexpired Term",0684,72,24,96,187,51.34%,57,31,88
"Judge, County Court at Law No. 1, Unexpired Term",0685,167,29,196,326,60.12%,89,93,182
"Judge, County Court at Law No. 1, Unexpired Term",0686,46,34,80,196,40.82%,17,58,75
"Judge, County Court at Law No. 1, Unexpired Term",0687,1084,641,1725,2497,69.08%,1133,467,1600
"Judge, County Court at Law No. 1, Unexpired Term",0688,1815,673,2488,3266,76.18%,1958,390,2348
"Judge, County Court at Law No. 1, Unexpired Term",0689,505,651,1156,2276,50.79%,523,535,1058
"Judge, County Court at Law No. 1, Unexpired Term",0690,1955,1115,3081,4184,73.64%,2350,573,2923
"Judge, County Court at Law No. 1, Unexpired Term",0691,10,2,12,34,35.29%,4,8,12
"Judge, County Court at Law No. 1, Unexpired Term",0692,999,717,1716,2626,65.35%,1233,393,1626
"Judge, County Court at Law No. 1, Unexpired Term",0693,303,116,419,651,64.36%,101,281,382
"Judge, County Court at Law No. 1, Unexpired Term",0694,420,137,557,817,68.18%,369,159,528
"Judge, County Court at Law No. 1, Unexpired Term",0695,454,320,774,1646,47.02%,460,277,737
"Judge, County Court at Law No. 1, Unexpired Term",0696,600,373,973,2098,46.38%,576,348,924
"Judge, County Court at Law No. 1, Unexpired Term",0697,1516,941,2457,4307,57.05%,541,1814,2355
"Judge, County Court at Law No. 1, Unexpired Term",0698,1137,659,1796,2948,60.92%,170,1560,1730
"Judge, County Court at Law No. 1, Unexpired Term",0699,1031,566,1597,2288,69.80%,1017,441,1458
"Judge, County Court at Law No. 1, Unexpired Term",0700,531,287,818,1313,62.30%,636,137,773
"Judge, County Court at Law No. 1, Unexpired Term",0701,142,115,257,554,46.39%,122,123,245
"Judge, County Court at Law No. 1, Unexpired Term",0702,150,123,273,549,49.73%,27,232,259
"Judge, County Court at Law No. 1, Unexpired Term",0703,742,616,1358,1845,73.60%,963,295,1258
"Judge, County Court at Law No. 1, Unexpired Term",0704,1334,701,2035,2882,70.61%,1591,337,1928
"Judge, County Court at Law No. 1, Unexpired Term",0705,358,238,596,1520,39.21%,53,520,573
"Judge, County Court at Law No. 1, Unexpired Term",0706,222,135,357,529,67.49%,169,177,346
"Judge, County Court at Law No. 1, Unexpired Term",0707,284,135,420,707,59.41%,240,153,393
"Judge, County Court at Law No. 1, Unexpired Term",0708,109,95,204,568,35.92%,96,96,192
"Judge, County Court at Law No. 1, Unexpired Term",0709,2996,1297,4293,6239,68.81%,2498,1613,4111
"Judge, County Court at Law No. 1, Unexpired Term",0710,877,602,1479,2023,73.11%,850,498,1348
"Judge, County Court at Law No. 1, Unexpired Term",0711,1492,701,2193,3351,65.44%,1302,744,2046
"Judge, County Court at Law No. 1, Unexpired Term",0712,1200,858,2058,3348,61.47%,814,1177,1991
"Judge, County Court at Law No. 1, Unexpired Term",0713,665,436,1101,1827,60.26%,557,489,1046
"Judge, County Court at Law No. 1, Unexpired Term",0714,77,3,80,304,26.32%,55,20,75
"Judge, County Court at Law No. 1, Unexpired Term",0715,405,326,731,1380,52.97%,351,337,688
"Judge, County Court at Law No. 1, Unexpired Term",0716,977,622,1599,2670,59.89%,1090,433,1523
"Judge, County Court at Law No. 1, Unexpired Term",0717,826,362,1188,1927,61.65%,156,978,1134
"Judge, County Court at Law No. 1, Unexpired Term",0718,1844,1019,2863,4050,70.69%,1892,752,2644
"Judge, County Court at Law No. 1, Unexpired Term",0719,508,260,768,1617,47.50%,404,314,718
"Judge, County Court at Law No. 1, Unexpired Term",0720,1575,1044,2619,3903,67.10%,1869,639,2508
"Judge, County Court at Law No. 1, Unexpired Term",0721,1334,637,1971,2842,69.35%,1294,531,1825
"Judge, County Court at Law No. 1, Unexpired Term",0722,1892,642,2534,4357,58.16%,154,2281,2435
"Judge, County Court at Law No. 1, Unexpired Term",0723,747,329,1076,1760,61.14%,228,798,1026
"Judge, County Court at Law No. 1, Unexpired Term",0724,325,170,495,716,69.13%,341,129,470
"Judge, County Court at Law No. 1, Unexpired Term",0725,953,329,1282,2124,60.36%,508,700,1208
"Judge, County Court at Law No. 1, Unexpired Term",0726,1141,304,1445,1987,72.72%,1233,149,1382
"Judge, County Court at Law No. 1, Unexpired Term",0727,931,466,1397,2488,56.15%,336,997,1333
"Judge, County Court at Law No. 1, Unexpired Term",0728,343,208,551,881,62.54%,302,214,516
"Judge, County Court at Law No. 1, Unexpired Term",0729,208,93,301,446,67.49%,175,111,286
"Judge, County Court at Law No. 1, Unexpired Term",0730,800,437,1237,1630,75.89%,812,321,1133
"Judge, County Court at Law No. 1, Unexpired Term",0731,121,36,157,373,42.09%,31,116,147
"Judge, County Court at Law No. 1, Unexpired Term",0732,701,543,1244,1895,65.65%,720,434,1154
"Judge, County Court at Law No. 1, Unexpired Term",0733,25,62,87,172,50.58%,28,51,79
"Judge, County Court at Law No. 1, Unexpired Term",0734,3209,1114,4323,5952,72.63%,2850,1298,4148
"Judge, County Court at Law No. 1, Unexpired Term",0735,9,0,9,23,39.1,3%,9,0,9
"Judge, County Court at Law No. 1, Unexpired Term",0736,6,1,7,21,33.33%,1,5,6
"Judge, County Court at Law No. 1, Unexpired Term",0737,25,5,30,53,56.60%,24,6,30
"Judge, County Court at Law No. 1, Unexpired Term",0738,470,219,689,1294,53.25%,81,588,669
"Judge, County Court at Law No. 1, Unexpired Term",0739,1005,490,1495,2872,52.05%,643,792,1435
"Judge, County Court at Law No. 1, Unexpired Term",0740,233,205,438,935,46.84%,225,193,418
"Judge, County Court at Law No. 1, Unexpired Term",0741,0,0,0,0,0.00%,0,0,0
"Judge, County Court at Law No. 1, Unexpired Term",0742,0,0,0,0,0.00%,0,0,0
"Judge, County Court at Law No. 1, Unexpired Term",0743,27,4,31,199,15.58%,13,16,29
"Judge, County Court at Law No. 1, Unexpired Term",0744,848,509,1357,2024,67.05%,868,403,1271
"Judge, County Court at Law No. 1, Unexpired Term",0745,1066,542,1608,2396,67.11%,1002,499,1501
"Judge, County Court at Law No. 1, Unexpired Term",0746,230,151,381,707,53.89%,172,172,344
"Judge, County Court at Law No. 1, Unexpired Term",0747,1200,873,2073,3490,59.40%,952,1037,1989
"Judge, County Court at Law No. 1, Unexpired Term",0748,420,307,727,1319,55.12%,316,362,678
"Judge, County Court at Law No. 1, Unexpired Term",0749,99,57,156,359,43.45%,26,116,142
"Judge, County Court at Law No. 1, Unexpired Term",0750,264,147,411,720,57.08%,231,156,387
"Judge, County Court at Law No. 1, Unexpired Term",0751,1664,1254,2918,4451,65.56%,1904,864,2768
"Judge, County Court at Law No. 1, Unexpired Term",0752,571,277,848,1511,56.12%,587,214,801
"Judge, County Court at Law No. 1, Unexpired Term",0753,106,61,167,260,64.23%,113,50,163
"Judge, County Court at Law No. 1, Unexpired Term",0754,0,0,0,0,0.00%,0,0,0
"Judge, County Court at Law No. 1, Unexpired Term",0755,1048,896,1944,3569,54.47%,720,1122,1842
"Judge, County Court at Law No. 1, Unexpired Term",0756,582,300,882,1539,57.31%,290,545,835
"Judge, County Court at Law No. 1, Unexpired Term",0757,1416,690,2106,3498,60.21%,327,1709,2036
"Judge, County Court at Law No. 1, Unexpired Term",0758,1996,783,2779,3781,73.50%,2176,422,2598
"Judge, County Court at Law No. 1, Unexpired Term",0759,1109,590,1699,2625,64.72%,994,597,1591
"Judge, County Court at Law No. 1, Unexpired Term",0760,2346,647,2993,4154,72.05%,2453,367,2820
"Judge, County Court at Law No. 1, Unexpired Term",0761,917,219,1136,1464,77.60%,815,233,1048
"Judge, County Court at Law No. 1, Unexpired Term",0762,0,0,0,0,0.00%,0,0,0
"Judge, County Court at Law No. 1, Unexpired Term",0763,255,308,563,1184,47.55%,193,336,529
"Judge, County Court at Law No. 1, Unexpired Term",0764,2270,1050,3320,4931,67.33%,2047,1116,3163
"Judge, County Court at Law No. 1, Unexpired Term",0765,1390,815,2205,3967,55.58%,759,1344,2103
"Judge, County Court at Law No. 1, Unexpired Term",0766,71,92,163,383,42.56%,38,107,145
"Judge, County Court at Law No. 1, Unexpired Term",0767,20,15,35,90,38.89%,22,10,32
"Judge, County Court at Law No. 1, Unexpired Term",0768,2854,1159,4013,5364,74.81%,3108,734,3842
"Judge, County Court at Law No. 1, Unexpired Term",0769,117,5,122,161,75.78%,5,112,117
"Judge, County Court at Law No. 1, Unexpired Term",0770,58,48,106,262,40.46%,43,57,100
"Judge, County Court at Law No. 1, Unexpired Term",0771,701,537,1238,2378,52.06%,610,559,1169
"Judge, County Court at Law No. 1, Unexpired Term",0772,2927,1002,3929,5617,69.95%,2902,834,3736
"Judge, County Court at Law No. 1, Unexpired Term",0773,892,550,1442,2648,54.46%,341,1022,1363
"Judge, County Court at Law No. 1, Unexpired Term",0774,116,74,190,301,63.12%,40,144,184
"Judge, County Court at Law No. 1, Unexpired Term",0775,33,1,34,83,40.96%,0,33,33
"Judge, County Court at Law No. 1, Unexpired Term",0776,1113,741,1854,2855,64.94%,1057,713,1770
"Judge, County Court at Law No. 1, Unexpired Term",0777,83,123,206,642,32.09%,54,145,199
"Judge, County Court at Law No. 1, Unexpired Term",0778,0,0,0,0,0.00%,0,0,0
"Judge, County Court at Law No. 1, Unexpired Term",0779,295,221,516,1146,45.03%,163,318,481
"Judge, County Court at Law No. 1, Unexpired Term",0780,136,114,250,579,43.18%,106,127,233
"Judge, County Court at Law No. 1, Unexpired Term",0781,1152,655,1807,3716,48.63%,653,972,1625
"Judge, County Court at Law No. 1, Unexpired Term",0782,851,532,1383,2188,63.21%,812,482,1294
"Judge, County Court at Law No. 1, Unexpired Term",0783,103,43,146,265,55.09%,75,60,135
"Judge, County Court at Law No. 1, Unexpired Term",0784,428,156,584,1071,54.53%,5,558,563
"Judge, County Court at Law No. 1, Unexpired Term",0785,66,55,121,310,39.03%,64,55,119
"Judge, County Court at Law No. 1, Unexpired Term",0786,193,277,470,1297,36.24%,140,307,447
"Judge, County Court at Law No. 1, Unexpired Term",0787,154,76,230,487,47.23%,75,137,212
"Judge, County Court at Law No. 1, Unexpired Term",0788,156,58,214,481,44.49%,70,132,202
"Judge, County Court at Law No. 1, Unexpired Term",0789,3,1,4,4,100.00%,1,2,3
"Judge, County Court at Law No. 1, Unexpired Term",0790,1,0,1,4,25.00%,0,1,1
"Judge, County Court at Law No. 1, Unexpired Term",0791,0,0,0,0,0.00%,0,0,0
"Judge, County Court at Law No. 1, Unexpired Term",0792,549,409,958,1834,52.24%,220,687,907
"Judge, County Court at Law No. 1, Unexpired Term",0793,889,338,1227,2437,50.35%,686,485,1171
"Judge, County Court at Law No. 1, Unexpired Term",0794,575,484,1059,2602,40.70%,73,943,1016
"Judge, County Court at Law No. 1, Unexpired Term",0795,265,255,520,1207,43.08%,152,317,469
"Judge, County Court at Law No. 1, Unexpired Term",0796,145,92,237,485,48.87%,111,113,224
"Judge, County Court at Law No. 1, Unexpired Term",0797,0,0,0,0,0.00%,0,0,0
"Judge, County Court at Law No. 1, Unexpired Term",0798,176,263,439,496,88.51%,128,268,396
"Judge, County Court at Law No. 1, Unexpired Term",0799,65,12,77,146,52.74%,16,58,74
"Judge, County Court at Law No. 1, Unexpired Term",0800,1188,795,1983,2817,70.39%,1300,563,1863
"Judge, County Court at Law No. 1, Unexpired Term",0801,68,55,123,253,48.62%,42,73,115
"Judge, County Court at Law No. 1, Unexpired Term",0802,98,58,156,299,52.17%,31,113,144
"Judge, County Court at Law No. 1, Unexpired Term",0803,1305,530,1935,2718,71.19%,1402,431,1833
"Judge, County Court at Law No. 1, Unexpired Term",0804,1806,960,2766,4348,63.62%,1609,1002,2611
"Judge, County Court at Law No. 1, Unexpired Term",0805,1509,529,2038,2812,72.48%,1595,334,1929
"Judge, County Court at Law No. 1, Unexpired Term",0806,0,0,0,0,0.00%,0,0,0
"Judge, County Court at Law No. 1, Unexpired Term",0807,652,402,1054,2001,52.67%,152,850,1002
"Judge, County Court at Law No. 1, Unexpired Term",0808,41,26,67,84,79.76%,28,30,58
"Judge, County Court at Law No. 1, Unexpired Term",0809,216,27,86,31.40%,8,17,25
"Judge, County Court at Law No. 1, Unexpired Term",0810,30,48,78,215,36.28%,20,50,70
"Judge, County Court at Law No. 1, Unexpired Term",0811,39,106,145,271,53.51%,32,104,136
"Judge, County Court at Law No. 1, Unexpired Term",0812,0,0,0,0,0.00%,0,0,0
"Judge, County Court at Law No. 1, Unexpired Term",0813,1967,1258,3225,5423,59.47%,1504,1598,3102
"Judge, County Court at Law No. 1, Unexpired Term",0814,1772,955,2727,4503,60.56%,596,2002,2598
"Judge, County Court at Law No. 1, Unexpired Term",0815,0,0,0,0,0.00%,0,0,0
"Judge, County Court at Law No. 1, Unexpired Term",0816,20,13,33,76,43.42%,6,26,32
"Judge, County Court at Law No. 1, Unexpired Term",0817,0,0,0,0,0.00%,0,0,0
"Judge, County Court at Law No. 1, Unexpired Term",0818,134,101,235,527,44.59%,46,181,227
"Judge, County Court at Law No. 1, Unexpired Term",0819,97,45,142,238,59.66%,89,33,122
"Judge, County Court at Law No. 1, Unexpired Term",0820,0,0,0,0,0.00%,0,0,0
"Judge, County Court at Law No. 1, Unexpired Term",0821,354,203,557,1206,46.19%,45,491,536
"Judge, County Court at Law No. 1, Unexpired Term",0822,584,282,866,1544,56.09%,23,813,836
"Judge, County Court at Law No. 1, Unexpired Term",0823,1849,1015,2864,4710,60.81%,1441,1273,2714
"Judge, County Court at Law No. 1, Unexpired Term",0824,984,471,1455,2729,53.32%,311,1089,1400
"Judge, County Court at Law No. 1, Unexpired Term",0825,0,0,0,0,0.00%,0,0,0
"Judge, County Court at Law No. 1, Unexpired Term",0826,153,89,242,342,70.76%,129,93,222
"Judge, County Court at Law No. 1, Unexpired Term",0827,169,186,355,997,35.61%,127,209,336
"Judge, County Court at Law No. 1, Unexpired Term",0828,1074,343,1417,1875,75.57%,1127,202,1329
"Judge, County Court at Law No. 1, Unexpired Term",0829,107,56,163,266,61.28%,35,123,158
"Judge, County Court at Law No. 1, Unexpired Term",0830,0,0,0,1,0.00%,0,0,0
"Judge, County Court at Law No. 1, Unexpired Term",0831,0,0,0,0,0.00%,0,0,0
"Judge, County Court at Law No. 1, Unexpired Term",0832,109,46,155,351,44.16%,43,103,146
"Judge, County Court at Law No. 1, Unexpired Term",0833,8,1,9,20,45.00%,0,9,9
"Judge, County Court at Law No. 1, Unexpired Term",0834,0,0,0,0,0.00%,0,0,0
"Judge, County Court at Law No. 1, Unexpired Term",0835,87,53,140,292,47.95%,38,95,133
"Judge, County Court at Law No. 1, Unexpired Term",0836,8,3,11,19,57.89%,0,9,9
"Judge, County Court at Law No. 1, Unexpired Term",0837,0,0,0,0,0.00%,0,0,0
"Judge, County Court at Law No. 1, Unexpired Term",0838,0,0,0,0,0.00%,0,0,0
"Judge, County Court at Law No. 1, Unexpired Term",0839,353,240,593,1122,52.85%,108,446,554
"Judge, County Court at Law No. 1, Unexpired Term",0840,712,251,963,1621,59.41%,305,619,924
"Judge, County Court at Law No. 1, Unexpired Term",0841,0,2,2,0,0.00%,0,2,2
"Judge, County Court at Law No. 1, Unexpired Term",0842,987,715,1702,3091,55.06%,736,879,1615
"Judge, County Court at Law No. 1, Unexpired Term",0843,0,2,2,0,0.00%,0,2,2
"Judge, County Court at Law No. 1, Unexpired Term",0844,2,4,6,1,3,46.1,5%,1,4,5
"Judge, County Court at Law No. 1, Unexpired Term",0845,85,10,95,100,95.00%,55,33,88
"Judge, County Court at Law No. 1, Unexpired Term",0846,70,29,99,210,47.14%,6,90,96
"Judge, County Court at Law No. 1, Unexpired Term",0847,795,321,1116,1804,61.86%,295,769,1064
"Judge, County Court at Law No. 1, Unexpired Term",0848,782,431,1213,1873,64.76%,365,789,1154
"Judge, County Court at Law No. 1, Unexpired Term",0849,553,514,1067,2073,51.47%,346,656,1002
"Judge, County Court at Law No. 1, Unexpired Term",0850,87,38,125,205,60.98%,52,67,119
"Judge, County Court at Law No. 1, Unexpired Term",0851,2192,816,3008,4317,69.68%,1913,938,2851
"Judge, County Court at Law No. 1, Unexpired Term",0852,0,4,4,2,200.00%,0,4,4
"Judge, County Court at Law No. 1, Unexpired Term",0853,1412,605,2017,2773,72.74%,1510,386,1896
"Judge, County Court at Law No. 1, Unexpired Term",0854,41,30,71,175,40.57%,6,63,69
"Judge, County Court at Law No. 1, Unexpired Term",0855,4,13,17,18,94.44%,9,8,17
"Judge, County Court at Law No. 1, Unexpired Term",0856,0,4,4,0,0.00%,1,2,3
"Judge, County Court at Law No. 1, Unexpired Term",0857,0,0,0,1,0.00%,0,0,0
"Judge, County Court at Law No. 1, Unexpired Term",0858,132,18,150,372,40.32%,4,141,145
"Judge, County Court at Law No. 1, Unexpired Term",0859,309,201,510,860,59.30%,101,397,498
"Judge, County Court at Law No. 1, Unexpired Term",0860,0,1,1,0,0.00%,0,1,1
"Judge, County Court at Law No. 1, Unexpired Term",0861,705,319,1024,1786,57.33%,176,815,991
"Judge, County Court at Law No. 1, Unexpired Term",0862,0,0,0,0,0.00%,0,0,0
"Judge, County Court at Law No. 1, Unexpired Term",0863,210,69,279,620,45.00%,9,263,272
"Judge, County Court at Law No. 1, Unexpired Term",0864,497,609,1106,2464,44.89%,269,775,1044
"Judge, County Court at Law No. 1, Unexpired Term",0865,9,2,11,23,47.83%,0,11,11
"Judge, County Court at Law No. 1, Unexpired Term",0866,0,0,0,0,0.00%,0,0,0
"Judge, County Court at Law No. 1, Unexpired Term",0867,0,0,0,0,0.00%,0,0,0
"Judge, County Court at Law No. 1, Unexpired Term",0868,573,586,1159,2292,50.57%,335,767,1102
"Judge, County Court at Law No. 1, Unexpired Term",0869,153,76,229,473,48.41%,36,183,219
"Judge, County Court at Law No. 1, Unexpired Term",0870,0,0,0,0,0.00%,0,0,0
"Judge, County Court at Law No. 1, Unexpired Term",0871,3,0,3,4,75.00%,0,3,3
"Judge, County Court at Law No. 1, Unexpired Term",0872,13,5,18,66,27.27%,9,7,16
"Judge, County Court at Law No. 1, Unexpired Term",0873,253,125,378,701,53.92%,85,284,369
"Judge, County Court at Law No. 1, Unexpired Term",0874,1534,748,2282,3107,73.45%,1706,458,2164
"Judge, County Court at Law No. 1, Unexpired Term",0875,1719,927,2646,4031,65.64%,1232,1298,2530
"Judge, County Court at Law No. 1, Unexpired Term",0876,1629,639,2268,3013,75.27%,1618,546,2164
"Judge, County Court at Law No. 1, Unexpired Term",0877,1030,642,1672,2480,67.42%,685,933,1618
"Judge, County Court at Law No. 1, Unexpired Term",0878,853,350,1203,1641,73.31%,990,151,1141
"Judge, County Court at Law No. 1, Unexpired Term",0879,890,527,1417,2334,60.71%,637,719,1356
"Judge, County Court at Law No. 1, Unexpired Term",0880,1068,472,1540,2007,76.73%,1146,307,1453
"Judge, County Court at Law No. 1, Unexpired Term",0881,1510,877,2387,3619,65.96%,740,1562,2302
"Judge, County Court at Law No. 1, Unexpired Term",0882,940,457,1397,2328,60.01%,765,566,1331
"Judge, County Court at Law No. 1, Unexpired Term",0883,1918,1042,2960,4651,63.64%,516,2352,2868
"Judge, County Court at Law No. 1, Unexpired Term",0884,118,37,155,330,46.97%,20,131,151
"Judge, County Court at Law No. 1, Unexpired Term",0885,1222,541,1763,2466,71.49%,1032,644,1676
"Judge, County Court at Law No. 1, Unexpired Term",0886,301,154,455,713,63.81%,235,171,406
"Judge, County Court at Law No. 1, Unexpired Term",0887,138,83,221,313,70.61%,121,72,193
"Judge, County Court at Law No. 1, Unexpired Term",0888,0,0,0,0,0.00%,0,0,0
"Judge, County Court at Law No. 1, Unexpired Term",0889,22,0,22,61,36.07%,14,8,22
"Judge, County Court at Law No. 1, Unexpired Term",0890,319,118,437,994,43.96%,167,239,406
"Judge, County Court at Law No. 1, Unexpired Term",0891,539,392,931,1413,65.89%,375,488,863
"Judge, County Court at Law No. 1, Unexpired Term",0892,193,130,323,696,46.41%,96,200,296
"Judge, County Court at Law No. 1, Unexpired Term",0893,1,0,1,5,20.00%,0,1,1
"Judge, County Court at Law No. 1, Unexpired Term",0894,0,31,31,0,0.00%,6,22,28
"Judge, County Court at Law No. 1, Unexpired Term",0895,335,325,660,784,84.18%,321,265,586
"Judge, County Court at Law No. 1, Unexpired Term",0896,670,303,973,1437,67.71%,388,493,881
"Judge, County Court at Law No. 1, Unexpired Term",0897,742,375,1117,1624,68.78%,607,457,1064
"Judge, County Court at Law No. 1, Unexpired Term",0898,0,0,0,2,0.00%,0,0,0
"Judge, County Court at Law No. 1, Unexpired Term",0899,4,0,4,8,50.00%,1,3,4
"Judge, County Court at Law No. 1, Unexpired Term",0900,5,0,5,12,41.67%,1,3,4
"Judge, County Court at Law No. 1, Unexpired Term",0901,0,0,0,0,0.00%,0,0,0
"Judge, County Court at Law No. 1, Unexpired Term",0902,865,621,1486,2065,71.96%,853,510,1363
"Judge, County Court at Law No. 1, Unexpired Term",0903,10,1,11,41,26.83%,6,4,10
"Judge, County Court at Law No. 1, Unexpired Term",0904,0,1,1,1,100.00%,0,1,1
"Judge, County Court at Law No. 1, Unexpired Term",0905,290,168,458,908,50.44%,177,241,418
"Judge, County Court at Law No. 1, Unexpired Term",0906,12,6,18,26,69.23%,9,8,17
"Judge, County Court at Law No. 1, Unexpired Term",0907,60,43,103,134,76.87%,19,82,101
"Judge, County Court at Law No. 1, Unexpired Term",0908,0,0,0,0,0.00%,0,0,0
"Judge, County Court at Law No. 1, Unexpired Term",0909,5,7,12,19,63.16%,5,6,11
"Judge, County Court at Law No. 1, Unexpired Term",0910,55,34,89,226,39.38%,35,47,82
"Judge, County Court at Law No. 1, Unexpired Term",0911,227,79,306,570,53.68%,193,92,285
"Judge, County Court at Law No. 1, Unexpired Term",0912,675,221,896,1235,72.55%,545,281,826
"Judge, County Court at Law No. 1, Unexpired Term",0913,0,0,0,0,0.00%,0,0,0
"Judge, County Court at Law No. 1, Unexpired Term",0914,169,67,236,221,106.79%,185,38,223
"Judge, County Court at Law No. 1, Unexpired Term",0915,0,0,0,0,0.00%,0,0,0
"Judge, County Court at Law No. 1, Unexpired Term",0916,604,182,786,1045,75.22%,633,113,746
"Judge, County Court at Law No. 1, Unexpired Term",0917,280,137,417,481,86.69%,288,93,381
"Judge, County Court at Law No. 1, Unexpired Term",0918,489,135,624,883,70.67%,477,99,576
"Judge, County Court at Law No. 1, Unexpired Term",0919,0,3,3,3,100.00%,1,2,3
"Judge, County Court at Law No. 1, Unexpired Term",0920,6,0,6,13,46.15%,6,0,6
"Judge, County Court at Law No. 1, Unexpired Term",0921,71,9,80,87,91.95%,61,18,79
"Judge, County Court at Law No. 1, Unexpired Term",0922,0,2,2,0,0.00%,1,1,2
"Judge, County Court at Law No. 1, Unexpired Term",0923,663,87,750,826,90.80%,562,157,719
"Judge, County Court at Law No. 1, Unexpired Term",0924,0,0,0,0,0.00%,0,0,0
"Judge, County Court at Law No. 1, Unexpired Term",0925,0,0,0,0,0.00%,0,0,0
"Judge, County Court at Law No. 1, Unexpired Term",0926,351,1,20,481,621,77.46%,359,96,455
"Judge, County Court at Law No. 1, Unexpired Term",0927,84,74,158,262,60.31%,76,73,149
"Judge, County Court at Law No. 1, Unexpired Term",0928,4,2,6,9,66.67%,0,6,6
"Judge, County Court at Law No. 1, Unexpired Term",0929,0,0,0,0,0.00%,0,0,0
"Judge, County Court at Law No. 1, Unexpired Term",0930,200,77,277,567,48.85%,6,264,270
"Judge, County Court at Law No. 1, Unexpired Term",0931,48,53,101,122,82.79%,48,37,85
"Judge, County Court at Law No. 1, Unexpired Term",0932,0,5,5,0,0.00%,1,4,5
"Judge, County Court at Law No. 1, Unexpired Term",0933,233,1,21,354,566,62.54%,89,248,337
"Judge, County Court at Law No. 1, Unexpired Term",0934,12,1,13,41,31.71%,5,8,13
"Judge, County Court at Law No. 1, Unexpired Term",0935,8,17,25,65,38.46%,11,12,23
"Judge, County Court at Law No. 1, Unexpired Term",0936,12,10,22,70,31.43%,7,12,19
"Judge, County Court at Law No. 1, Unexpired Term",0937,0,0,0,0,0.00%,0,0,0
"Judge, County Court at Law No. 1, Unexpired Term",0938,73,14,87,256,33.98%,27,57,84
"Judge, County Court at Law No. 1, Unexpired Term",0939,1,0,1,1,100.00%,0,1,1
"Judge, County Court at Law No. 1, Unexpired Term",0940,1,0,1,13,7.69%,0,1,1
"Judge, County Court at Law No. 1, Unexpired Term",0941,13,9,22,25,88.00%,20,2,22
"Judge, County Court at Law No. 1, Unexpired Term",0942,68,24,92,159,57.86%,71,14,85
"Judge, County Court at Law No. 1, Unexpired Term",0943,296,63,359,536,66.98%,248,77,325
"Judge, County Court at Law No. 1, Unexpired Term",0944,30,6,36,39,92.31%,30,3,33
"Judge, County Court at Law No. 1, Unexpired Term",0945,4,7,11,16,68.75%,0,8,8
"Judge, County Court at Law No. 1, Unexpired Term",0946,3,3,6,14,42.86%,0,4,4
"Judge, County Court at Law No. 1, Unexpired Term",0947,320,292,612,822,74.45%,315,229,544
"Judge, County Court at Law No. 1, Unexpired Term",0948,0,0,0,0,0.00%,0,0,0
"Judge, County Court at Law No. 1, Unexpired Term",0949,59,37,96,201,47.76%,41,49,90
"Judge, County Court at Law No. 1, Unexpired Term",0950,0,0,0,0,0.00%,0,0,0
"Judge, County Court at Law No. 1, Unexpired Term",0951,79,44,123,218,56.42%,24,97,121
"Judge, County Court at Law No. 1, Unexpired Term",0952,24,16,40,70,57.14%,19,16,35
"Judge, County Court at Law No. 1, Unexpired Term",0953,59,52,111,420,26.43%,7,103,110
"Judge, County Court at Law No. 1, Unexpired Term",0954,0,0,0,0,0.00%,0,0,0
"Judge, County Court at Law No. 1, Unexpired Term",0955,5,20,25,18,138.89%,15,9,24
"Judge, County Court at Law No. 1, Unexpired Term",0956,5,2,7,12,58.33%,4,3,7
"Judge, County Court at Law No. 1, Unexpired Term",0957,261,115,376,551,68.24%,54,309,363
"Judge, County Court at Law No. 1, Unexpired Term",0958,289,266,555,989,56.12%,117,410,527
"Judge, County Court at Law No. 1, Unexpired Term",0959,0,4,4,0,0.00%,0,4,4
"Judge, County Court at Law No. 1, Unexpired Term",0960,362,143,505,586,86.18%,139,350,489
"Judge, County Court at Law No. 1, Unexpired Term",0961,23,11,34,53,64.15%,7,27,34
"Judge, County Court at Law No. 1, Unexpired Term",0962,24,13,37,73,50.68%,9,24,33
"Judge, County Court at Law No. 1, Unexpired Term",0963,129,69,198,353,56.09%,105,77,182
"Judge, County Court at Law No. 1, Unexpired Term",0964,945,447,1392,1571,88.61%,834,500,1334
"Judge, County Court at Law No. 1, Unexpired Term",0965,93,27,120,355,33.80%,76,36,112
"Judge, County Court at Law No. 1, Unexpired Term",0966,305,160,465,1073,43.34%,126,313,439
"Judge, County Court at Law No. 1, Unexpired Term",0967,48,15,63,98,64.29%,26,35,61
"Judge, County Court at Law No. 1, Unexpired Term",0968,243,83,326,517,63.06%,66,252,318
"Judge, County Court at Law No. 1, Unexpired Term",0969,335,82,417,584,71.40%,1,401,402
"Judge, County Court at Law No. 1, Unexpired Term",0970,212,76,288,704,40.91%,27,242,269
"Judge, County Court at Law No. 1, Unexpired Term",0971,27,21,48,129,37.21%,1,47,48
"Judge, County Court at Law No. 1, Unexpired Term",0972,10,7,17,29,58.62%,11,5,16
"Judge, County Court at Law No. 1, Unexpired Term",0973,49,24,73,107,68.22%,40,29,69
"Judge, County Court at Law No. 1, Unexpired Term",0974,100,71,171,299,57.19%,107,56,163
"Judge, County Court at Law No. 1, Unexpired Term",0975,72,41,113,170,66.47%,53,50,103
"Judge, County Court at Law No. 1, Unexpired Term",0976,159,131,290,684,42.40%,157,110,267
"Judge, County Court at Law No. 1, Unexpired Term",0977,104,83,187,535,34.95%,68,109,177
"Judge, County Court at Law No. 1, Unexpired Term",0978,201,102,303,506,59.88%,53,238,291
"Judge, County Court at Law No. 1, Unexpired Term",0979,56,11,26,42.31%,11,0,11
"Judge, County Court at Law No. 1, Unexpired Term",0980,595,356,951,1323,71.88%,675,215,890
"Judge, County Court at Law No. 1, Unexpired Term",0981,0,0,0,0,0.00%,0,0,0
"Judge, County Court at Law No. 1, Unexpired Term",0982,534,218,752,1021,73.65%,575,138,713
"Judge, County Court at Law No. 1, Unexpired Term",0983,41,28,69,165,41.82%,38,27,65
"Judge, County Court at Law No. 1, Unexpired Term",0984,43,49,92,198,46.46%,6,83,89
"Judge, County Court at Law No. 1, Unexpired Term",0985,172,67,239,336,71.13%,123,99,222
"Judge, County Court at Law No. 1, Unexpired Term",0986,129,86,215,404,53.22%,19,183,202
"Judge, County Court at Law No. 1, Unexpired Term",0987,465,191,656,1138,57.64%,49,587,636
"Judge, County Court at Law No. 1, Unexpired Term",0988,44,21,65,111,58.56%,52,10,62
"Judge, County Court at Law No. 1, Unexpired Term",0989,18,8,26,36,72.22%,11,14,25
"Judge, County Court at Law No. 1, Unexpired Term",0990,37,15,52,154,33.77%,15,31,46
"Judge, County Court at Law No. 1, Unexpired Term",0991,0,0,0,1,0.00%,0,0,0
"Judge, County Court at Law No. 1, Unexpired Term",0992,309,202,511,1015,50.34%,280,209,489
"Judge, County Court at Law No. 1, Unexpired Term",0993,272,91,363,551,65.88%,283,58,341
"Judge, County Court at Law No. 1, Unexpired Term",0994,6,5,11,8,137.50%,2,8,10
"Judge, County Court at Law No. 1, Unexpired Term",0995,596,190,786,1269,61.94%,31,722,753
"Judge, County Court at Law No. 1, Unexpired Term",0996,297,125,422,699,60.37%,233,160,393
"Judge, County Court at Law No. 1, Unexpired Term",0997,429,328,757,1439,52.61%,119,617,736
"Judge, County Court at Law No. 1, Unexpired Term",0998,15,9,24,35,68.57%,16,7,23
"Judge, County Court at Law No. 1, Unexpired Term",0999,30,16,46,65,70.77%,36,7,43
"Judge, County Court at Law No. 1, Unexpired Term",1000,105,0,105,458,22.93%,15,83,98
"Judge, County Court at Law No. 1, Unexpired Term",1001,496,294,790,1566,50.45%,151,593,744
"Judge, County Court at Law No. 1, Unexpired Term",1002,464,314,778,1738,44.76%,88,657,745
"Judge, County Court at Law No. 1, Unexpired Term",1003,0,0,0,1,0.00%,0,0,0
"Judge, County Court at Law No. 1, Unexpired Term",1004,224,153,377,656,57.47%,186,145,331
"Judge, County Court at Law No. 1, Unexpired Term",1005,0,0,0,0,0.00%,0,0,0
"Judge, County Court at Law No. 1, Unexpired Term",1006,3,0,3,5,60.00%,3,0,3
"Judge, County Court at Law No. 1, Unexpired Term",1007,555,295,850,1371,62.00%,205,614,819
"Judge, County Court at Law No. 1, Unexpired Term",1008,86,21,107,150,71.33%,82,19,101
"Judge, County Court at Law No. 1, Unexpired Term",1009,3,1,4,8,50.00%,2,0,2
"Judge, County Court at Law No. 1, Unexpired Term",1010,124,74,198,317,62.46%,29,162,191
"Judge, County Court at Law No. 1, Unexpired Term",1011,12,3,15,29,51.72%,5,7,12
"Judge, County Court at Law No. 1, Unexpired Term",1012,395,318,713,1235,57.73%,193,492,685
"Judge, County Court at Law No. 1, Unexpired Term",1013,8,14,22,60,36.67%,15,7,22
"Judge, County Court at Law No. 1, Unexpired Term",1014,9,7,16,36,44.44%,3,13,16
"Judge, County Court at Law No. 1, Unexpired Term",1015,11,7,18,29,62.07%,4,13,17
"Judge, County Court at Law No. 1, Unexpired Term",1016,591,364,955,1626,58.73%,423,488,911
"Judge, County Court at Law No. 1, Unexpired Term",1017,127,50,177,232,76.29%,48,122,170
"Judge, County Court at Law No. 1, Unexpired Term",1018,209,92,301,468,64.32%,138,155,293
"Judge, County Court at Law No. 1, Unexpired Term",1019,426,4,430,1518,28.33%,16,396,412
"Judge, County Court at Law No. 1, Unexpired Term",1020,0,0,0,1,0.00%,0,0,0
"Judge, County Court at Law No. 1, Unexpired Term",1021,1,0,1,2,50.00%,0,1,1
"Judge, County Court at Law No. 1, Unexpired Term",1022,190,30,220,426,51.64%,169,41,210
"Judge, County Court at Law No. 1, Unexpired Term",1023,894,401,1295,1964,65.94%,824,397,1221
"Judge, County Court at Law No. 1, Unexpired Term",1024,113,77,190,259,73.36%,98,72,170
"Judge, County Court at Law No. 1, Unexpired Term",1025,4,0,4,18,22.22%,1,3,4
"Judge, County Court at Law No. 1, Unexpired Term",1026,0,0,0,0,0.00%,0,0,0
"Judge, County Court at Law No. 1, Unexpired Term",1027,0,1,1,1,100.00%,0,0,0
"Judge, County Court at Law No. 1, Unexpired Term",1028,0,1,1,0,0.00%,1,0,1
"Judge, County Court at Law No. 1, Unexpired Term",1029,1021,641,1662,1802,92.23%,1274,292,1566
"Judge, County Court at Law No. 1, Unexpired Term",1030,397,105,502,655,76.64%,433,51,484
"Judge, County Court at Law No. 1, Unexpired Term",1031,3,3,6,6,100.00%,5,1,6
"Judge, County Court at Law No. 1, Unexpired Term",1032,59,80,139,241,57.68%,96,33,129
"Judge, County Court at Law No. 1, Unexpired Term",1033,0,0,0,0,0.00%,0,0,0
"Judge, County Court at Law No. 1, Unexpired Term",1034,0,0,0,1,0.00%,0,0,0
"Judge, County Court at Law No. 1, Unexpired Term",1035,24,13,37,139,26.62%,4,32,36
"Judge, County Court at Law No. 1, Unexpired Term",1036,144,46,190,433,43.88%,145,35,180
"Judge, County Court at Law No. 1, Unexpired Term",1037,27,16,43,73,58.90%,22,14,36
"Judge, County Court at Law No. 1, Unexpired Term",1038,133,43,176,266,66.17%,10,163,173
"Judge, County Court at Law No. 1, Unexpired Term",1039,3,5,8,20,40.00%,1,7,8
"Judge, County Court at Law No. 1, Unexpired Term",1040,192,146,338,607,55.68%,179,137,316
"Judge, County Court at Law No. 1, Unexpired Term",1041,0,0,0,0,0.00%,0,0,0
"Judge, County Court at Law No. 1, Unexpired Term",1042,227,50,277,498,55.62%,82,190,272
"Judge, County Court at Law No. 1, Unexpired Term",1043,12,2,14,31,45.16%,3,11,14
"Judge, County Court at Law No. 1, Unexpired Term",1044,29,5,34,59,57.63%,7,26,33
"Judge, County Court at Law No. 1, Unexpired Term",1045,611,321,932,1439,64.77%,120,778,898
"Judge, County Court at Law No. 1, Unexpired Term",1046,19,18,37,54,68.52%,5,31,36
"Judge, County Court at Law No. 1, Unexpired Term",1047,553,288,851,1242,68.52%,257,559,816
"Judge, County Court at Law No. 1, Unexpired Term",1048,3,1,4,18,22.22%,2,2,4
"Judge, County Court at Law No. 1, Unexpired Term",1049,57,71,128,266,48.12%,40,82,122
"Judge, County Court at Law No. 1, Unexpired Term",1050,148,153,301,506,59.49%,61,225,286
"Judge, County Court at Law No. 1, Unexpired Term",1,051,0,1,2,1,2,0,0.00%,7,4,1,1
"Judge, County Court at Law No. 1, Unexpired Term",1052,0,2,2,0,0.00%,1,0,1
"Judge, County Court at Law No. 1, Unexpired Term",1053,0,0,0,0,0.00%,0,0,0
"Judge, County Court at Law No. 1, Unexpired Term",1054,0,0,0,1,0.00%,0,0,0
"Judge, County Court at Law No. 1, Unexpired Term",1055,0,0,0,0,0.00%,0,0,0
"Judge, County Court at Law No. 1, Unexpired Term",1056,4,0,4,6,66.67%,0,4,4
"Judge, County Court at Law No. 1, Unexpired Term",1057,34,7,41,115,35.65%,2,36,38
"Judge, County Court at Law No. 1, Unexpired Term",1058,540,246,786,1190,66.05%,123,629,752
"Judge, County Court at Law No. 1, Unexpired Term",1059,7,3,10,23,43.48%,1,9,10
"Judge, County Court at Law No. 1, Unexpired Term",1060,13,4,17,49,34.69%,9,8,17
"Judge, County Court at Law No. 1, Unexpired Term",1061,665,300,965,1613,59.83%,511,411,922
"Judge, County Court at Law No. 1, Unexpired Term",1062,59,25,85,168,50.60%,20,61,81
"Judge, County Court at Law No. 1, Unexpired Term",1063,226,63,289,792,36.49%,30,249,279
"Judge, County Court at Law No. 1, Unexpired Term",1064,45,1,46,120,38.33%,33,11,44
"Judge, County Court at Law No. 1, Unexpired Term",Totals:,774640,427100,1201740,1942566,,567906,563939,1131845
